5 0.4959765625 0.5270555555555556 0.054656249999999997 0.24090277777777777
5 0.8895546875000001 0.5475833333333333 0.0528125 0.2520277777777778
5 0.3948125 0.5750972222222223 0.07515625000000001 0.22333333333333336
6 0.647546875 0.7547777777777779 0.055132812499999996 0.19119444444444444
5 0.338890625 0.33687500000000004 0.0463359375 0.19175
5 0.35748437499999997 0.595125 0.09929687499999999 0.2706527777777778
5 0.8176718749999999 0.5549305555555556 0.06982031250000001 0.21991666666666668
5 0.4308515625 0.36488888888888893 0.05339843749999999 0.1947777777777778
5 0.6285703125000001 0.504875 0.057906250000000006 0.23302777777777778
5 0.70153125 0.590875 0.062421875 0.27925
6 0.135375 0.32140277777777776 0.0550625 0.19680555555555554
5 0.232140625 0.6148888888888889 0.11905468749999999 0.24879166666666666
6 0.84996875 0.3508611111111111 0.039015625 0.19083333333333335
0 0.799 0.17051388888888888 0.062953125 0.132375
2 0.7697265625 0.2358888888888889 0.0323203125 0.06513888888888889
1 0.2908515625 0.6431388888888889 0.0160078125 0.027847222222222225