5 0.46080468750000003 0.4038055555555556 0.04428125 0.206125
5 0.8832656249999999 0.5216388888888889 0.0540859375 0.2357361111111111
5 0.6119296875 0.6288055555555556 0.067609375 0.2525
5 0.3588828125 0.397625 0.0538828125 0.17897222222222225
5 0.319453125 0.5212361111111111 0.0633515625 0.207625
6 0.9103515625 0.3531388888888889 0.038070312499999995 0.18259722222222222
5 0.9814609375 0.5370277777777778 0.037078125 0.2556388888888889
0 0.8675859375 0.17058333333333334 0.052625 0.14159722222222224
5 0.6733046875 0.5376527777777778 0.0631953125 0.23684722222222224
5 0.1691328125 0.5162916666666667 0.0546484375 0.228125
6 0.7148125000000001 0.7761111111111111 0.0561484375 0.21627777777777776
6 0.1858671875 0.32306944444444446 0.0420703125 0.19465277777777779
5 0.612109375 0.4771527777777778 0.047484375 0.16956944444444444
2 0.8474453125 0.24119444444444443 0.0419140625 0.06795833333333333
1 0.173234375 0.6056388888888888 0.0165546875 0.030430555555555554