0 0.869515625 0.18113888888888888 0.0517734375 0.1438472222222222
5 0.8836718749999999 0.5043888888888889 0.052445312499999994 0.22672222222222224
5 0.311515625 0.5006388888888889 0.0573125 0.20402777777777778
5 0.45840625 0.4191111111111111 0.0429453125 0.22418055555555555
6 0.71671875 0.7754166666666666 0.0539921875 0.22325
5 0.6375703125000001 0.6374027777777778 0.06589843749999999 0.2505555555555556
5 0.9854296874999999 0.5264444444444445 0.029140624999999996 0.24027777777777778
6 0.915421875 0.3575416666666667 0.0391171875 0.18868055555555555
5 0.1702890625 0.51 0.052203124999999996 0.23265277777777776
5 0.7033828125 0.5589027777777779 0.0838828125 0.229375
6 0.1888671875 0.32595833333333335 0.0447890625 0.19065277777777778
5 0.3592109375 0.425625 0.0466875 0.16125
2 0.8485078125 0.2456388888888889 0.0329296875 0.06718055555555555
5 0.6001562500000001 0.5142916666666667 0.054171875 0.21891666666666668
5 0.66603125 0.5521805555555556 0.0501484375 0.22706944444444446
1 0.1783984375 0.5557777777777778 0.01475 0.025194444444444446