0 0.8780546875 0.18108333333333332 0.047109374999999995 0.15413888888888888
5 0.8838984375000001 0.5071944444444445 0.052437500000000005 0.22930555555555554
5 0.3110234375 0.5018750000000001 0.0522734375 0.20905555555555558
5 0.1691171875 0.5062361111111111 0.05559375 0.22820833333333335
5 0.6557578125 0.6405138888888889 0.0715078125 0.26766666666666666
6 0.7190234375 0.7787777777777778 0.0537578125 0.22619444444444448
5 0.456625 0.44179166666666664 0.047421875 0.2244861111111111
6 0.9171796875 0.36069444444444443 0.03728125 0.18004166666666666
5 0.5940390625 0.52975 0.0572265625 0.22468055555555558
5 0.9862890625 0.5278472222222222 0.027421875000000002 0.22806944444444446
5 0.358609375 0.4209444444444444 0.043640625 0.2033472222222222
5 0.7107187500000001 0.5540277777777778 0.071046875 0.23908333333333331
6 0.189640625 0.3308333333333333 0.0431015625 0.192
2 0.8504921875000001 0.2504861111111111 0.034859375 0.06793055555555555
5 0.6671015625 0.5282916666666667 0.044921875 0.18584722222222222
1 0.175515625 0.4957361111111111 0.01653125 0.025805555555555554