0 0.7539609375 0.16919444444444443 0.0442265625 0.15287499999999998
5 0.27349999999999997 0.6158194444444445 0.06889062500000001 0.2591388888888889
5 0.41335156250000005 0.6402638888888889 0.0523359375 0.22084722222222222
5 0.318140625 0.3186111111111111 0.042140625 0.1929722222222222
6 0.6051562500000001 0.7604861111111111 0.053570312499999995 0.1990972222222222
5 0.35731250000000003 0.6011388888888889 0.0838125 0.25726388888888885
5 0.43395312500000005 0.3658194444444444 0.0504375 0.14554166666666668
5 0.8490781249999999 0.5866666666666667 0.054390625000000005 0.23293055555555556
6 0.8078984374999999 0.36154166666666665 0.039718750000000004 0.167625
5 0.657515625 0.5743472222222222 0.0954296875 0.2665
7 0.7827968750000001 0.050166666666666665 0.025460937500000003 0.10031944444444445
2 0.7277265625 0.2405972222222222 0.03290625 0.06729166666666667
5 0.44410937500000003 0.5332916666666667 0.053828125000000004 0.22345833333333331
6 0.1336328125 0.32516666666666666 0.027515625 0.19627777777777777
5 0.7840234374999999 0.5953888888888889 0.0952265625 0.25558333333333333
1 0.2558420318285123 0.5773888075156545 0.2585462276075615 0.5756990747335193 0.25996199969414274 0.5767301665737479 0.26024813430887145 0.5784512625539266 0.26024813430887145 0.5807525949266509 0.26024813430887145 0.5825266175956836 0.25976297615674604 0.5853493743345628 0.25960750040516045 0.5871733879151771 0.25787968366287123 0.5920994912397903 0.2578317245026384 0.5934050162315221 0.2568718823053185 0.5965335693199478 0.25627095077140255 0.6015596475762283 0.2551501282955385 0.6014939785113729 0.25096399756643784 0.6020565657828045 0.2487085757916038 0.5999169561454105 0.24649505044449332 0.598135090953993 0.24711361972324108 0.5929012340949851 0.24889822612746132 0.5876732487905217 0.2532464380404978 0.5830206000249875