5 0.46104687499999997 0.3915555555555556 0.0445859375 0.21408333333333332
5 0.8866171875 0.522611111111111 0.050765625 0.23316666666666666
5 0.174515625 0.5295416666666667 0.064109375 0.22941666666666669
0 0.8698515625000001 0.17243055555555556 0.0510859375 0.14358333333333334
5 0.9800703125 0.5246805555555555 0.0398515625 0.2546111111111111
5 0.32101562499999997 0.5347777777777778 0.052625 0.21824999999999997
6 0.9126328125000001 0.3551666666666667 0.035859375 0.180375
6 0.7084296875 0.7701666666666667 0.052234375 0.21716666666666667
5 0.5855625 0.6235277777777778 0.106375 0.2555
6 0.1798125 0.3213611111111111 0.049570312500000005 0.18733333333333332
5 0.6411875 0.5256944444444445 0.0466875 0.23681944444444444
5 0.3615390625 0.37840277777777775 0.049296875000000004 0.20230555555555554
1 0.16525 0.5214305555555556 0.0165859375 0.028847222222222222
5 0.6174999999999999 0.4993888888888889 0.054070312499999995 0.24291666666666667
2 0.837375 0.23612499999999997 0.036078125 0.06648611111111111
5 0.6678828125 0.5539861111111111 0.055429687500000005 0.2695416666666667