5 0.581515625 0.628263888888889 0.11011718749999999 0.2541527777777778
5 0.8842343749999999 0.5299027777777777 0.051375000000000004 0.22913888888888886
5 0.9785703124999999 0.5338333333333334 0.042859375 0.24990277777777778
0 0.8657187499999999 0.18179166666666666 0.0469765625 0.13630555555555557
6 0.907625 0.3471666666666667 0.039070312499999996 0.17965277777777777
5 0.459578125 0.40016666666666667 0.041921875 0.2100138888888889
6 0.7057734375 0.7707638888888889 0.0600546875 0.21747222222222223
5 0.3249296875 0.5328194444444444 0.058296875000000005 0.21988888888888888
6 0.1833515625 0.32372222222222224 0.045234375 0.18555555555555556
5 0.362359375 0.3798611111111111 0.038859375 0.19076388888888887
2 0.845375 0.24097222222222223 0.035867187499999995 0.07102777777777777
5 0.66578125 0.5551666666666667 0.054765625 0.2615277777777778
5 0.6235625 0.480625 0.05421875 0.19666666666666666
5 0.176296875 0.5326944444444445 0.052937500000000005 0.24784722222222222
5 0.6517109375000001 0.4678611111111111 0.0342578125 0.13281944444444443
1 0.1662578125 0.5322916666666667 0.0180234375 0.03195833333333334