5 0.459375 0.40741666666666665 0.0445859375 0.21408333333333332
5 0.8866171875 0.522611111111111 0.050765625 0.23316666666666666
5 0.1707578125 0.5291388888888889 0.054703125 0.22941666666666669
0 0.8698515625000001 0.17243055555555556 0.0510859375 0.14358333333333334
5 0.9839609375 0.5246805555555555 0.0320859375 0.2546111111111111
5 0.3175 0.5150277777777778 0.0614765625 0.20794444444444443
6 0.9126328125000001 0.3551666666666667 0.035859375 0.180375
6 0.715640625 0.7714305555555555 0.052234375 0.21716666666666667
5 0.598109375 0.6370277777777779 0.0954921875 0.25808333333333333
6 0.181984375 0.3242777777777778 0.049570312500000005 0.18065277777777777
5 0.690390625 0.5488333333333334 0.0660859375 0.23827777777777778
5 0.3613359375 0.39143055555555556 0.049296875000000004 0.20230555555555554
1 0.16809375 0.5628888888888889 0.0165859375 0.028847222222222222
5 0.614359375 0.4799722222222222 0.0477890625 0.16934722222222223
2 0.8452109374999999 0.24579166666666666 0.036078125 0.06648611111111111
5 0.6651171875 0.5539861111111111 0.055429687500000005 0.2695416666666667