5 0.31417968749999997 0.5644305555555555 0.06591406250000001 0.21963888888888888
0 0.748734375 0.19654166666666664 0.0433984375 0.14758333333333334
5 0.38967968750000004 0.6156388888888888 0.066703125 0.2464861111111111
5 0.8054140625 0.6124166666666666 0.0726484375 0.28623611111111114
5 0.43784375000000003 0.4005138888888889 0.05 0.16384722222222223
6 0.5981640625 0.7958888888888889 0.052914062500000004 0.2145
5 0.44571875 0.5694583333333333 0.0594609375 0.2263611111111111
6 0.8058046875 0.39577777777777773 0.043609375 0.17843055555555556
5 0.7402421875 0.6259583333333333 0.057265625 0.2251388888888889
7 0.77859375 0.06395833333333333 0.024203125 0.12791666666666665
7 0.988796875 0.12197222222222222 0.02240625 0.11459722222222223
5 0.8681875 0.6340694444444444 0.0517109375 0.26026388888888885
5 0.6987734375 0.5678194444444444 0.0480625 0.2573472222222222
5 0.35040625 0.34933333333333333 0.036843749999999995 0.19087500000000002
5 0.47342968750000003 0.5442638888888889 0.0609609375 0.2155277777777778
6 0.149984375 0.34570833333333334 0.040054687500000005 0.19904166666666667
2 0.7248984375 0.2639444444444444 0.030820312500000002 0.067125