5 0.88396875 0.5034861111111111 0.0516875 0.22425
5 0.31332031250000003 0.5073888888888889 0.058374999999999996 0.2162638888888889
6 0.7167890625 0.7768055555555555 0.053851562500000005 0.22394444444444445
5 0.45853124999999995 0.4234027777777778 0.04371875 0.22122222222222224
5 0.9858203124999999 0.525 0.028359375 0.238375
0 0.87425 0.17229166666666668 0.04109375 0.14058333333333334
6 0.9164218749999999 0.3593333333333334 0.037859375 0.18518055555555557
5 0.1761796875 0.5114444444444445 0.058078125 0.24095833333333336
5 0.643578125 0.6506527777777779 0.07270312500000001 0.23162500000000003
6 0.18882812499999999 0.3262222222222222 0.0470078125 0.19180555555555553
5 0.706265625 0.5513611111111112 0.0640703125 0.24644444444444444
5 0.35867187500000003 0.4184027777777778 0.04271875 0.188125
2 0.8498125 0.2467222222222222 0.0352109375 0.06943055555555556
5 0.664140625 0.5524444444444444 0.0522734375 0.23804166666666665
5 0.593578125 0.5256944444444445 0.05352343750000001 0.22086111111111112
1 0.17763281250000001 0.532625 0.017460937500000002 0.025972222222222223