5 0.7607421875 0.8551944444444445 0.088625 0.289625
6 0.482296875 0.9049583333333334 0.059546875 0.19008333333333335
5 0.5379453125 0.7253888888888889 0.058890624999999995 0.2815416666666667
6 0.715234375 0.43061111111111117 0.0439765625 0.2066388888888889
7 0.6974609375 0.06295833333333332 0.0288046875 0.12590277777777778
5 0.4485390625 0.5801527777777777 0.0604765625 0.24469444444444446
5 0.47575 0.5369027777777777 0.050109375 0.2798333333333333
5 0.6655625 0.6118333333333333 0.06021875 0.28622222222222227
5 0.6045234374999999 0.7020694444444444 0.07896875 0.329625
5 0.358203125 0.4352638888888889 0.06284375 0.2343472222222222
0 0.6675625000000001 0.21970833333333334 0.06987499999999999 0.14081944444444444
7 0.9492734374999999 0.10873611111111112 0.0391328125 0.129625
5 0.22356250000000003 0.3895138888888889 0.045882812499999995 0.2227777777777778
5 0.40173437500000003 0.5189583333333333 0.0482890625 0.2545138888888889
2 0.6284921875 0.2996388888888889 0.040859374999999996 0.07022222222222223
5 0.628 0.3937361111111111 0.050523437500000004 0.35118055555555555
1 0.6249453125 0.25655555555555554 0.016710937500000002 0.03252777777777778