5 0.9782734375000001 0.5315277777777777 0.043453124999999995 0.25798611111111114
5 0.5995 0.6288194444444445 0.09453125 0.23933333333333331
5 0.8871171875 0.5321944444444444 0.057843750000000006 0.22680555555555557
5 0.46290624999999996 0.407125 0.0430625 0.21202777777777776
5 0.31906249999999997 0.5268611111111111 0.05859375 0.2131388888888889
6 0.9094843750000001 0.3499722222222222 0.039625 0.18968055555555555
5 0.667796875 0.5342638888888889 0.05736718750000001 0.24302777777777776
5 0.1719921875 0.5306388888888889 0.0557421875 0.23333333333333334
6 0.7116484375 0.7769305555555556 0.059375 0.222875
0 0.8637578124999999 0.18019444444444446 0.0501484375 0.14600000000000002
5 0.35957812499999997 0.3881527777777778 0.045234375 0.2003888888888889
5 0.6192421875 0.4981527777777778 0.051546875000000006 0.23502777777777778
2 0.845765625 0.24647222222222223 0.0364296875 0.07325000000000001
6 0.182984375 0.32398611111111114 0.0454453125 0.19725
1 0.1686953125 0.5615833333333333 0.017460937500000002 0.027305555555555555