5 0.460125 0.4053194444444444 0.04509375 0.2108888888888889
5 0.8842812500000001 0.5123333333333333 0.051203125 0.23718055555555556
5 0.31960937500000003 0.5158333333333333 0.06503125 0.2064861111111111
6 0.9121953125 0.3533194444444444 0.037101562500000004 0.18094444444444444
5 0.17217968749999998 0.5162638888888889 0.0582890625 0.23048611111111109
5 0.9826953125 0.5272361111111111 0.034609375 0.2546388888888889
5 0.6189375 0.6333333333333333 0.06869531250000001 0.2521805555555555
0 0.8679765625 0.170875 0.0525859375 0.1389861111111111
6 0.7142109375000001 0.7715833333333333 0.051046875000000005 0.22043055555555557
5 0.3598984375 0.3991805555555556 0.055265625 0.1882083333333333
6 0.18685156249999998 0.3228333333333333 0.0430234375 0.19569444444444445
5 0.68565625 0.5525833333333333 0.0690625 0.2340833333333333
5 0.5979765625 0.5261527777777778 0.0712890625 0.25690277777777776
5 0.66571875 0.5400694444444445 0.053140625 0.22895833333333332
1 0.17671874999999998 0.6359722222222222 0.0167265625 0.029194444444444443
2 0.8502109375 0.24518055555555557 0.0367109375 0.06770833333333333
3 0.17683593749999998 0.6508055555555555 0.01471875 0.010138888888888888