5 0.8682578124999999 0.4851388888888889 0.051859375 0.22458333333333333
5 0.8004453125 0.5865972222222222 0.0736015625 0.2449861111111111
5 0.36184375 0.5100694444444445 0.05053125000000001 0.22359722222222222
5 0.4525625 0.5124027777777778 0.05352343750000001 0.23327777777777778
5 0.975734375 0.5135833333333333 0.0485234375 0.240875
5 0.3014609375 0.48280555555555554 0.059343749999999994 0.2076388888888889
0 0.8810859375 0.19556944444444443 0.0483984375 0.1441111111111111
5 0.167484375 0.4936527777777778 0.04959375 0.20326388888888888
6 0.7243593749999999 0.7952638888888889 0.054296875 0.2134722222222222
5 0.7251953125 0.6357777777777778 0.082875 0.22055555555555556
6 0.9196406250000001 0.369375 0.0370546875 0.18859722222222222
5 0.6144375 0.5935833333333334 0.06934375000000001 0.267
5 0.5927265625 0.5625416666666666 0.0607421875 0.2146111111111111
1 0.16219531250000002 0.5198472222222222 0.0167734375 0.029277777777777774
2 0.8594921875000001 0.2631805555555556 0.0456875 0.0642361111111111
6 0.1876875 0.34208333333333335 0.044414062500000004 0.19173611111111113