0 0.6439765625 0.23398611111111112 0.07025 0.19549999999999998
5 0.1319609375 0.407375 0.0744140625 0.2315
6 0.4502265625 0.9268194444444444 0.0729375 0.1463611111111111
5 0.4186484375 0.5763333333333333 0.0620859375 0.3033194444444444
5 0.6220234375 0.5947638888888889 0.0699453125 0.31943055555555555
5 0.6522265625 0.8766111111111111 0.073390625 0.24676388888888887
6 0.705796875 0.4393333333333333 0.048570312500000004 0.22705555555555554
5 0.32503125 0.5059722222222223 0.11163281249999998 0.23324999999999999
5 0.260953125 0.46770833333333334 0.048007812500000004 0.22655555555555557
5 0.4883828125 0.7614444444444445 0.10590625000000001 0.3260277777777778
7 0.9387812500000001 0.12070833333333333 0.0470390625 0.12886111111111112
4 0.6094453125 0.30362500000000003 0.05125 0.07002777777777779
5 0.638203125 0.45749999999999996 0.0856875 0.3200972222222222
5 0.4801640625 0.5260833333333333 0.0499921875 0.208625
5 0.47596875 0.7410833333333334 0.0454453125 0.29151388888888885
7 0.676578125 0.06902777777777779 0.03584375 0.13805555555555557