5 0.45493750000000005 0.5301388888888888 0.054656249999999997 0.24090277777777777
5 0.8488906249999999 0.5612083333333333 0.037515625000000004 0.24541666666666664
5 0.40418750000000003 0.5758888888888889 0.0555390625 0.22333333333333336
6 0.6225390625 0.7575138888888888 0.055132812499999996 0.19119444444444444
5 0.3161796875 0.32393055555555555 0.0463359375 0.19175
5 0.359234375 0.5784027777777777 0.0589375 0.2516111111111111
5 0.788296875 0.5568194444444445 0.06982031250000001 0.21991666666666668
5 0.4191640625 0.3612361111111111 0.05339843749999999 0.1947777777777778
5 0.622 0.527125 0.053015625 0.2547361111111111
5 0.7051640625 0.6073888888888889 0.0731796875 0.27925
6 0.12383593749999999 0.32315277777777773 0.0393515625 0.19680555555555554
5 0.2872734375 0.6550416666666666 0.07746875 0.23690277777777777
6 0.8143125 0.3469861111111111 0.039015625 0.19083333333333335
0 0.78040625 0.16993055555555556 0.062953125 0.132375
2 0.7417109375 0.23718055555555556 0.0323203125 0.06513888888888889
1 0.3164921875 0.6446527777777777 0.0160078125 0.027847222222222225
7 0.799515625 0.05159722222222222 0.0258125 0.10318055555555557