6 0.6961484375 0.42945833333333333 0.05921875 0.2525833333333333
5 0.397578125 0.5722638888888889 0.075390625 0.312375
5 0.5139765625 0.8902916666666667 0.0769453125 0.21388888888888888
5 0.47368750000000004 0.7449305555555555 0.08334375000000001 0.33268055555555553
5 0.6541640625 0.5884027777777777 0.093125 0.34223611111111113
6 0.4438046875 0.9412916666666666 0.095046875 0.11741666666666667
5 0.3244453125 0.8015416666666667 0.13509374999999998 0.3624444444444444
5 0.49827343749999997 0.5604722222222223 0.0671640625 0.255625
5 0.03003125 0.4313194444444445 0.058046875 0.21330555555555558
5 0.1505234375 0.5065277777777778 0.086515625 0.2437777777777778
5 0.5827656250000001 0.533875 0.06621875 0.3283055555555556
0 0.6431484375000001 0.1892083333333333 0.070546875 0.22401388888888887
5 0.11696875 0.47215277777777775 0.06294531249999999 0.24805555555555556
2 0.6094296875 0.2865972222222222 0.046468749999999996 0.07809722222222222
7 0.9714140625000001 0.07818055555555556 0.0571640625 0.15634722222222222