5 0.7845546875 0.6315694444444445 0.0665078125 0.3037638888888889
5 0.61165625 0.3395 0.05248437500000001 0.2411111111111111
5 0.4792734375 0.42 0.0803203125 0.3002222222222222
6 0.710171875 0.276 0.062468749999999997 0.19215277777777778
5 0.467765625 0.34720833333333334 0.0651796875 0.19794444444444445
5 0.3255546875 0.5374305555555555 0.0725625 0.29354166666666665
5 0.15140625000000002 0.3914861111111111 0.06571875 0.28630555555555554
5 0.1546796875 0.20565277777777777 0.044078125 0.16848611111111111
6 0.0884453125 0.7810277777777779 0.0819765625 0.2581805555555555
5 0.186546875 0.294875 0.055609375 0.23397222222222222
1 0.6260753478561532 0.2904520968225336 0.6236884272011523 0.29175698701795844 0.6211585894298227 0.29539697977406565 0.6199927608177067 0.2990512135075211 0.6215566225834441 0.3075860072680969 0.6228130981619324 0.3126037434304662 0.6265656857173544 0.31776239780577414 0.6299341502305565 0.3179460494918216 0.6336879947951929 0.31285560634110315 0.6336922164487812 0.30738437252701173 0.6281147835541105 0.2971030404275353 0.6271399491911298 0.2951661041216822 0.6275561141097412 0.2917464933888318