5 0.6706796875000001 0.5327638888888888 0.0605078125 0.2296388888888889
5 0.461421875 0.4031388888888889 0.042812499999999996 0.20444444444444443
5 0.6081953125 0.6263472222222223 0.080859375 0.24880555555555553
5 0.3187890625 0.5247499999999999 0.06109375 0.21302777777777776
5 0.8837187500000001 0.52325 0.056343750000000005 0.22695833333333332
5 0.9794765625 0.5430972222222222 0.0410546875 0.25045833333333334
6 0.9121015625 0.353375 0.037890625 0.18654166666666666
5 0.169078125 0.5292638888888889 0.0536328125 0.2305
6 0.7130546875 0.7765694444444444 0.056921875 0.2171111111111111
5 0.362421875 0.39322222222222225 0.0473203125 0.19395833333333334
6 0.185453125 0.3237638888888889 0.0461953125 0.19552777777777777
0 0.86825 0.17147222222222222 0.0526640625 0.142125
2 0.846703125 0.246 0.038093749999999996 0.07322222222222222
5 0.612921875 0.4958194444444445 0.0472109375 0.20456944444444444
1 0.1712734375 0.5916250000000001 0.0170234375 0.02988888888888889