5 0.8464609375000001 0.6916666666666667 0.049875 0.2029305555555556
6 0.5566796875 0.8375138888888889 0.059546875 0.20277777777777778
5 0.6547890625 0.6679027777777777 0.06637499999999999 0.24188888888888888
6 0.7756328124999999 0.3992638888888889 0.0439765625 0.19118055555555558
7 0.7646328125 0.065375 0.0244765625 0.11690277777777779
5 0.4220390625 0.5625972222222222 0.0765625 0.23948611111111112
2 0.6926015624999999 0.27575 0.040859374999999996 0.07022222222222223
5 0.48140625000000004 0.5108611111111111 0.060625 0.24620833333333333
5 0.5963125 0.5626249999999999 0.0842890625 0.24155555555555555
5 0.72128125 0.5621111111111111 0.0591640625 0.19731944444444444
5 0.7375859375 0.6361666666666667 0.060640625000000004 0.285
5 0.42178125 0.38347222222222227 0.059265625 0.13427777777777777
0 0.7172265624999999 0.20623611111111112 0.052703124999999997 0.15345833333333334
7 0.984796875 0.12725 0.029375000000000002 0.129625
5 0.331171875 0.357375 0.0434296875 0.2105
5 0.4012421875 0.4739861111111111 0.049328125 0.25540277777777776
6 0.1043203125 0.363875 0.055921874999999996 0.2078611111111111
1 0.4711875 0.2525277777777778 0.016546875 0.030375000000000003