5 0.453609375 0.3764722222222222 0.0445859375 0.20198611111111112
5 0.863703125 0.53875 0.050765625 0.23316666666666666
5 0.19784375 0.5649583333333333 0.067203125 0.2559444444444444
0 0.8609140625 0.17151388888888888 0.0647734375 0.14358333333333334
5 0.9596015625 0.5486805555555556 0.0398515625 0.2546111111111111
5 0.339125 0.5593611111111111 0.0764921875 0.23093055555555558
6 0.89746875 0.34979166666666667 0.035859375 0.180375
6 0.7003125 0.7701666666666667 0.052234375 0.21716666666666667
5 0.469703125 0.6055416666666666 0.10979687499999999 0.269125
6 0.1693828125 0.3236527777777778 0.040054687500000005 0.18733333333333332
5 0.5975312500000001 0.5285 0.0466875 0.23681944444444444
5 0.369703125 0.35184722222222226 0.049296875000000004 0.20230555555555554
1 0.18484375 0.5447083333333333 0.0183046875 0.028847222222222222
5 0.6373203125 0.49509722222222224 0.054070312499999995 0.24291666666666667
2 0.8261875 0.2367361111111111 0.036078125 0.06648611111111111
5 0.6696171875 0.5594027777777778 0.07664062499999999 0.26908333333333334