5 0.7129296875 0.6035833333333334 0.095453125 0.25316666666666665
5 0.41899218749999995 0.35458333333333336 0.048984375000000004 0.1678472222222222
5 0.7776875000000001 0.5545555555555555 0.0662265625 0.21293055555555557
5 0.838015625 0.5687083333333334 0.060750000000000005 0.24779166666666666
5 0.2877109375 0.6603055555555556 0.0748203125 0.2165
5 0.3589921875 0.5775833333333333 0.0655703125 0.2594027777777778
5 0.619421875 0.5445833333333334 0.050015624999999994 0.25416666666666665
5 0.4161796875 0.6001805555555555 0.0715625 0.2137222222222222
5 0.3156796875 0.3238888888888889 0.044937500000000005 0.18090277777777777
6 0.6116953125 0.761263888888889 0.0518828125 0.20279166666666665
5 0.4469609375 0.522625 0.062382812499999996 0.2239722222222222
6 0.8076953124999999 0.3537222222222222 0.0401640625 0.18318055555555554
0 0.76053125 0.17029166666666667 0.05053125000000001 0.1457638888888889
2 0.738546875 0.24122222222222223 0.0400625 0.06425
7 0.7939609375 0.043000000000000003 0.029453125000000004 0.08600000000000001
6 0.1233671875 0.32787499999999997 0.057374999999999995 0.20827777777777778