0 0.8781171875 0.1801527777777778 0.050875000000000004 0.15483333333333335
5 0.72896875 0.5623194444444445 0.06643750000000001 0.24484722222222222
5 0.665875 0.646875 0.0742734375 0.24431944444444445
5 0.45349218750000003 0.451375 0.050492187499999994 0.22008333333333335
5 0.3108984375 0.4999444444444444 0.0580234375 0.20725
5 0.880546875 0.5083888888888889 0.058578125 0.2214861111111111
6 0.722546875 0.7841805555555555 0.0570390625 0.22070833333333334
6 0.9177890625 0.36291666666666667 0.038820312499999995 0.18668055555555554
5 0.36265625 0.43093055555555554 0.048843750000000005 0.1947361111111111
5 0.597234375 0.5506111111111112 0.06021875 0.2372638888888889
5 0.1695 0.5074722222222222 0.0596796875 0.22540277777777776
5 0.9871640625 0.5263194444444445 0.0256640625 0.23305555555555557
6 0.18625 0.3345138888888889 0.0499296875 0.19280555555555554
2 0.8595937499999999 0.24715277777777775 0.0368203125 0.060361111111111115
5 0.66140625 0.5147638888888889 0.0435703125 0.129125
1 0.1690390625 0.46979166666666666 0.019328124999999998 0.03125