5 0.793921875 0.5916527777777778 0.08678125 0.23420833333333332
5 0.300421875 0.4832638888888889 0.0574453125 0.20498611111111112
0 0.8803671874999999 0.19598611111111114 0.0498984375 0.14309722222222224
5 0.8714375000000001 0.48787499999999995 0.050859375 0.22608333333333333
5 0.9777578124999999 0.5119583333333334 0.044484375 0.22833333333333333
5 0.36365625 0.5009305555555555 0.05450000000000001 0.2033472222222222
5 0.45140624999999995 0.5064027777777778 0.049125 0.23916666666666664
5 0.71340625 0.6292222222222222 0.0651953125 0.19791666666666666
6 0.9199296875 0.3733888888888889 0.036375000000000005 0.19383333333333333
5 0.6288046875 0.597875 0.06902343749999999 0.2617916666666667
6 0.725359375 0.7952083333333333 0.0581953125 0.20758333333333334
5 0.16989062500000002 0.4930138888888889 0.0527734375 0.208625
5 0.5987109375 0.5634444444444444 0.06121875 0.2171111111111111
2 0.8562734375 0.2667083333333333 0.0368046875 0.06929166666666667
6 0.188015625 0.336375 0.045015625 0.17808333333333334
7 0.9108437500000001 0.09401388888888888 0.025242187500000002 0.07884722222222222
1 0.16017187500000002 0.5012083333333334 0.0199921875 0.030194444444444444