5 0.7896875 0.5941111111111111 0.09135156250000001 0.23834722222222224
0 0.8805859375 0.1961388888888889 0.049265625 0.14434722222222224
5 0.36436718749999997 0.49761111111111106 0.0551875 0.21218055555555557
5 0.875328125 0.48733333333333334 0.0534296875 0.21055555555555555
5 0.3006328125 0.48751388888888886 0.056351562499999994 0.2023611111111111
5 0.45052343749999996 0.494 0.0488046875 0.21333333333333332
6 0.7251484375 0.7916388888888889 0.057999999999999996 0.21522222222222223
5 0.9796171875 0.5155416666666667 0.040757812500000004 0.23230555555555554
5 0.63559375 0.5960138888888888 0.0674921875 0.24887499999999999
5 0.7015703125 0.6235 0.0633671875 0.19774999999999998
6 0.9206171875000001 0.37409722222222225 0.0386171875 0.19654166666666664
5 0.5994609375 0.5627083333333333 0.0593984375 0.21762499999999999
2 0.8576953125 0.2673055555555556 0.028000000000000004 0.06947222222222223
5 0.1771796875 0.48301388888888885 0.06628125 0.230375
6 0.188109375 0.3343333333333333 0.0444765625 0.1750972222222222
7 0.9106640625000001 0.09377777777777777 0.026390625 0.07879166666666666
1 0.15910156250000002 0.48891666666666667 0.017984375 0.029416666666666667