0 0.6411875 0.19345833333333332 0.07025 0.19549999999999998
5 0.063875 0.40186111111111106 0.0807265625 0.25195833333333334
6 0.4502265625 0.9268194444444444 0.0729375 0.1463611111111111
5 0.4066875 0.5621944444444444 0.0620859375 0.2925277777777778
5 0.6268281250000001 0.5922222222222222 0.07954687499999999 0.3143472222222222
5 0.5972578125 0.8931944444444445 0.073390625 0.21361111111111114
6 0.7044374999999999 0.43080555555555555 0.048570312500000004 0.244125
5 0.25456249999999997 0.4951944444444445 0.092296875 0.22688888888888892
5 0.20721875 0.41794444444444445 0.048007812500000004 0.22655555555555557
5 0.43286718750000003 0.7595694444444444 0.10590625000000001 0.3260277777777778
7 0.9547734374999999 0.107875 0.0470390625 0.133
5 0.6067265625 0.38833333333333336 0.069890625 0.17820833333333333
5 0.48892187500000006 0.5290138888888889 0.0675078125 0.2027638888888889
5 0.4731953125 0.7354999999999999 0.055757812500000004 0.30804166666666666
7 0.676578125 0.06902777777777779 0.03584375 0.13805555555555557
1 0.6455078125 0.32787499999999997 0.0198203125 0.03908333333333333
4 0.6062421875 0.29270833333333335 0.05125 0.07002777777777779