5 0.331890625 0.5493888888888889 0.09084375 0.21518055555555557
5 0.43360937499999996 0.40847222222222224 0.0531875 0.1756111111111111
0 0.746296875 0.197 0.045046875 0.13381944444444444
6 0.59546875 0.8040694444444444 0.049953125 0.20502777777777778
5 0.37815625 0.5938749999999999 0.07943750000000001 0.21405555555555555
5 0.8007890625 0.6205277777777778 0.0845078125 0.26625
5 0.4633828125 0.5769305555555555 0.0595 0.22318055555555555
7 0.9885468749999999 0.12180555555555556 0.0228984375 0.11247222222222222
5 0.352578125 0.34756944444444443 0.047132812499999996 0.18254166666666669
6 0.8055546874999999 0.40134722222222224 0.039171875 0.20101388888888888
5 0.8708359375000001 0.6559444444444444 0.05736718750000001 0.275875
5 0.7242031250000001 0.6465000000000001 0.053968749999999996 0.2231111111111111
5 0.702984375 0.5718055555555556 0.060875 0.25133333333333335
7 0.77490625 0.06701388888888889 0.0248828125 0.12309722222222222
2 0.7221093749999999 0.27444444444444444 0.0326640625 0.07215277777777779
6 0.1480390625 0.34755555555555556 0.032953125 0.2023611111111111
5 0.49031250000000004 0.5382638888888889 0.059843749999999994 0.23068055555555556