5 0.734234375 0.8605694444444445 0.08996875 0.27884722222222225
6 0.482296875 0.9049583333333334 0.059546875 0.19008333333333335
5 0.510046875 0.7360972222222222 0.060343749999999995 0.30648611111111107
6 0.7060625 0.4373194444444444 0.0439765625 0.2066388888888889
7 0.6974609375 0.06295833333333332 0.0288046875 0.12590277777777778
5 0.42982031249999997 0.5749722222222222 0.060625 0.272
5 0.4698828125 0.5458888888888889 0.050109375 0.2798333333333333
5 0.6358828125 0.6137083333333333 0.06021875 0.28622222222222227
5 0.5695078125 0.7340138888888889 0.07896875 0.329625
5 0.3266484375 0.44855555555555554 0.06284375 0.2343472222222222
0 0.6445546875 0.22506944444444446 0.070921875 0.17245833333333332
7 0.9492734374999999 0.10873611111111112 0.0391328125 0.129625
5 0.1892109375 0.3930972222222222 0.050070312500000005 0.239625
5 0.3844765625 0.5002638888888888 0.0609453125 0.2501527777777778
5 0.6390703125 0.4544027777777778 0.0833125 0.31905555555555554
1 0.6203046875 0.4085138888888889 0.013804687500000001 0.02834722222222222
4 0.6176171874999999 0.3070833333333333 0.040859374999999996 0.07022222222222223