0 0.8771015625 0.18393055555555557 0.0580078125 0.15588888888888888
5 0.7412265625 0.5670416666666667 0.0684296875 0.23159722222222223
5 0.30939843749999996 0.502375 0.06331250000000001 0.21818055555555557
5 0.4516796875 0.4580972222222222 0.04796875 0.2224861111111111
5 0.16600781250000002 0.5119166666666667 0.049703125 0.22606944444444446
5 0.8815078125 0.5083888888888889 0.056609374999999997 0.22630555555555557
5 0.36484375 0.4484027777777778 0.051875000000000004 0.19140277777777778
5 0.670296875 0.6426527777777777 0.0645703125 0.24956944444444445
6 0.9186796875000001 0.36509722222222224 0.03875 0.19329166666666664
6 0.7238984375 0.7846805555555556 0.056203125 0.21666666666666667
5 0.5959921875 0.5509583333333333 0.05571875 0.24075
5 0.98771875 0.5289722222222223 0.0245546875 0.2115
6 0.1873125 0.3442777777777778 0.046156249999999996 0.1812777777777778
2 0.8559531249999999 0.24872222222222223 0.0331328125 0.059472222222222225
5 0.6491953125000001 0.5788055555555556 0.0627109375 0.2599722222222222
1 0.1652109375 0.4621944444444444 0.018125 0.03298611111111111