5 0.164203125 0.3981527777777778 0.0592421875 0.24483333333333335
6 0.4570546875 0.9198194444444444 0.0729375 0.1603611111111111
5 0.42972656249999996 0.5776944444444444 0.0615625 0.29200000000000004
5 0.62246875 0.6028333333333333 0.0690546875 0.3032777777777778
5 0.6951484375 0.8675972222222221 0.0787109375 0.26480555555555557
6 0.705796875 0.4393333333333333 0.048570312500000004 0.22705555555555554
5 0.3451953125 0.4956527777777778 0.0928515625 0.23256944444444444
5 0.31364843750000004 0.46284722222222224 0.0763046875 0.23587500000000003
5 0.5534375 0.7476111111111111 0.108125 0.3205
7 0.9387812500000001 0.12070833333333333 0.0470390625 0.12886111111111112
4 0.612359375 0.2988472222222222 0.045328125000000004 0.05673611111111111
5 0.638203125 0.45749999999999996 0.0856875 0.3200972222222222
5 0.4801640625 0.5260833333333333 0.0499921875 0.208625
5 0.48793749999999997 0.740875 0.0454453125 0.29151388888888885
7 0.676578125 0.06902777777777779 0.03584375 0.13805555555555557
0 0.6439765625 0.23398611111111112 0.07025 0.19549999999999998