0 0.7539609375 0.16919444444444443 0.0442265625 0.15287499999999998
5 0.27349999999999997 0.6158194444444445 0.06889062500000001 0.2591388888888889
5 0.41335156250000005 0.6402638888888889 0.0523359375 0.22084722222222222
5 0.32623437499999997 0.32579166666666665 0.042140625 0.1929722222222222
6 0.6051562500000001 0.7604861111111111 0.053570312499999995 0.1990972222222222
5 0.35731250000000003 0.6011388888888889 0.0838125 0.25726388888888885
5 0.43395312500000005 0.3658194444444444 0.0504375 0.14554166666666668
5 0.8490781249999999 0.5866666666666667 0.054390625000000005 0.23293055555555556
6 0.8078984374999999 0.36154166666666665 0.039718750000000004 0.167625
5 0.6634609375 0.5822083333333333 0.074515625 0.2507638888888889
7 0.7827968750000001 0.050166666666666665 0.025460937500000003 0.10031944444444445
2 0.7298281249999999 0.253 0.03290625 0.06729166666666667
5 0.44410937500000003 0.5332916666666667 0.053828125000000004 0.22345833333333331
6 0.1336328125 0.32516666666666666 0.027515625 0.19627777777777777
5 0.797890625 0.6062361111111111 0.0952265625 0.25558333333333333
5 0.75478125 0.5981388888888889 0.051890625 0.1842222222222222
1 0.25299218749999997 0.5713194444444445 0.0170625 0.03163888888888889