0 0.6439765625 0.23398611111111112 0.07025 0.19549999999999998
5 0.14125000000000001 0.404125 0.0744140625 0.2315
6 0.4502265625 0.9268194444444444 0.0729375 0.1463611111111111
5 0.42972656249999996 0.5776944444444444 0.0615625 0.29200000000000004
5 0.62246875 0.6028333333333333 0.0690546875 0.3032777777777778
5 0.6696328125 0.8675972222222221 0.075171875 0.26480555555555557
6 0.705796875 0.4393333333333333 0.048570312500000004 0.22705555555555554
5 0.337140625 0.506375 0.0936328125 0.22420833333333334
5 0.27628906249999996 0.4747638888888889 0.048007812500000004 0.22655555555555557
5 0.5008203124999999 0.7592916666666667 0.0938515625 0.3205
7 0.9387812500000001 0.12070833333333333 0.0470390625 0.12886111111111112
4 0.6094453125 0.30362500000000003 0.05125 0.07002777777777779
5 0.638203125 0.45749999999999996 0.0856875 0.3200972222222222
5 0.4801640625 0.5260833333333333 0.0499921875 0.208625
5 0.47596875 0.7410833333333334 0.0454453125 0.29151388888888885
7 0.676578125 0.06902777777777779 0.03584375 0.13805555555555557