5 0.4604858934169279 0.8728333333333335 0.1274451410658307 0.25433333333333336
7 0.18614420062695924 0.7625833333333333 0.03042319749216301 0.06272222222222222
5 0.053605015673981196 0.9518611111111112 0.04601880877742947 0.09625
5 0.6337147335423198 0.8258055555555556 0.19166144200626958 0.3483611111111111
5 0.12484326018808778 0.9114166666666667 0.07269592476489029 0.17719444444444443
5 0.2721630094043887 0.9553611111111111 0.036332288401253916 0.08841666666666666
0 0.5327115987460815 0.08841666666666666 0.3906269592476489 0.17683333333333331
8 0.9737774294670846 0.8807222222222222 0.04943573667711599 0.23855555555555555
1 0.4128996865203762 0.3181666666666667 0.0456269592476489 0.08466666666666667
2 0.5012695924764891 0.21500000000000002 0.11525078369905957 0.21502777777777776
0 0.18468652037617556 0.8364999999999999 0.06680250783699059 0.07397222222222222