5 0.6655625 0.5901527777777779 0.0684609375 0.16166666666666668
5 0.5933437500000001 0.5629583333333333 0.0471484375 0.14394444444444446
5 0.39561718749999997 0.705875 0.0919921875 0.237
5 0.47298437499999996 0.6310972222222222 0.0625625 0.21583333333333335
6 0.9390390625 0.3824861111111111 0.0725234375 0.19088888888888889
6 0.2941875 0.7274305555555556 0.057460937499999996 0.18016666666666667
6 0.2603515625 0.39563888888888893 0.0365859375 0.1554722222222222
5 0.7047578125 0.369 0.0466640625 0.197875
5 0.58259375 0.42541666666666667 0.070921875 0.1594722222222222
5 0.3850234375 0.4739722222222222 0.054609375 0.20720833333333333
5 0.356 0.438 0.0449453125 0.2031527777777778
5 0.29746875 0.4846944444444445 0.0561015625 0.19161111111111112
5 0.3190546875 0.35888888888888887 0.040703125 0.10359722222222223
0 0.25090535481770837 0.194504726080247 0.25256686740451395 0.3058449074074075 0.29295857747395837 0.26068190586419754 0.28700764973958337 0.15685281635802467
7 0.2426640625 0.10658333333333332 0.035671875 0.1452638888888889
7 0.04771875 0.1622361111111111 0.058976562499999996 0.11768055555555557
2 0.2943515625 0.2891944444444444 0.029679687500000003 0.05679166666666667
1 0.661171875 0.6503333333333333 0.0157109375 0.02634722222222222
3 0.6617265625 0.6652777777777777 0.0133359375 0.009902777777777778