5 0.28114062500000003 0.6600416666666666 0.0697890625 0.22168055555555558
5 0.74565625 0.5615833333333333 0.0637421875 0.2293888888888889
0 0.27596875 0.1822777777777778 0.041273437499999996 0.14829166666666665
6 0.3988203125 0.7217083333333333 0.0571640625 0.19245833333333331
5 0.40614062500000003 0.5823055555555555 0.058171875 0.20401388888888888
5 0.41042187500000005 0.35680555555555554 0.0442734375 0.16683333333333333
5 0.2818125 0.4247916666666667 0.037820312499999995 0.19520833333333334
5 0.8573984375 0.5860833333333334 0.059921875 0.17930555555555555
5 0.533109375 0.4577361111111111 0.05452343750000001 0.22073611111111113
6 0.8609921875 0.29869444444444443 0.035265625 0.16552777777777777
7 0.07715625000000001 0.10655555555555556 0.033703125 0.08723611111111111
5 0.8197890624999999 0.5686527777777778 0.051617187499999995 0.16847222222222222
5 0.4392578125 0.27329166666666665 0.0429140625 0.14191666666666666
2 0.2990234375 0.23769444444444443 0.024765625 0.052472222222222226
6 0.258078125 0.29330555555555554 0.0313203125 0.13434722222222223
1 0.8417890625 0.5846111111111111 0.0173515625 0.028333333333333332
5 0.3139140625 0.4280277777777778 0.035640624999999995 0.21994444444444447
7 0.24946875 0.043250000000000004 0.031757812499999996 0.08650000000000001