5 0.359078125 0.7097083333333334 0.0677578125 0.19988888888888887
5 0.433375 0.5679583333333333 0.0571796875 0.20493055555555556
5 0.9352734375 0.5153055555555556 0.047132812499999996 0.1759027777777778
5 0.53378125 0.41731944444444447 0.0614375 0.18593055555555557
5 0.735265625 0.4706666666666667 0.0431484375 0.18604166666666666
5 0.62746875 0.481 0.0642109375 0.17775000000000002
6 0.8563124999999999 0.3076666666666667 0.0359375 0.16568055555555555
5 0.3654296875 0.3709861111111111 0.048609374999999996 0.16745833333333332
0 0.276328125 0.192 0.0450703125 0.13791666666666666
6 0.402640625 0.7314722222222222 0.050640624999999995 0.20841666666666667
5 0.26796875 0.48133333333333334 0.050124999999999996 0.2147916666666667
7 0.073828125 0.11343055555555556 0.039773437499999995 0.08765277777777777
5 0.3224296875 0.31306944444444446 0.0387890625 0.1527916666666667
2 0.30065624999999996 0.2509027777777778 0.0300859375 0.06254166666666666
5 0.2250859375 0.47272222222222227 0.044140625 0.19293055555555555
1 0.627578125 0.4543611111111111 0.013234375000000001 0.02373611111111111
7 0.24567968750000002 0.04173611111111111 0.0339765625 0.08345833333333334