5 0.269125 0.7105 0.071171875 0.26184722222222223
5 0.6464921875 0.33519444444444446 0.056257812500000004 0.15284722222222222
5 0.41492968750000003 0.5679027777777778 0.05639062500000001 0.2243611111111111
6 0.58790625 0.7910972222222222 0.075171875 0.20320833333333332
5 0.9329375000000001 0.5035555555555555 0.061453125 0.20129166666666667
6 0.25653125 0.32893055555555556 0.048609374999999996 0.15134722222222222
5 0.4363671875 0.7779722222222222 0.0606953125 0.2222638888888889
5 0.093609375 0.6233333333333333 0.05871875 0.22966666666666669
5 0.45737500000000003 0.36620833333333336 0.0591171875 0.15294444444444444
5 0.20012500000000003 0.5035694444444444 0.0568125 0.21588888888888888
5 0.7460859375 0.664375 0.0589609375 0.2189027777777778
1 0.7175390625 0.6212777777777778 0.013203125 0.025374999999999998