5 0.5203984375 0.3795138888888889 0.09084375 0.192
5 0.6815859375 0.6429166666666666 0.0949453125 0.2222916666666667
5 0.32882812499999997 0.7742916666666667 0.10260156250000001 0.2228888888888889
5 0.026625 0.71125 0.05325 0.2780694444444445
0 0.6944375 0.18794444444444444 0.05803125 0.18106944444444445
1 0.6505156249999999 0.7413333333333333 0.0192265625 0.027680555555555555
7 0.9584374999999999 0.08673611111111111 0.05157031250000001 0.11537499999999999
2 0.665921875 0.2617638888888889 0.038804687500000004 0.07295833333333333
7 0.7232421875 0.03830555555555555 0.0311640625 0.0766111111111111
6 0.3763125 0.9079166666666667 0.062546875 0.18416666666666665
5 0.8766328124999999 0.5571111111111111 0.1321484375 0.2320138888888889