5 0.5657578125 0.7152916666666667 0.063390625 0.2756388888888889
5 0.7743984375 0.7890277777777778 0.072484375 0.2837361111111111
6 0.47115625000000005 0.8024722222222221 0.0566875 0.17308333333333334
5 0.37853125 0.5494583333333334 0.06009375 0.23543055555555553
5 0.4439375 0.6276805555555556 0.060843749999999995 0.22913888888888886
5 0.4655625 0.4842777777777778 0.0720625 0.2776666666666667
0 0.37951562499999997 0.18611111111111112 0.043515625 0.16125
2 0.40253125 0.25204166666666666 0.0367109375 0.07551388888888888
7 0.1357890625 0.08344444444444445 0.043984375 0.11840277777777777
5 0.8094296875 0.3375138888888889 0.0467265625 0.19772222222222224
5 0.4216953125 0.3973472222222222 0.030898437499999997 0.08834722222222222
5 0.4203203125 0.5967916666666666 0.0459921875 0.25706944444444446
7 0.3463046875 0.05448611111111111 0.036359375 0.10895833333333334
1 0.41713281249999995 0.18584722222222222 0.015984375000000002 0.03126388888888889