5 0.3218203125 0.6628055555555556 0.076265625 0.22466666666666665
6 0.39825 0.722986111111111 0.050554687499999994 0.1966527777777778
5 0.42076562500000003 0.5873333333333334 0.06839843749999999 0.20704166666666665
6 0.85453125 0.2974305555555556 0.0339921875 0.16666666666666666
5 0.6939296875000001 0.539888888888889 0.0940703125 0.19161111111111112
7 0.07590625 0.10545833333333335 0.0376953125 0.079125
5 0.7736328125 0.49822222222222223 0.07455468750000001 0.15470833333333334
5 0.3809609375 0.35983333333333334 0.041390625 0.17011111111111113
5 0.2674140625 0.4275555555555555 0.0427578125 0.18758333333333332
0 0.2727578125 0.18213888888888888 0.0400078125 0.1540138888888889
5 0.8955624999999999 0.5319166666666667 0.0609765625 0.1628888888888889
2 0.29825 0.24072222222222223 0.025460937500000003 0.056611111111111105
5 0.5107734374999999 0.4413333333333333 0.054070312499999995 0.2118611111111111
5 0.37594531249999996 0.2678333333333333 0.03509375 0.1131111111111111
7 0.2500234375 0.05355555555555556 0.026218750000000002 0.107125
5 0.2990546875 0.4394166666666667 0.0419375 0.207375
1 0.8103671875 0.5235277777777778 0.0166328125 0.026819444444444444
6 0.26003125 0.296375 0.03240625 0.13195833333333334