5 0.2826171875 0.725125 0.079671875 0.25475
5 0.749625 0.6469305555555556 0.0955859375 0.2351388888888889
5 0.059921875 0.6255694444444445 0.0711875 0.23019444444444445
5 0.9370468750000001 0.5014444444444445 0.099265625 0.19544444444444445
5 0.394234375 0.5515138888888889 0.0610546875 0.212
5 0.41830468749999994 0.3827083333333334 0.051703125 0.17206944444444444
6 0.5915859375 0.7958472222222223 0.06284375 0.18794444444444444
5 0.43790625 0.7735277777777778 0.06964843750000001 0.20011111111111113
6 0.24460156249999998 0.33172222222222225 0.046765625 0.16141666666666665
5 0.159734375 0.5030833333333333 0.049570312500000005 0.22083333333333333
5 0.6365546875 0.3411111111111111 0.0455234375 0.1723888888888889
1 0.727609375 0.5895833333333333 0.0134609375 0.030194444444444444