5 0.34357812499999996 0.7014583333333333 0.0671640625 0.2412083333333333
0 0.28874218749999997 0.20404166666666665 0.03509375 0.14590277777777777
5 0.5076875000000001 0.4029722222222222 0.054507812499999996 0.20256944444444444
6 0.41078125 0.7517222222222222 0.055218750000000004 0.2115
5 0.40169531249999996 0.5562777777777778 0.047375 0.22629166666666667
7 0.0791015625 0.12908333333333333 0.0364453125 0.07979166666666668
5 0.6834140625 0.47497222222222224 0.051523437500000005 0.16331944444444446
5 0.9260781250000001 0.5861944444444445 0.054031249999999996 0.20201388888888888
5 0.405859375 0.38740277777777776 0.040140625 0.16005555555555556
5 0.2117578125 0.5187777777777778 0.047593750000000004 0.19668055555555558
6 0.8690312499999999 0.3174166666666667 0.0384765625 0.16252777777777777
2 0.30729687499999997 0.26055555555555554 0.0356796875 0.06202777777777777
5 0.6615234375 0.4119861111111111 0.044375 0.16083333333333333
7 0.2607890625 0.07195833333333333 0.028273437499999998 0.1082638888888889
5 0.2642421875 0.4944722222222222 0.05535156249999999 0.21405555555555555
5 0.38175781249999996 0.36780555555555555 0.0456015625 0.16329166666666667
1 0.6825703125 0.4138194444444444 0.0131953125 0.027125000000000003