5 0.3573671875 0.7011944444444445 0.06879687500000001 0.22206944444444443
5 0.43483593750000005 0.5681388888888889 0.058882812500000006 0.19518055555555555
5 0.7357421875 0.4748472222222222 0.0509140625 0.1867638888888889
6 0.85546875 0.3042638888888889 0.035914062499999996 0.16927777777777778
5 0.9326328125 0.5252638888888889 0.0460859375 0.18684722222222222
5 0.3652265625 0.3681805555555555 0.0453671875 0.17130555555555557
5 0.23938281250000001 0.4615694444444444 0.0625234375 0.19905555555555554
0 0.2759375 0.18934722222222225 0.0403125 0.142625
7 0.0728203125 0.11308333333333334 0.040765625 0.09159722222222223
6 0.4019296875 0.7340555555555556 0.0447578125 0.206375
5 0.325171875 0.3101388888888889 0.0373046875 0.14530555555555555
5 0.52915625 0.42141666666666666 0.0648515625 0.2180138888888889
5 0.6291171875 0.4939861111111111 0.058914062499999996 0.1987361111111111
2 0.30028125 0.24809722222222222 0.0280703125 0.05923611111111111
5 0.272125 0.46934722222222225 0.0491015625 0.21519444444444444
7 0.250421875 0.06352777777777778 0.025515624999999997 0.11584722222222221
1 0.6394375 0.48301388888888885 0.0137421875 0.026625000000000003