6 0.38846875000000003 0.7772777777777777 0.0546328125 0.21602777777777776
5 0.8320000000000001 0.6596944444444445 0.0630625 0.18059722222222221
2 0.27771875 0.2750416666666667 0.030906250000000003 0.06330555555555556
0 0.25179687500000003 0.2098611111111111 0.0470546875 0.17147222222222222
5 0.3030859375 0.46595833333333336 0.053828125000000004 0.2015
5 0.3232421875 0.6383472222222223 0.064734375 0.2303888888888889
5 0.46959375000000003 0.49324999999999997 0.046656249999999996 0.19312500000000002
5 0.6791953125 0.4992777777777778 0.051984375000000006 0.22959722222222223
5 0.3674765625 0.44608333333333333 0.055374999999999994 0.18815277777777778
7 0.21905468749999998 0.07261111111111111 0.0339921875 0.1452361111111111
7 0.013921875 0.13958333333333334 0.02784375 0.12665277777777778
5 0.39132812499999997 0.6504027777777778 0.058210937500000004 0.1517222222222222
5 0.42446875000000006 0.5010972222222223 0.04359375 0.22159722222222225
6 0.20788281249999999 0.37375 0.0377109375 0.16827777777777778
5 0.34675781250000004 0.4379722222222222 0.024890625 0.1829583333333333
1 0.424734375 0.37895833333333334 0.0085546875 0.012958333333333334