0 0.312265625 0.18213888888888888 0.036015625 0.14266666666666666
5 0.3528359375 0.5662638888888889 0.052437500000000005 0.21380555555555555
5 0.190171875 0.662625 0.062453125 0.20162499999999997
5 0.73515625 0.5931111111111111 0.0739375 0.22645833333333334
6 0.4189453125 0.7228888888888889 0.0591328125 0.192
5 0.2674296875 0.4987222222222222 0.040765625 0.20963888888888887
5 0.6636796875 0.6268611111111111 0.058828124999999995 0.21902777777777777
6 0.918390625 0.3069861111111111 0.038351562500000005 0.16183333333333333
5 0.5995781250000001 0.6166944444444444 0.05140625 0.2127638888888889
5 0.5249765625 0.5082222222222222 0.0626875 0.20904166666666665
7 0.113421875 0.11216666666666668 0.0347109375 0.09237500000000001
5 0.5265625 0.35730555555555554 0.0445703125 0.1303888888888889
5 0.331078125 0.4399027777777778 0.0436171875 0.1921111111111111
2 0.3379609375 0.24194444444444443 0.033265625 0.068
1 0.5751015625 0.6100972222222222 0.018484375 0.03258333333333333
7 0.285703125 0.05391666666666667 0.0260859375 0.10781944444444444
5 0.6637265625000001 0.2894583333333333 0.0477578125 0.16275