6 0.8142476489028213 0.830138888888889 0.08442006269592477 0.28297222222222224
5 0.8715360501567397 0.4942222222222222 0.08689655172413793 0.19013888888888889
5 0.7524451410658307 0.49286111111111114 0.08699059561128526 0.1901111111111111
5 0.535564263322884 0.6330555555555556 0.0850626959247649 0.26530555555555557
0 0.18551724137931033 0.2168611111111111 0.06468652037617556 0.15913888888888889
5 0.6650626959247649 0.6188055555555556 0.07869905956112853 0.24602777777777776
5 0.45910658307210034 0.5796666666666667 0.07749216300940438 0.27616666666666667
5 0.1002037617554859 0.6209444444444444 0.08482758620689655 0.25113888888888886
5 0.6219905956112852 0.6158611111111111 0.05405956112852665 0.23219444444444445
6 0.7131347962382445 0.3478333333333333 0.05573667711598746 0.17158333333333334
5 0.5104388714733543 0.48461111111111116 0.05396551724137931 0.147
2 0.20377742946708463 0.26408333333333334 0.04090909090909091 0.06925