5 0.3281328125 0.6618055555555555 0.07359375 0.21341666666666667
5 0.8487734375 0.2961944444444444 0.0448671875 0.16572222222222222
5 0.420875 0.5855972222222222 0.0831171875 0.20019444444444442
5 0.38005468750000004 0.36544444444444446 0.04378125 0.15266666666666667
5 0.265046875 0.4300138888888889 0.04203125 0.18583333333333335
0 0.2733984375 0.18136111111111114 0.0406640625 0.1535
5 0.6881406250000001 0.5448333333333333 0.0798203125 0.173125
5 0.7684296875000001 0.5047777777777778 0.0867265625 0.16729166666666667
7 0.0762734375 0.10520833333333333 0.036109375 0.08016666666666666
5 0.5075078125 0.43204166666666666 0.05946875 0.21144444444444446
5 0.90334375 0.5310972222222222 0.05746875 0.16081944444444446
2 0.2984296875 0.23981944444444442 0.0251796875 0.05472222222222222
5 0.37625000000000003 0.2795416666666667 0.0325234375 0.14541666666666667
7 0.251515625 0.06513888888888889 0.025046875000000003 0.10629166666666667
5 0.29903124999999997 0.4398055555555556 0.0404140625 0.19688888888888886
6 0.5973359375 0.271625 0.0326171875 0.14022222222222222
6 0.260046875 0.29915277777777777 0.032859375 0.13105555555555556
6 0.3989765625 0.7215972222222221 0.04965625 0.1961111111111111
1 0.7932265625 0.523986111111111 0.01615625 0.03193055555555555