6 0.5725234375 0.7467083333333333 0.044359375 0.19402777777777777
6 0.123734375 0.342625 0.026976562500000002 0.12661111111111112
5 0.1490390625 0.39701388888888894 0.033515625 0.11809722222222223
5 0.2456015625 0.4169861111111111 0.0485 0.142625
5 0.3172890625 0.5535138888888889 0.0443046875 0.17183333333333334
5 0.3454375 0.7046527777777778 0.051992187499999995 0.2117638888888889
5 0.5010625 0.577375 0.059414062499999996 0.17016666666666666
5 0.532171875 0.5604166666666667 0.07128124999999999 0.15477777777777776
5 0.8377812499999999 0.6871111111111111 0.029726562499999998 0.2013888888888889
5 0.669140625 0.5663055555555556 0.055296875 0.16655555555555557
5 0.482203125 0.37145833333333333 0.0399140625 0.15031944444444445
5 0.5656875 0.307125 0.027218750000000003 0.1451111111111111
2 0.67790625 0.313 0.0259453125 0.05501388888888889
7 0.8712734375 0.20679166666666665 0.0290078125 0.08333333333333333
7 0.7211015625 0.16134722222222223 0.023804687499999998 0.12516666666666668
6 0.7008281249999999 0.3758611111111111 0.026468750000000003 0.14026388888888888
0 0.6866319444444444 0.205246913580247 0.7145487467447917 0.24213324652777785 0.712466769748264 0.33548538773148157 0.6805589463975694 0.28720582561728397
1 0.149984375 0.45734722222222224 0.0120078125 0.01995833333333333
3 0.15025 0.4677222222222222 0.0083203125 0.006541666666666667