5 0.6133542319749217 0.61825 0.04736677115987461 0.15725
5 0.42141065830721003 0.5372777777777777 0.047382445141065835 0.18802777777777777
5 0.6437774294670847 0.37919444444444445 0.030705329153605014 0.15002777777777776
5 0.5147962382445141 0.38680555555555557 0.03153605015673981 0.17102777777777778
5 0.3772100313479624 0.48175 0.04067398119122257 0.1526388888888889
6 0.17915360501567398 0.6652777777777777 0.04736677115987461 0.1875277777777778
8 0.306692789968652 0.30975 0.036927899686520375 0.162
6 0.43929467084639495 0.3046111111111111 0.03542319749216301 0.1411111111111111
7 0.9118025078369906 0.19402777777777777 0.02865203761755486 0.08261111111111111
5 0.29871473354231975 0.5005277777777778 0.04252351097178683 0.15633333333333332
7 0.776833855799373 0.0803611111111111 0.0253448275862069 0.12486111111111112
0 0.7474451410658307 0.20547222222222222 0.03822884012539185 0.11761111111111112
5 0.47242946708463956 0.45652777777777775 0.0377742946708464 0.17458333333333334
5 0.6705485893416928 0.39475000000000005 0.033746081504702194 0.1753333333333333
5 0.4908934169278997 0.3096111111111111 0.025815047021943573 0.1290277777777778
5 0.32703761755485894 0.4594722222222222 0.029529780564263322 0.1411111111111111
6 0.9329153605015674 0.5261111111111111 0.034921630094043886 0.19394444444444442
2 0.7221473354231975 0.25961111111111107 0.03365203761755486 0.05302777777777778