5 0.6834012539184953 0.38388888888888884 0.03697492163009404 0.13036111111111112
5 0.4307836990595611 0.5629166666666667 0.045156739811912226 0.14372222222222222
5 0.7266300940438871 0.4513333333333333 0.0356269592476489 0.13644444444444442
5 0.3725235109717868 0.3404722222222222 0.02968652037617555 0.14288888888888887
5 0.49946708463949846 0.40627777777777774 0.0335423197492163 0.13622222222222222
5 0.3320689655172414 0.5724166666666667 0.04802507836990596 0.17738888888888887
6 0.2489655172413793 0.35550000000000004 0.03272727272727272 0.14308333333333334
5 0.7198589341692789 0.5713055555555555 0.037539184952978054 0.13833333333333334
6 0.5520532915360501 0.6596944444444445 0.04075235109717868 0.13344444444444445
5 0.7802194357366771 0.6198888888888889 0.04246081504702194 0.10605555555555556
5 0.7733385579937304 0.42941666666666667 0.03431034482758621 0.15141666666666667
6 0.8305485893416927 0.4657777777777778 0.02963949843260188 0.1296388888888889
5 0.670846394984326 0.29230555555555554 0.031880877742946706 0.15225
2 0.7245454545454545 0.3037222222222222 0.028887147335423198 0.0495
0 0.7339512062150745 0.19444444444444448 0.7550077943982556 0.23545535175120771 0.7534052575984737 0.3254783740942029 0.7324870945209214 0.28366074124396135
7 0.915846394984326 0.24241666666666667 0.020329153605015676 0.035583333333333335
7 0.7727115987460815 0.13358333333333333 0.016191222570532914 0.05458333333333333
1 0.34553291536050157 0.6180833333333333 0.013683385579937304 0.02363888888888889