7 0.9228046875 0.07551388888888888 0.0417890625 0.12633333333333333
2 0.64171875 0.23604166666666665 0.035171875000000005 0.07086111111111111
0 0.6501736111111112 0.07407407407407413 0.6904364691840279 0.1298225308641975 0.6882256401909722 0.262888213734568 0.6444193522135417 0.1992609471450618
6 0.9143437499999999 0.6248333333333334 0.040484375 0.24966666666666665
6 0.3420390625 0.23576388888888888 0.0486640625 0.18448611111111113
6 0.19153125 0.8688333333333332 0.054945312499999996 0.2623472222222222
5 0.798921875 0.7219444444444444 0.0596484375 0.20316666666666666
5 0.573328125 0.824375 0.0841640625 0.2845416666666667
5 0.6855 0.5883055555555555 0.051554687499999995 0.24761111111111112
5 0.49847656249999994 0.35647222222222225 0.05771875 0.2222222222222222
5 0.4700390625 0.2644722222222222 0.0477265625 0.18636111111111112
5 0.2215703125 0.5692916666666666 0.08637500000000001 0.19722222222222222
5 0.42700781250000003 0.6306805555555555 0.08839843750000001 0.2212361111111111
5 0.40317187499999996 0.46552777777777776 0.0725390625 0.22425
5 0.26632812499999997 0.42198611111111106 0.0767265625 0.23287499999999997
5 0.327453125 0.49520833333333336 0.0802578125 0.1947777777777778
7 0.7009140625 0.04861111111111111 0.0320390625 0.09722222222222222
1 0.26615625 0.6439722222222223 0.0174765625 0.031
3 0.2654921875 0.6590277777777778 0.012390624999999999 0.011402777777777779