5 0.60365625 0.7568333333333332 0.060625 0.2446111111111111
6 0.466484375 0.7960833333333333 0.059367187499999995 0.19222222222222224
5 0.5198750000000001 0.6500694444444445 0.062125 0.21670833333333334
7 0.1531796875 0.10822222222222222 0.035562500000000004 0.10420833333333333
5 0.5326171875 0.4331805555555555 0.0599765625 0.18548611111111113
5 0.3749140625 0.6004722222222222 0.0643828125 0.2673888888888889
5 0.41877343749999996 0.6224583333333333 0.071875 0.24237499999999998
0 0.38825 0.1941388888888889 0.0429375 0.15490277777777778
2 0.40602343750000003 0.26066666666666666 0.0411796875 0.071625
5 0.46275000000000005 0.5452777777777779 0.0456875 0.22608333333333333
5 0.4664140625 0.4129027777777778 0.0486015625 0.09868055555555555
5 0.74671875 0.337125 0.062234374999999995 0.18070833333333336
7 0.3506875 0.05508333333333333 0.024796875 0.11018055555555556
5 0.4842109375 0.44936111111111116 0.055171875 0.17877777777777779
6 0.35939062499999996 0.32906944444444447 0.03621875 0.16879166666666667
1 0.43772656249999997 0.13524999999999998 0.015617187499999999 0.028666666666666667