6 0.44107031250000006 0.7675416666666667 0.0584609375 0.20933333333333334
5 0.4623046875 0.528 0.060867187499999996 0.21697222222222223
5 0.729 0.3349861111111111 0.07165625 0.17074999999999999
5 0.635296875 0.4910555555555556 0.089140625 0.18418055555555557
0 0.3586640625 0.19880555555555554 0.0378984375 0.1578888888888889
5 0.3185546875 0.7306527777777778 0.0741640625 0.21705555555555556
5 0.56125 0.5396388888888889 0.057937499999999996 0.1934861111111111
5 0.320625 0.5829305555555555 0.0567265625 0.2017638888888889
7 0.15047656250000002 0.11893055555555555 0.0396171875 0.08765277777777777
5 0.5162890625000001 0.5391250000000001 0.0430234375 0.2335
6 0.9808125000000001 0.3379027777777778 0.0383671875 0.18486111111111111
5 0.3652578125 0.5802638888888889 0.0461953125 0.20016666666666666
5 0.6302265625000001 0.39105555555555555 0.041390625 0.11722222222222223
7 0.3279375 0.06105555555555556 0.028984375 0.11411111111111111
2 0.3835 0.26949999999999996 0.0263359375 0.07359722222222223
6 0.337125 0.3112083333333333 0.0335 0.15225
5 0.356890625 0.4603333333333333 0.042078125 0.129125
1 0.5134296875000001 0.4473888888888889 0.018062500000000002 0.031152777777777776