5 0.29128906250000003 0.7198194444444445 0.11387499999999999 0.26083333333333336
6 0.5952109375 0.7885416666666667 0.0796015625 0.19554166666666667
5 0.6432109374999999 0.3374861111111111 0.0689609375 0.15941666666666668
5 0.45259375 0.7848888888888889 0.0979140625 0.23881944444444442
5 0.74328125 0.6577222222222222 0.060375 0.23819444444444443
5 0.36520312499999996 0.5410833333333334 0.0521796875 0.18429166666666666
5 0.396296875 0.3846805555555556 0.05680468749999999 0.17183333333333334
5 0.12987500000000002 0.5243333333333333 0.062273437499999994 0.23244444444444445
5 0.92890625 0.521125 0.0570390625 0.2046388888888889
5 0.026390625 0.6257222222222222 0.0492421875 0.21558333333333332
6 0.22907812500000002 0.33275 0.051484375000000006 0.15954166666666666
1 0.72309375 0.6089722222222222 0.015460937499999999 0.028555555555555553