5 0.35233542319749217 0.6203055555555556 0.09943573667711599 0.24225
6 0.1326489028213166 0.27605555555555555 0.06374608150470219 0.18047222222222223
5 0.7868652037617555 0.4992777777777778 0.05391849529780564 0.21480555555555556
5 0.8832445141065831 0.33844444444444444 0.06278996865203762 0.18266666666666667
5 0.16943573667711598 0.43722222222222223 0.09205329153605016 0.21297222222222223
6 0.3322884012539185 0.18622222222222223 0.04956112852664577 0.17386111111111113
5 0.4898119122257053 0.4963611111111111 0.05758620689655173 0.21483333333333335
5 0.44863636363636367 0.3508055555555556 0.05136363636363637 0.16683333333333333
5 0.7663322884012539 0.21480555555555556 0.07847962382445141 0.1905277777777778
5 0.4758934169278997 0.26741666666666664 0.04181818181818182 0.16286111111111112
6 0.5860971786833856 0.7086111111111111 0.07355799373040753 0.18775
1 0.39612852664576803 0.5853055555555555 0.015376175548589343 0.03294444444444444