5 0.3374140625 0.7037083333333334 0.063453125 0.24633333333333335
0 0.2890546875 0.2061111111111111 0.0345625 0.14093055555555556
5 0.2103671875 0.5279305555555556 0.043703124999999995 0.20144444444444443
6 0.4111640625 0.7524861111111111 0.0545546875 0.20665277777777777
5 0.5083671875 0.40279166666666666 0.055507812499999996 0.19856944444444444
7 0.0796484375 0.12966666666666665 0.036843749999999995 0.08077777777777777
5 0.676828125 0.4759583333333333 0.052328125 0.1721111111111111
5 0.6586875 0.4143055555555556 0.043765625 0.16356944444444443
5 0.4012421875 0.5541944444444444 0.0452734375 0.22488888888888886
6 0.86996875 0.31745833333333334 0.038109375 0.16125
5 0.925140625 0.5796111111111111 0.053234375 0.18834722222222225
2 0.308828125 0.2589722222222222 0.0364140625 0.05672222222222223
5 0.3958984375 0.3755277777777778 0.05434375 0.16284722222222223
5 0.26549999999999996 0.49588888888888893 0.05298437499999999 0.20745833333333333
5 0.41114843749999996 0.3916527777777778 0.060273437500000006 0.13554166666666667
7 0.261265625 0.07213888888888889 0.028125 0.110625
1 0.6814609375 0.41606944444444444 0.011890625 0.019944444444444445