5 0.6476953125 0.5200972222222222 0.0727890625 0.1855277777777778
5 0.345171875 0.6750972222222222 0.060171875 0.20816666666666667
5 0.9196875 0.5298333333333334 0.060289062500000004 0.16938888888888887
5 0.43703906249999996 0.583861111111111 0.065296875 0.20055555555555557
7 0.075890625 0.1045 0.038843749999999996 0.08073611111111112
0 0.27732812500000004 0.18643055555555554 0.0401484375 0.1492777777777778
5 0.2491015625 0.4423472222222222 0.04778125 0.18468055555555554
5 0.7464921875 0.4720833333333333 0.0725078125 0.20704166666666665
5 0.3710546875 0.36365277777777777 0.041875 0.15180555555555555
6 0.8537109375 0.3029861111111111 0.03225 0.155875
6 0.3983515625 0.7223888888888889 0.047578125 0.20204166666666667
5 0.28630468750000004 0.4533055555555556 0.05240625 0.208
5 0.5057578125 0.4277916666666667 0.0585390625 0.18438888888888888
5 0.34874218749999997 0.28725 0.0405625 0.17744444444444446
2 0.299515625 0.24308333333333335 0.027492187499999998 0.06165277777777778
7 0.2611484375 0.09041666666666666 0.0252265625 0.08523611111111111
1 0.670453125 0.5541111111111111 0.014203125 0.02488888888888889