5 0.1900703125 0.6643611111111111 0.0700234375 0.21918055555555555
5 0.35403125 0.5736249999999999 0.06628125 0.2159861111111111
5 0.6274765625 0.6434166666666666 0.0562890625 0.19986111111111113
5 0.7539687500000001 0.5827083333333334 0.0686875 0.21741666666666665
5 0.256703125 0.47041666666666665 0.0507734375 0.20037500000000003
6 0.41266406250000004 0.7233055555555555 0.062343749999999996 0.19230555555555556
5 0.7102031249999999 0.6330277777777777 0.06399218749999999 0.19712500000000002
0 0.298453125 0.1869861111111111 0.037078125 0.15256944444444442
7 0.09910156249999999 0.11133333333333333 0.034687499999999996 0.08740277777777777
6 0.9008437499999999 0.3081111111111111 0.038078125000000004 0.16256944444444443
5 0.5341171874999999 0.4984166666666667 0.05865625 0.20418055555555553
5 0.32425000000000004 0.43747222222222226 0.051898437500000005 0.18795833333333334
2 0.323453125 0.24247222222222223 0.030289062500000002 0.06279166666666666
5 0.4975546875 0.3787777777777778 0.039453125 0.18077777777777776
6 0.2846015625 0.3063888888888889 0.033453125 0.13181944444444443
7 0.2748046875 0.06237499999999999 0.0236640625 0.10580555555555557
5 0.6241171875 0.28420833333333334 0.0469921875 0.13606944444444444
1 0.6004921875 0.6742916666666667 0.0158203125 0.027638888888888886