5 0.4847021943573668 0.664611111111111 0.08694357366771159 0.3701111111111111
0 0.23277429467084637 0.19122222222222224 0.07463949843260188 0.2752222222222222
5 0.3453918495297806 0.7346111111111111 0.0912539184952978 0.3248333333333333
5 0.608448275862069 0.7031666666666666 0.09973354231974922 0.37283333333333335
5 0.3265987460815047 0.43116666666666664 0.07474921630094043 0.3516111111111111
5 0.7092633228840125 0.6523611111111111 0.0673667711598746 0.3274166666666667
4 0.2746865203761755 0.2905 0.05797805642633229 0.1223611111111111
5 0.7951097178683385 0.4911944444444445 0.06816614420062696 0.34402777777777777
5 0.39517241379310347 0.5216111111111111 0.07761755485893418 0.35033333333333333
5 0.5803448275862069 0.5586388888888889 0.04957680250783699 0.24833333333333335
6 0.9757523510971786 0.37072222222222223 0.04847962382445141 0.3317777777777778
8 0.07454545454545455 0.591 0.0638244514106583 0.15458333333333332
5 0.4856426332288401 0.3129166666666667 0.08673981191222571 0.3528611111111111