5 0.6904375 0.6475555555555556 0.09719531249999999 0.2302361111111111
5 0.073265625 0.7002777777777778 0.0929296875 0.28175
5 0.5226015625 0.3589305555555556 0.08528125 0.17906944444444445
5 0.34660156249999996 0.7657361111111112 0.1143984375 0.2345277777777778
0 0.7467343750000001 0.1830138888888889 0.0652578125 0.19425
7 0.7820625 0.03083333333333333 0.0355859375 0.06151388888888889
2 0.719078125 0.2487638888888889 0.0465 0.06955555555555555
6 0.41470312500000006 0.8849583333333333 0.08304687499999999 0.23008333333333333
7 0.9889453125 0.07443055555555556 0.022109375 0.13869444444444445
5 0.8845859375 0.5565416666666666 0.0958828125 0.22166666666666665
1 0.6927890624999999 0.6565138888888888 0.0219453125 0.04030555555555555