6 0.7578213166144201 0.6798611111111111 0.051316614420062696 0.1861388888888889
5 0.8917711598746082 0.5238055555555555 0.057257053291536054 0.22341666666666668
5 0.660282131661442 0.4855555555555556 0.05332288401253919 0.17094444444444445
6 0.5434639498432602 0.2980277777777778 0.03523510971786834 0.1536388888888889
5 0.27351097178683387 0.3826111111111111 0.04601880877742947 0.13130555555555556
5 0.2652664576802508 0.5543888888888889 0.04744514106583072 0.1615
5 0.22829153605015676 0.5051666666666667 0.04600313479623825 0.2046666666666667
5 0.13136363636363638 0.6112777777777778 0.054514106583072104 0.17766666666666667
5 0.32669278996865203 0.33352777777777776 0.030799373040752347 0.17433333333333334
5 0.3395924764890282 0.28008333333333335 0.03995297805642633 0.16647222222222222
5 0.024529780564263325 0.6071944444444445 0.04905956112852665 0.20716666666666667
2 0.21913793103448276 0.24408333333333335 0.032115987460815044 0.06305555555555556
0 0.17309527054654492 0.14734299516908217 0.21519247478533463 0.1126019021739131 0.21871699093635003 0.2282467164855072 0.17605543818999592 0.2567179951690822
1 0.8691065830721003 0.5179166666666666 0.01818181818181818 0.03102777777777778
6 0.28188087774294673 0.2925833333333333 0.034937304075235105 0.08033333333333334