5 0.18840625 0.6592222222222222 0.0651796875 0.208125
5 0.350875 0.5746527777777778 0.057773437500000004 0.21393055555555557
6 0.41934375 0.7211944444444445 0.058351562499999995 0.19254166666666667
5 0.6541796875 0.2868888888888889 0.048812499999999995 0.15941666666666668
5 0.2630234375 0.4967638888888889 0.03984375 0.20580555555555557
5 0.7348203125 0.5958472222222222 0.065484375 0.21444444444444447
7 0.10796874999999999 0.111 0.0347734375 0.09615277777777778
5 0.518421875 0.35774999999999996 0.048421874999999996 0.12566666666666668
5 0.6126406249999999 0.6269583333333334 0.0610703125 0.226
5 0.5273828125 0.5008055555555555 0.058296875000000005 0.20626388888888889
5 0.67234375 0.623736111111111 0.06023437499999999 0.20166666666666666
5 0.3298984375 0.4402638888888889 0.0377421875 0.19331944444444443
6 0.9128515625 0.30672222222222223 0.035796875 0.159375
2 0.3333671875 0.24234722222222224 0.029671874999999997 0.06143055555555555
0 0.308546875 0.18619444444444444 0.03328125 0.14181944444444444
6 0.2922421875 0.29405555555555557 0.0309921875 0.1342638888888889
1 0.5803046875 0.6290277777777777 0.016546875 0.028624999999999998
7 0.2836640625 0.05625 0.0313984375 0.1124861111111111