5 0.272609375 0.4930972222222222 0.0779296875 0.21429166666666666
6 0.1636328125 0.7732222222222223 0.056234375 0.1763611111111111
5 0.6106640624999999 0.4077777777777778 0.07078124999999999 0.15294444444444444
5 0.8706484375000001 0.6116388888888888 0.067734375 0.21805555555555556
5 0.35681250000000003 0.5389999999999999 0.072328125 0.20343055555555556
5 0.18358593750000002 0.3900972222222222 0.070875 0.16897222222222222
5 0.254765625 0.6962638888888889 0.10210156249999999 0.2117638888888889
6 0.7344140625 0.3074027777777778 0.057390624999999994 0.15943055555555558
5 0.0983671875 0.5104305555555555 0.0627734375 0.20083333333333334
5 0.7760546875000001 0.6890694444444444 0.073640625 0.19370833333333334
6 0.030539062500000002 0.2964861111111111 0.0395078125 0.17183333333333334