5 0.41442968750000003 0.5564583333333333 0.08890624999999999 0.25043055555555555
5 0.1557421875 0.7493333333333333 0.11666406250000001 0.2654444444444444
0 0.79371875 0.19133333333333333 0.067203125 0.16422222222222221
5 0.6509765625 0.4633333333333334 0.07203125 0.23918055555555556
5 0.716171875 0.5281666666666667 0.076171875 0.21776388888888887
2 0.7644140625 0.2630138888888889 0.0376953125 0.06777777777777777
6 0.041749999999999995 0.9169166666666666 0.0637421875 0.16176388888888887
6 0.4985546875 0.3280972222222222 0.064359375 0.21229166666666666
7 0.8274531250000001 0.042861111111111114 0.0309375 0.08570833333333333
6 0.9895703125 0.4561527777777778 0.020867187500000002 0.20344444444444443
1 0.7527890625 0.31695833333333334 0.0169375 0.035444444444444445