6 0.46778125 0.79525 0.0625859375 0.1810277777777778
5 0.527546875 0.6605277777777777 0.061671875 0.23725
5 0.63446875 0.7696805555555555 0.0871796875 0.2599861111111111
5 0.38215625000000003 0.6001805555555555 0.064578125 0.26008333333333333
5 0.765609375 0.326375 0.051101562499999996 0.18516666666666665
7 0.1511484375 0.10384722222222222 0.0392109375 0.11315277777777778
0 0.38763281250000003 0.19258333333333333 0.0464140625 0.15315277777777778
5 0.43009375 0.6256527777777778 0.06491406250000001 0.25706944444444446
2 0.40915625 0.26063888888888886 0.037078125 0.071
5 0.45443749999999994 0.5477638888888888 0.056203125 0.22948611111111109
5 0.45792968749999996 0.41263888888888894 0.0451171875 0.1416388888888889
5 0.5099296875 0.4476527777777778 0.0324375 0.2179722222222222
7 0.3514296875 0.05401388888888889 0.0268984375 0.10802777777777778
5 0.478984375 0.46881944444444446 0.060046875 0.23294444444444445
1 0.4239921875 0.1615138888888889 0.0163046875 0.03261111111111111