5 0.5451880877742946 0.46005555555555555 0.05587774294670846 0.1925
5 0.2310344827586207 0.6876944444444444 0.055626959247648905 0.23227777777777778
5 0.5234952978056426 0.7233611111111112 0.05346394984326019 0.20358333333333334
5 0.3797021943573668 0.6719722222222222 0.050893416927899685 0.18563888888888888
5 0.8144670846394985 0.40269444444444447 0.043981191222570534 0.21072222222222223
5 0.3141692789968652 0.5902222222222222 0.058150470219435736 0.24205555555555555
5 0.643730407523511 0.5065277777777778 0.0918025078369906 0.24425000000000002
5 0.7670846394984325 0.4885277777777778 0.04719435736677116 0.2741388888888889
5 0.3451253918495298 0.5491666666666666 0.03877742946708464 0.20944444444444446
5 0.6714576802507837 0.38425000000000004 0.03311912225705329 0.1646111111111111
5 0.16255485893416927 0.6988611111111112 0.04697492163009404 0.23108333333333334
6 0.36407523510971784 0.72525 0.030329153605015678 0.10269444444444444
6 0.2832601880877743 0.44286111111111115 0.04860501567398119 0.17316666666666666
7 0.15415360501567396 0.1905 0.03435736677115988 0.06458333333333334
7 0.2764263322884013 0.07425 0.02810344827586207 0.0808611111111111
2 0.3243573667711599 0.30380555555555555 0.028573667711598746 0.06897222222222221
0 0.2794057516696198 0.3140096618357488 0.2773959256167371 0.19788836050724642 0.32094659346463134 0.16671384359903377 0.32505941631456997 0.27669742602657005