6 0.7386050156739812 0.6787222222222222 0.04934169278996865 0.20113888888888887
5 0.8831347962382446 0.5165 0.052507836990595615 0.21780555555555556
5 0.26711598746081505 0.5601388888888889 0.052304075235109715 0.16619444444444445
5 0.15349529780564264 0.6058055555555556 0.05358934169278996 0.21780555555555556
5 0.6601253918495298 0.49094444444444446 0.05260188087774295 0.18433333333333332
6 0.5478683385579938 0.30144444444444446 0.0343730407523511 0.14894444444444443
5 0.23741379310344826 0.49336111111111114 0.03710031347962383 0.17497222222222222
5 0.2791065830721003 0.37938888888888894 0.04989028213166144 0.12786111111111112
2 0.22081504702194357 0.24363888888888888 0.028636363636363637 0.067
5 0.025219435736677117 0.60675 0.050423197492163015 0.2304166666666667
5 0.34705329153605013 0.2848888888888889 0.04263322884012539 0.17124999999999999
5 0.3329153605015674 0.3262777777777778 0.03473354231974922 0.18394444444444444
5 0.28213166144200624 0.2904722222222222 0.030000000000000002 0.06644444444444444
0 0.17922856753441463 0.25483091787439616 0.17585046255281447 0.14333295591787448 0.22036744411884968 0.11345580464975846 0.2224917370860025 0.22089655042270534
1 0.8533542319749217 0.5388055555555555 0.015219435736677117 0.022027777777777778