5 0.843734375 0.6621944444444444 0.0541953125 0.19027777777777777
5 0.290125 0.6419722222222223 0.07913281250000001 0.22840277777777776
0 0.25277343750000003 0.20372222222222222 0.0484296875 0.16458333333333333
6 0.389703125 0.7813472222222223 0.05875781249999999 0.21543055555555557
2 0.2796484375 0.27179166666666665 0.031742187500000005 0.0663611111111111
5 0.45396875000000003 0.49869444444444444 0.0596171875 0.1907777777777778
5 0.6522109375 0.5245277777777778 0.056921875 0.22515277777777779
5 0.3644921875 0.7005138888888889 0.06789062500000001 0.2181111111111111
5 0.29481250000000003 0.47011111111111115 0.0679921875 0.203125
7 0.2272109375 0.06429166666666666 0.0322890625 0.12556944444444443
7 0.0145078125 0.13545833333333335 0.0290234375 0.13245833333333334
6 0.19534374999999998 0.3733055555555555 0.0439921875 0.18009722222222221
5 0.39928125 0.4993333333333333 0.04925 0.20019444444444442
5 0.3623984375 0.4350555555555556 0.0508046875 0.20769444444444443
5 0.3846171875 0.43512500000000004 0.04090625 0.18559722222222222