5 0.7158515624999999 0.5531666666666666 0.0677578125 0.22283333333333333
5 0.631734375 0.5938333333333333 0.056234375 0.21255555555555555
5 0.20835937499999999 0.6726944444444444 0.0688828125 0.21634722222222225
5 0.5666015625 0.5894444444444444 0.057874999999999996 0.20597222222222225
5 0.5109296875 0.49356944444444445 0.057296875000000004 0.22269444444444444
6 0.4209921875 0.7312222222222222 0.05509375 0.20274999999999999
5 0.35554687500000004 0.5800694444444444 0.0510625 0.23251388888888888
7 0.13009375 0.11194444444444443 0.03753125 0.08466666666666667
5 0.5724218750000001 0.4025 0.05425 0.15831944444444443
5 0.2851015625 0.5346111111111111 0.042484375000000005 0.21518055555555557
5 0.7225234375 0.32179166666666664 0.0508046875 0.158875
2 0.3536640625 0.24983333333333332 0.029515625 0.06340277777777778
0 0.33328125000000003 0.18902777777777777 0.0358203125 0.14602777777777778
6 0.94371875 0.31522222222222224 0.0397109375 0.16558333333333333
5 0.342875 0.45949999999999996 0.044664062500000004 0.16952777777777778
7 0.30496875 0.05372222222222222 0.026351562499999998 0.10743055555555554
6 0.309765625 0.3015416666666667 0.029914062499999998 0.13654166666666667
1 0.5402890625000001 0.6016250000000001 0.018195312499999998 0.034486111111111106