5 0.224578125 0.6856944444444444 0.07371093749999999 0.20736111111111113
5 0.545578125 0.5838888888888889 0.0533828125 0.18608333333333332
5 0.6193203125 0.5764722222222223 0.052289062500000004 0.2131388888888889
5 0.5011953124999999 0.49943055555555554 0.0644296875 0.2151388888888889
0 0.3422578125 0.19070833333333334 0.0435078125 0.1531388888888889
5 0.59246875 0.4060972222222222 0.049312499999999995 0.1735138888888889
5 0.3555390625 0.5764166666666667 0.05645312500000001 0.2262222222222222
6 0.42503906249999995 0.7420277777777777 0.060289062500000004 0.2065972222222222
5 0.702984375 0.5334027777777778 0.0718359375 0.20206944444444447
7 0.136828125 0.11662499999999999 0.031484374999999995 0.08379166666666667
5 0.751453125 0.34634722222222225 0.0599765625 0.14245833333333333
5 0.297515625 0.5464444444444444 0.051054687499999994 0.2153888888888889
2 0.365484375 0.2546388888888889 0.028468749999999998 0.06554166666666666
6 0.9553593749999999 0.3191805555555556 0.0405625 0.167125
1 0.5178671875 0.6030416666666667 0.018195312499999998 0.028694444444444446
5 0.3555078125 0.43894444444444447 0.047046875 0.16208333333333333
7 0.3148515625 0.05605555555555555 0.025500000000000002 0.1121111111111111
6 0.32130468749999996 0.30193055555555554 0.0316171875 0.13670833333333335