5 0.5002037617554859 0.38966666666666666 0.03517241379310345 0.16930555555555557
5 0.4004075235109718 0.3413611111111111 0.029216300940438873 0.16988888888888887
5 0.6410971786833856 0.36744444444444446 0.03147335423197492 0.16416666666666668
5 0.33871473354231973 0.4554722222222222 0.038479623824451414 0.14094444444444446
5 0.5375548589341692 0.4735555555555555 0.0338871473354232 0.18944444444444444
0 0.7489184952978056 0.2056388888888889 0.031645768025078375 0.1291111111111111
5 0.4201567398119122 0.5863333333333334 0.04821316614420063 0.17044444444444445
5 0.34418495297805646 0.6038888888888889 0.058589341692789974 0.18591666666666667
7 0.7775862068965518 0.08133333333333334 0.027335423197492166 0.13072222222222224
6 0.9603605015673982 0.5366111111111111 0.041536050156739814 0.19236111111111112
5 0.6733855799373041 0.39758333333333334 0.03020376175548589 0.17480555555555555
1 0.31158307210031344 0.6354166666666666 0.015219435736677117 0.02808333333333333
6 0.45305642633228843 0.2967222222222222 0.028996865203761754 0.13744444444444442
5 0.39391849529780565 0.6381388888888888 0.042194357366771164 0.18091666666666664
7 0.917319749216301 0.19080555555555556 0.026144200626959248 0.08511111111111111
5 0.4251567398119122 0.532 0.043072100313479626 0.09702777777777778
6 0.1745141065830721 0.6789444444444445 0.046222570532915355 0.19675
2 0.728730407523511 0.2552222222222222 0.03181818181818182 0.051472222222222225