0 0.6593984374999999 0.220625 0.04390625 0.14069444444444443
6 0.29317187499999997 0.7875416666666666 0.0636640625 0.24676388888888887
7 0.8821484375 0.13534722222222223 0.04240625 0.10415277777777777
5 0.2655078125 0.4550138888888889 0.0498984375 0.19065277777777778
5 0.47894531249999994 0.45113888888888887 0.04525 0.18629166666666666
2 0.6366796875 0.28330555555555553 0.029734375 0.05618055555555556
5 0.7008281249999999 0.6195694444444444 0.0527578125 0.24708333333333335
5 0.3962890625 0.45386111111111105 0.0600859375 0.17402777777777778
6 0.28107812499999996 0.3322083333333333 0.0394921875 0.1356527777777778
5 0.346140625 0.46655555555555556 0.052945312499999994 0.20381944444444444
5 0.7953828125 0.6676527777777778 0.051484375000000006 0.17190277777777777
7 0.686109375 0.08066666666666666 0.029734375 0.14455555555555555
6 0.9180234374999999 0.6094722222222222 0.045882812499999995 0.2302361111111111
5 0.5249609375000001 0.45775 0.042960937500000004 0.18543055555555554
1 0.24095312500000002 0.5171388888888888 0.013851562500000001 0.02402777777777778
5 0.5427187499999999 0.36406944444444445 0.0433359375 0.14620833333333333
8 0.24118750000000003 0.5299722222222222 0.006875000000000001 0.010013888888888888
5 0.526140625 0.38675 0.038421875 0.12169444444444445