5 0.40569531249999996 0.5519444444444445 0.06301562499999999 0.2489722222222222
5 0.1538984375 0.735013888888889 0.11737500000000001 0.27445833333333336
5 0.6380859375 0.466875 0.05525 0.2360833333333333
5 0.70940625 0.5212083333333333 0.0896640625 0.22070833333333334
2 0.781609375 0.2546111111111111 0.038351562500000005 0.07215277777777779
6 0.49810156250000004 0.3189861111111111 0.049171875 0.19720833333333335
0 0.8047812499999999 0.18802777777777777 0.067265625 0.16125
7 0.8460078125000001 0.035416666666666666 0.0348828125 0.07005555555555555
6 0.042140625 0.914888888888889 0.0842734375 0.16227777777777777
1 0.201515625 0.8865277777777777 0.036578125 0.04620833333333334
1 0.756640625 0.3640416666666667 0.0165859375 0.03215277777777777