0 0.21034375 0.2209722222222222 0.0445546875 0.163125
2 0.2413203125 0.2798611111111111 0.036359375 0.06463888888888888
5 0.8044453125000001 0.6630694444444445 0.058562499999999997 0.20152777777777778
5 0.7617890625 0.5181111111111112 0.060812500000000005 0.23806944444444444
5 0.4817265625 0.7031944444444445 0.0871015625 0.242875
5 0.344 0.5165555555555555 0.0537109375 0.249375
6 0.2552109375 0.37043055555555554 0.047078125 0.17731944444444445
5 0.42035156249999994 0.64425 0.0551640625 0.20127777777777775
7 0.1859765625 0.08004166666666666 0.0338125 0.14854166666666668
5 0.2961875 0.47851388888888885 0.051265625 0.21409722222222222
5 0.5248437499999999 0.5174722222222222 0.059304687499999995 0.2175972222222222
6 0.41776562500000003 0.7755416666666667 0.062125 0.19897222222222222
5 0.5049140624999999 0.45843055555555556 0.0357890625 0.13958333333333334
1 0.40639843750000004 0.265 0.0172890625 0.025805555555555554
5 0.2563046875 0.48844444444444446 0.059835937500000005 0.17891666666666667