0 0.258125 0.178 0.0435703125 0.16029166666666667
5 0.289859375 0.6240138888888889 0.0595078125 0.2725416666666666
5 0.7240078125 0.3807916666666667 0.0764609375 0.2231111111111111
5 0.590734375 0.626375 0.09384375 0.2554861111111111
5 0.9356015624999999 0.5942222222222222 0.078390625 0.282
5 0.9673281250000001 0.7633611111111112 0.06403125 0.3094722222222222
5 0.2465234375 0.4375 0.0532421875 0.25966666666666666
6 0.3137890625 0.30516666666666664 0.045640625000000004 0.20183333333333334
6 0.6288359375 0.8747222222222222 0.06343750000000001 0.2505555555555556
5 0.9761171875000001 0.4534722222222222 0.047343750000000004 0.26180555555555557
5 0.44608593750000003 0.5035277777777778 0.0824296875 0.21395833333333336
5 0.42097656250000004 0.440625 0.051531249999999994 0.23725
2 0.2912578125 0.25205555555555553 0.0414375 0.07886111111111112
7 0.2213828125 0.05216666666666667 0.0327421875 0.10434722222222222
7 0.0078359375 0.07775 0.015671875 0.12261111111111112