5 0.35860156249999997 0.7046666666666667 0.0701640625 0.21543055555555557
5 0.43499218749999996 0.56825 0.057640625 0.19872222222222224
5 0.9321718750000001 0.5253055555555556 0.044929687499999996 0.1907777777777778
5 0.7348125 0.47168055555555555 0.045859375 0.18754166666666666
5 0.364015625 0.36883333333333335 0.045609375 0.1688888888888889
0 0.276359375 0.19155555555555553 0.0457578125 0.13965277777777776
5 0.6312734375 0.48886111111111114 0.057796875000000004 0.18245833333333333
6 0.8559765625000001 0.3044722222222222 0.0352890625 0.17054166666666667
5 0.23771874999999998 0.46580555555555553 0.0635625 0.20551388888888888
5 0.5291171875 0.4247638888888889 0.069078125 0.20797222222222222
7 0.0730859375 0.11365277777777777 0.041023437499999996 0.09166666666666666
6 0.4026953125 0.7328888888888888 0.045359375 0.2038611111111111
5 0.3249140625 0.31354166666666666 0.0440234375 0.1598611111111111
2 0.29977343749999996 0.24868055555555557 0.029484375 0.06134722222222223
5 0.2839375 0.45216666666666666 0.06987499999999999 0.20558333333333334
7 0.25060937499999997 0.06416666666666668 0.0258984375 0.11713888888888889
1 0.6349140625 0.46897222222222223 0.013679687500000001 0.026333333333333334