5 0.50840625 0.6264861111111111 0.05265625 0.21141666666666667
7 0.15534375 0.11888888888888888 0.039054687500000004 0.09898611111111111
5 0.5830390624999999 0.4290972222222222 0.0735078125 0.178
0 0.3769921875 0.20198611111111112 0.0428046875 0.15843055555555555
6 0.458703125 0.7878333333333334 0.047765625 0.2014861111111111
5 0.7233671875 0.3211805555555556 0.0427890625 0.18001388888888892
2 0.39952343749999997 0.2669861111111111 0.033671875000000004 0.06588888888888889
5 0.39690625 0.6138888888888889 0.058328124999999995 0.2662083333333333
5 0.3497109375 0.6091111111111112 0.0650703125 0.2401111111111111
5 0.5014921875 0.7570972222222222 0.0654296875 0.25094444444444447
5 0.48451562499999995 0.5254305555555555 0.05600000000000001 0.21161111111111114
5 0.37296874999999996 0.5187083333333333 0.0329765625 0.14477777777777778
5 0.5169609375 0.4482361111111111 0.052375000000000005 0.15938888888888889
6 0.9883359374999999 0.3577361111111111 0.023328124999999998 0.16654166666666667
7 0.3445390625 0.04975 0.031257812499999996 0.0995
5 0.4742890625 0.4725277777777778 0.0498671875 0.18394444444444444
1 0.47104687500000003 0.16356944444444443 0.018187500000000002 0.03269444444444444