7 0.12457812500000001 0.11273611111111112 0.039078125000000005 0.11436111111111112
7 0.323125 0.05318055555555556 0.031671875 0.10636111111111111
6 0.14844531249999998 0.5757638888888889 0.039953125 0.21633333333333332
6 0.756984375 0.7846666666666667 0.05390625 0.08168055555555556
5 0.17179687500000002 0.7429861111111111 0.064078125 0.25140277777777775
5 0.41167968750000006 0.8016944444444445 0.060421875 0.2816944444444444
5 0.297828125 0.59175 0.060929687499999996 0.22054166666666666
5 0.5095703125 0.6068749999999999 0.053859375 0.24770833333333334
5 0.66646875 0.7634861111111112 0.1141796875 0.20908333333333332
5 0.7522031250000001 0.5607361111111111 0.0615625 0.2295
5 0.8326015625000001 0.3962222222222222 0.045015625 0.1998472222222222
5 0.72896875 0.40294444444444444 0.062890625 0.18241666666666667
6 0.6700390625 0.2773888888888889 0.0414765625 0.1844027777777778
5 0.497421875 0.34552777777777777 0.048562499999999995 0.1848888888888889
5 0.4815703125 0.25679166666666664 0.053421874999999994 0.17408333333333334
2 0.375890625 0.2663611111111111 0.0347734375 0.07284722222222223
0 0.32899305555555564 0.16512345679012358 0.33052571614583337 0.29626615547839513 0.37812974717881953 0.2301492573302469 0.3734503851996528 0.11924913194444445
1 0.8301741803278689 0.4480874316939891 0.8326350978163422 0.4513292990095629 0.8337112176613729 0.45425365010245905 0.8342330182184939 0.4573638860428051 0.8343645940061476 0.4600027393556466 0.8344041167712604 0.4634945284039162 0.83380126953125 0.46589324339708565 0.8317615946785348 0.4697443505236794 0.8308090460105021 0.47190470599954465 0.8303637895427766 0.4733784437613844 0.8296969054175205 0.47281456341074685 0.8286638103547643 0.46964562699225865 0.8285707567558914 0.46653628045309653 0.8284151671362705 0.46316811816939896 0.8287003313908812 0.45880026895491804 0.8291650990970799 0.45428477914389803 0.8299195336513833 0.4507689762636612