0 0.3833359375 0.1886527777777778 0.04265625 0.17168055555555556
5 0.73775 0.7692777777777777 0.077234375 0.255
5 0.5450468749999999 0.7066944444444444 0.0759765625 0.2532916666666667
6 0.470484375 0.8002916666666667 0.064640625 0.18058333333333335
7 0.140171875 0.09286111111111112 0.041507812500000005 0.11431944444444445
5 0.3821015625 0.5424305555555555 0.054484374999999995 0.22962500000000002
5 0.7958359374999999 0.3365138888888889 0.050187499999999996 0.21743055555555557
5 0.40765624999999994 0.6066527777777778 0.0643046875 0.26065277777777773
5 0.47417968750000006 0.44352777777777774 0.057914062499999995 0.2160416666666667
5 0.4433359375 0.6395694444444444 0.06216406249999999 0.27059722222222227
2 0.40462499999999996 0.2509166666666667 0.043125000000000004 0.06904166666666667
5 0.43227343749999997 0.4982638888888889 0.0430859375 0.14931944444444445
7 0.3471171875 0.03965277777777778 0.031734374999999995 0.07930555555555556
5 0.4314609375 0.4014861111111111 0.045734375 0.10854166666666668
1 0.41233593749999997 0.19363888888888886 0.014960937499999999 0.037375