5 0.7358671875 0.4827916666666667 0.0574921875 0.17879166666666665
5 0.3509296875 0.6851944444444444 0.065578125 0.22194444444444447
5 0.9263828125 0.5256805555555556 0.0491875 0.17994444444444443
0 0.27371093750000003 0.18775 0.0373359375 0.14833333333333332
5 0.368796875 0.3661805555555555 0.0408515625 0.15919444444444444
5 0.432703125 0.5688472222222222 0.0504765625 0.19830555555555557
5 0.3397421875 0.2995277777777778 0.0424453125 0.1450972222222222
5 0.6373828125000001 0.5158611111111111 0.058351562499999995 0.18095833333333333
6 0.8538359375000001 0.3031666666666667 0.0338828125 0.15777777777777777
7 0.073375 0.10919444444444446 0.03796875 0.08433333333333333
5 0.513484375 0.42866666666666664 0.0684609375 0.2016388888888889
6 0.397765625 0.7262083333333333 0.044015625 0.19345833333333332
5 0.280203125 0.4611388888888889 0.0486171875 0.20543055555555556
5 0.238203125 0.4439166666666667 0.045492187499999996 0.1816111111111111
2 0.29969531250000003 0.24480555555555555 0.0268125 0.059541666666666666
8 0.375875 0.26576388888888886 0.0252265625 0.11995833333333333
6 0.25877343750000004 0.3015277777777778 0.0290859375 0.13822222222222222
1 0.65771875 0.5815972222222222 0.015210937499999999 0.02263888888888889
7 0.246390625 0.04252777777777778 0.0325546875 0.08505555555555556