6 0.8786093749999999 0.23769444444444443 0.0419453125 0.21920833333333334
6 0.4240234375 0.8387638888888889 0.06852343749999999 0.29788888888888887
6 0.2357109375 0.22911111111111113 0.051140624999999995 0.18375000000000002
5 0.7487734374999999 0.7723888888888889 0.065625 0.33181944444444444
5 0.1482734375 0.7675694444444444 0.081265625 0.30675
5 0.25934375 0.6253055555555556 0.06903125 0.3030833333333333
5 0.6538515625 0.603875 0.0742421875 0.28491666666666665
5 0.8624218750000001 0.37497222222222226 0.1050546875 0.23450000000000001
5 0.648578125 0.36701388888888886 0.062226562500000006 0.2710694444444444
5 0.4265625 0.12859722222222222 0.0371484375 0.143
5 0.386171875 0.3645555555555556 0.055781250000000004 0.24002777777777776
5 0.3501171875 0.3218611111111111 0.0601796875 0.22395833333333334
5 0.4261875 0.274125 0.043453124999999995 0.22418055555555555
2 0.2445703125 0.1723611111111111 0.0360234375 0.08854166666666667
0 0.19184027777777782 0.1898148148148149 0.18835110134548613 0.05016034915123464 0.23461235894097227 0 0.2412143283420139 0.13133559992283952
1 0.8536484375000001 0.45358333333333334 0.016523437499999998 0.02801388888888889
3 0.8530625000000001 0.46818055555555554 0.0114375 0.007472222222222222