0 0.637578125 0.19569444444444445 0.0464375 0.1418888888888889
6 0.57040625 0.7529583333333333 0.0689609375 0.21181944444444442
5 0.5580859375 0.4091666666666667 0.0521796875 0.17693055555555556
5 0.48117968749999995 0.7014444444444444 0.0699921875 0.2542916666666667
5 0.512296875 0.5379861111111112 0.052828125000000004 0.16559722222222223
7 0.8423671875000001 0.11411111111111111 0.037828125000000004 0.08929166666666667
5 0.46047656249999996 0.48093055555555553 0.044921875 0.1793472222222222
7 0.6660390625 0.064375 0.021453125 0.11291666666666667
5 0.3795 0.47552777777777777 0.053742187500000003 0.20011111111111113
5 0.32697656249999996 0.34647222222222224 0.0343515625 0.13905555555555557
5 0.3236640625 0.48712500000000003 0.060804687499999996 0.2065972222222222
5 0.49617187500000004 0.26366666666666666 0.035898437500000005 0.17681944444444445
6 0.6435078125 0.31905555555555554 0.0378125 0.15311111111111111
5 0.230859375 0.3137916666666667 0.0398515625 0.18269444444444444
5 0.466640625 0.5744583333333334 0.03703125 0.20723611111111112
2 0.61928125 0.24744444444444444 0.0323125 0.056
1 0.5046796875 0.5887361111111111 0.0172578125 0.029611111111111112
6 0.117265625 0.30193055555555554 0.03528125 0.18544444444444447