5 0.25181818181818183 0.5375833333333333 0.07559561128526646 0.2644444444444444
5 0.8453605015673982 0.5493055555555556 0.07178683385579937 0.2720277777777778
5 0.4337931034482759 0.6954444444444445 0.09299373040752351 0.24919444444444444
5 0.18136363636363637 0.4141944444444445 0.06476489028213166 0.2674722222222222
5 0.555282131661442 0.552611111111111 0.06891849529780564 0.2910277777777778
5 0.6790752351097179 0.4196666666666667 0.06692789968652038 0.19127777777777777
1 0.8133228840125392 0.5276111111111111 0.016990595611285266 0.03108333333333333
5 0.6962695924764891 0.6703333333333333 0.07454545454545455 0.21991666666666668
6 0.6533385579937304 0.7265833333333334 0.05410658307210032 0.12225
5 0.31990595611285266 0.34241666666666665 0.0755485893416928 0.22591666666666665
5 0.5108150470219436 0.2752777777777778 0.07846394984326019 0.19066666666666668
5 0.6222100313479624 0.2791666666666667 0.07774294670846395 0.21052777777777779