5 0.5386520376175549 0.5521666666666667 0.07175548589341693 0.23241666666666666
6 0.9131818181818182 0.8703888888888888 0.08650470219435737 0.25269444444444444
5 0.31031347962382444 0.6443333333333333 0.06452978056426333 0.24575
5 0.6759404388714734 0.6989444444444445 0.055188087774294674 0.2529722222222222
6 0.7430721003134796 0.35491666666666666 0.0834012539184953 0.20777777777777778
5 0.8390752351097179 0.4271666666666667 0.07492163009404389 0.2926666666666667
5 0.6333699059561129 0.6005277777777778 0.06512539184952977 0.25972222222222224
5 0.7012068965517242 0.6310277777777777 0.07203761755485893 0.19091666666666668
5 0.8649059561128526 0.4371944444444444 0.057021943573667716 0.26063888888888886
5 0.13155172413793104 0.6746666666666666 0.06012539184952978 0.258
2 0.2663322884012539 0.28900000000000003 0.046081504702194354 0.07558333333333334
0 0.198991413384217 0.3115942028985507 0.19720785913861252 0.17293648097826092 0.26731485109717873 0.13358148399758452 0.2680495689655173 0.2792213919082126