5 0.430359375 0.6092222222222222 0.09596875 0.2585972222222222
5 0.9076718749999999 0.7155277777777778 0.0719453125 0.32493055555555556
5 0.3919921875 0.45261111111111113 0.048320312500000004 0.25156944444444446
5 0.3117578125 0.5829305555555555 0.05709375 0.2615138888888889
6 0.486171875 0.8194999999999999 0.0545625 0.12805555555555556
5 0.584953125 0.35523611111111114 0.060828125 0.1834027777777778
5 0.7485546875 0.5484305555555555 0.06867187500000001 0.25701388888888893
5 0.3040078125 0.4418472222222222 0.055374999999999994 0.17969444444444443
0 0.2629375 0.1818888888888889 0.0454765625 0.1555277777777778
6 0.3081875 0.2979722222222222 0.0430546875 0.16969444444444445
5 0.9242265625 0.4092222222222222 0.0472890625 0.23054166666666667
2 0.2925703125 0.25716666666666665 0.03715625 0.08248611111111111
7 0.011703125 0.08719444444444445 0.023015625 0.11975
5 0.42107031250000004 0.4597916666666667 0.024828125 0.25475
7 0.2251796875 0.04786111111111111 0.032960937499999995 0.09572222222222222