6 0.6542633228840126 0.6621111111111111 0.053824451410658315 0.18183333333333332
5 0.8144200626959248 0.4791666666666667 0.04166144200626959 0.20747222222222222
6 0.5652978056426333 0.2923888888888889 0.03415360501567398 0.16319444444444445
5 0.17189655172413792 0.5257777777777778 0.047774294670846394 0.16275
5 0.2976489028213166 0.5455 0.056300940438871475 0.18325
5 0.30374608150470217 0.38219444444444445 0.05329153605015674 0.13597222222222222
5 0.6520219435736677 0.48091666666666666 0.044858934169279 0.17519444444444446
5 0.08018808777429466 0.5791666666666667 0.05225705329153606 0.22886111111111113
5 0.36761755485893416 0.28505555555555556 0.036630094043887146 0.17280555555555555
5 0.28446708463949844 0.3423333333333333 0.04963949843260188 0.17019444444444445
5 0.35548589341692793 0.33113888888888887 0.03630094043887147 0.1816111111111111
6 0.028025078369905955 0.5155833333333334 0.042413793103448276 0.20027777777777775
0 0.20308027804279682 0.25724637681159424 0.19843505094043887 0.14070991847826086 0.24015158613874887 0.10736526268115953 0.24239567006269597 0.22485941274154592
2 0.24225705329153605 0.2395 0.02520376175548589 0.05627777777777778