5 0.5220546875000001 0.3645972222222222 0.0884140625 0.18425
5 0.34953124999999996 0.7658611111111111 0.1295703125 0.23829166666666665
5 0.055046874999999995 0.6980694444444444 0.0992578125 0.2829305555555556
5 0.6929296875000001 0.6489305555555556 0.1084375 0.22279166666666667
0 0.7307890625 0.1844722222222222 0.0556015625 0.1572361111111111
2 0.7035859375 0.25269444444444444 0.0381328125 0.07830555555555556
7 0.7618984375 0.03079166666666667 0.0325 0.06156944444444444
7 0.9833515625 0.08470833333333333 0.033296875 0.13269444444444445
5 0.8927734375 0.5590277777777778 0.10704687500000001 0.23070833333333335
1 0.6830859375 0.6791111111111111 0.021765625 0.040263888888888884
6 0.3876484375 0.8293888888888888 0.062234374999999995 0.1057361111111111