0 0.207265625 0.22152777777777777 0.0467421875 0.16102777777777777
2 0.23030468750000002 0.2810694444444444 0.03771875 0.06309722222222222
5 0.7668359375 0.506625 0.072125 0.23487500000000003
5 0.80759375 0.6584305555555555 0.0472421875 0.19677777777777777
7 0.178109375 0.07965277777777778 0.0340078125 0.14691666666666667
5 0.49116406250000005 0.7064305555555556 0.077046875 0.25581944444444443
6 0.420328125 0.7732638888888889 0.058562499999999997 0.19076388888888887
5 0.34728906249999997 0.5266944444444445 0.0438046875 0.20516666666666666
5 0.42846875000000006 0.6403333333333333 0.051539062499999996 0.1797083333333333
5 0.5162656250000001 0.5093611111111112 0.0590078125 0.23895833333333336
5 0.2983828125 0.4958472222222222 0.06878125 0.219625
6 0.2643046875 0.35144444444444445 0.044359375 0.14783333333333332
5 0.5450859375 0.5235416666666667 0.054593749999999996 0.2212916666666667
5 0.2513125 0.4858055555555555 0.0662890625 0.1839583333333333
1 0.42184375 0.2518472222222222 0.0155546875 0.026430555555555558