6 0.5791953125 0.7824722222222222 0.08158593750000001 0.20572222222222222
5 0.61246875 0.6724444444444445 0.08165625 0.239625
5 0.3436484375 0.5771527777777778 0.063203125 0.2387361111111111
5 0.7032890625 0.7008611111111112 0.0964765625 0.25298611111111113
5 0.4574765625 0.49162500000000003 0.05975781249999999 0.20676388888888889
5 0.24132812499999998 0.5266666666666666 0.054859375 0.21886111111111112
5 0.19832812500000002 0.55575 0.050296875 0.22686111111111112
5 0.873671875 0.6440555555555556 0.05689062499999999 0.22430555555555556
5 0.9477578125000001 0.5052361111111111 0.07528125 0.2199861111111111
5 0.6870937500000001 0.471875 0.061046875 0.22325
6 0.353015625 0.3411666666666667 0.0696640625 0.1646527777777778
1 0.6534609375 0.5625555555555556 0.0199921875 0.03166666666666667