5 0.5214921875 0.5827916666666667 0.059687500000000004 0.16234722222222223
5 0.355515625 0.5913888888888889 0.051898437500000005 0.22897222222222224
0 0.353 0.19654166666666664 0.0405703125 0.15911111111111112
5 0.67859375 0.5085972222222223 0.066796875 0.19681944444444446
6 0.43396093750000003 0.7485972222222222 0.0615078125 0.1985138888888889
5 0.5950859375 0.5588194444444444 0.0515625 0.17520833333333335
5 0.265328125 0.7055972222222222 0.090953125 0.1935972222222222
5 0.759046875 0.36275 0.06587499999999999 0.13134722222222223
7 0.1446484375 0.11591666666666665 0.04378125 0.09706944444444444
5 0.49305468750000003 0.49724999999999997 0.057546875 0.20381944444444444
5 0.61478125 0.40918055555555555 0.0556875 0.15527777777777776
5 0.3033828125 0.5647083333333333 0.052234375 0.22626388888888888
6 0.96675 0.3336944444444444 0.051671875 0.17420833333333335
5 0.360484375 0.44177777777777777 0.0541875 0.15043055555555557
7 0.322046875 0.06391666666666668 0.028617187500000002 0.1151388888888889
2 0.3764609375 0.26334722222222223 0.0240625 0.06231944444444444
1 0.5099296875 0.5734166666666667 0.0167421875 0.03294444444444444