5 0.7329296875 0.6271944444444444 0.114421875 0.23629166666666665
5 0.0720859375 0.37902777777777774 0.08890624999999999 0.23238888888888887
5 0.915078125 0.54275 0.10386718749999999 0.21508333333333335
5 0.5460234374999999 0.3360972222222222 0.0539921875 0.17256944444444444
6 0.4873125 0.8004583333333334 0.06183593750000001 0.16794444444444445
5 0.22435156250000002 0.6810555555555555 0.1018828125 0.22854166666666667
5 0.40259375000000003 0.7505694444444444 0.10260156250000001 0.2255138888888889
1 0.6617968750000001 0.6354861111111111 0.0190546875 0.034777777777777776
2 0.89496875 0.2422083333333333 0.0438203125 0.06073611111111111
0 0.92615625 0.18326388888888887 0.05996875 0.14591666666666667
7 0.9610703125000001 0.037986111111111116 0.03609375 0.06906944444444443