5 0.5792265624999999 0.5892222222222222 0.0681875 0.2811527777777778
6 0.46578125000000004 0.8677222222222222 0.070703125 0.21418055555555557
5 0.2455625 0.5809444444444444 0.0701171875 0.22925
5 0.439265625 0.46145833333333336 0.061281249999999995 0.21209722222222224
5 0.21065625 0.6810972222222222 0.06803125 0.263875
0 0.6614765625000001 0.18411111111111111 0.058210937500000004 0.1932638888888889
5 0.663796875 0.4776944444444444 0.0487265625 0.2358611111111111
7 0.9348281249999999 0.08713888888888889 0.052468749999999995 0.15806944444444446
5 0.4666953125 0.6642777777777777 0.0791875 0.2609444444444444
1 0.703234375 0.6314166666666666 0.018203125 0.03344444444444444
6 0.6586484375 0.3422777777777778 0.0392734375 0.1575138888888889
5 0.486828125 0.5776527777777778 0.057937499999999996 0.3122638888888889
7 0.6909140625 0.05491666666666666 0.030570312500000002 0.10983333333333332
2 0.6318828125 0.26034722222222223 0.0421640625 0.07372222222222222