5 0.2368046875 0.5070138888888889 0.065734375 0.20481944444444444
5 0.63853125 0.46955555555555556 0.0757734375 0.20723611111111112
5 0.607515625 0.6998333333333333 0.09471093750000001 0.2184861111111111
0 0.134890625 0.215625 0.0490390625 0.16572222222222222
5 0.525625 0.6587638888888889 0.0666875 0.2413888888888889
6 0.318640625 0.35566666666666663 0.0462578125 0.16622222222222224
5 0.8685625 0.488625 0.05665625 0.184
2 0.1605625 0.2735138888888889 0.0307265625 0.07415277777777778
6 0.490796875 0.7639583333333333 0.049390625 0.1874722222222222
5 0.8613046875 0.6602777777777777 0.076296875 0.20920833333333333
7 0.10039843749999999 0.06755555555555556 0.03559375 0.13244444444444445
5 0.3478359375 0.5611666666666667 0.06428906250000001 0.2243611111111111
5 0.510828125 0.4489166666666667 0.0390859375 0.22094444444444447
5 0.27765625 0.5304861111111111 0.0494921875 0.19923611111111109
1 0.5919609375 0.29520833333333335 0.017625 0.026916666666666665