5 0.6716171875 0.5736111111111111 0.052046875000000006 0.16279166666666667
5 0.834734375 0.6887083333333334 0.035546875 0.21868055555555554
5 0.57890625 0.7603333333333334 0.055132812499999996 0.21115277777777777
5 0.433109375 0.6974444444444445 0.047015625 0.16472222222222221
5 0.582109375 0.30669444444444444 0.035859375 0.1451388888888889
5 0.709828125 0.38552777777777775 0.0317265625 0.13813888888888887
5 0.49311718750000005 0.37993055555555555 0.0423203125 0.16066666666666668
5 0.4001953125 0.48120833333333335 0.0434296875 0.13256944444444446
5 0.346375 0.589375 0.045179687499999996 0.18270833333333336
5 0.316953125 0.45866666666666667 0.044664062500000004 0.12765277777777778
5 0.25460937499999997 0.4274444444444444 0.049398437499999996 0.1525138888888889
5 0.1518828125 0.34494444444444444 0.029203125000000003 0.13433333333333333
5 0.1702578125 0.4091666666666667 0.047875 0.11990277777777777
1 0.17278906249999998 0.47954166666666664 0.011664062499999999 0.020194444444444442
3 0.1731015625 0.4904305555555556 0.010734375 0.006194444444444444
7 0.8774374999999999 0.20772222222222222 0.0340390625 0.07841666666666666
7 0.72771875 0.16422222222222221 0.0258046875 0.10437500000000001
0 0.6890014648437499 0.2090386284722222 0.718389892578125 0.2464626736111111 0.716217041015625 0.3344581886574074 0.6873433430989583 0.2908890335648148
2 0.6840625 0.3219027777777778 0.030632812500000002 0.05677777777777778