5 0.5424921630094044 0.5878333333333333 0.08278996865203762 0.19327777777777777
5 0.7445454545454545 0.2513611111111111 0.047539184952978056 0.15880555555555556
5 0.6469749216300941 0.49294444444444446 0.05575235109717868 0.19141666666666665
5 0.4919905956112852 0.4111944444444445 0.05520376175548589 0.18005555555555552
5 0.4710501567398119 0.6341111111111111 0.060673981191222574 0.15083333333333332
5 0.7150156739811913 0.3887777777777778 0.05137931034482759 0.1559722222222222
6 0.644858934169279 0.6894444444444444 0.04982758620689655 0.12505555555555556
6 0.21890282131661443 0.3574166666666666 0.03689655172413793 0.16544444444444445
5 0.9746081504702193 0.5629444444444445 0.04454545454545455 0.19016666666666665
5 0.24443573667711596 0.42680555555555555 0.04884012539184953 0.17352777777777778
5 0.5178213166144201 0.3155 0.03285266457680251 0.1311388888888889
1 0.49786833855799373 0.63825 0.01219435736677116 0.019666666666666666