5 0.270171875 0.6633055555555555 0.06589062500000001 0.22923611111111114
5 0.5387890625 0.46538888888888885 0.05078125 0.2249722222222222
6 0.3982265625 0.7224861111111112 0.0559921875 0.1904722222222222
5 0.75303125 0.5583611111111111 0.055640625 0.2195
5 0.399421875 0.5860277777777778 0.0607421875 0.1938888888888889
5 0.28607031250000003 0.4285972222222222 0.047585937499999995 0.18455555555555556
0 0.274375 0.1832777777777778 0.0426953125 0.15069444444444444
5 0.845703125 0.5926805555555555 0.06596093750000001 0.18663888888888888
7 0.0763515625 0.10809722222222222 0.0380078125 0.08734722222222223
5 0.418265625 0.3535416666666667 0.04325 0.16419444444444445
6 0.8633984375000001 0.29808333333333337 0.0314375 0.15693055555555555
5 0.45055468750000005 0.2654722222222222 0.039781250000000004 0.15688888888888888
5 0.3080859375 0.41513888888888884 0.047734375 0.19079166666666666
2 0.3 0.240625 0.0245546875 0.056472222222222215
5 0.8126093750000001 0.5647638888888888 0.0455390625 0.1684027777777778
1 0.8165078125 0.6693333333333333 0.0167421875 0.029027777777777777
7 0.248046875 0.042625 0.03359375 0.08525