6 0.6355015673981191 0.664138888888889 0.060673981191222574 0.21261111111111114
5 0.7758307210031348 0.4821111111111111 0.05213166144200627 0.19463888888888886
5 0.31724137931034485 0.5295555555555556 0.06167711598746082 0.20655555555555555
5 0.31937304075235107 0.3784722222222222 0.038479623824451414 0.1592222222222222
5 0.6420376175548589 0.4783333333333333 0.0585423197492163 0.16916666666666666
6 0.5882758620689655 0.2975833333333333 0.03366771159874608 0.15719444444444444
5 0.20112852664576802 0.52925 0.04971786833855799 0.1683611111111111
5 0.28713166144200625 0.3537777777777778 0.041363636363636366 0.17133333333333334
5 0.13163009404388715 0.5671111111111111 0.04495297805642633 0.22841666666666668
5 0.08896551724137931 0.5641111111111111 0.04695924764890282 0.19825
6 0.033369905956112854 0.5175833333333334 0.044937304075235114 0.19458333333333333
2 0.26802507836990597 0.24105555555555555 0.03311912225705329 0.05458333333333333
5 0.37614420062695925 0.3333888888888889 0.032774294670846395 0.17647222222222222
5 0.3909717868338558 0.2862777777777778 0.0377742946708464 0.17402777777777778
1 0.7707993730407523 0.4979444444444444 0.016442006269592475 0.027305555555555555
0 0.22488755622188913 0.2644927536231885 0.22207113772659137 0.13607714371980678 0.2638196171800463 0.10712937801932369 0.2654194919585663 0.2205191349637681