5 0.24246875 0.6556666666666666 0.045234375 0.2356111111111111
6 0.399078125 0.7204583333333333 0.0596796875 0.19386111111111112
5 0.438265625 0.3621388888888889 0.0496640625 0.1701527777777778
5 0.38635156249999997 0.5825416666666666 0.0639296875 0.21531944444444445
5 0.8184140624999999 0.5932916666666667 0.0835546875 0.1903888888888889
0 0.27640625 0.17972222222222223 0.0359921875 0.14966666666666667
5 0.271828125 0.43248611111111107 0.045296875 0.16977777777777778
5 0.3151484375 0.42109722222222223 0.052078124999999996 0.18215277777777777
6 0.8648359375 0.29741666666666666 0.0370625 0.16643055555555555
5 0.7590390625000001 0.5376805555555555 0.0455625 0.17738888888888887
7 0.0772109375 0.10725 0.0356328125 0.09459722222222222
5 0.5488203125 0.4789861111111111 0.0527578125 0.2043472222222222
2 0.29991406249999997 0.2394027777777778 0.025070312500000004 0.057944444444444444
6 0.48792187499999995 0.2661527777777778 0.0364140625 0.15023611111111113
5 0.7802109374999999 0.6084722222222223 0.066640625 0.176125
7 0.2495234375 0.05280555555555556 0.0215234375 0.10559722222222222
6 0.26192187499999997 0.27993055555555557 0.03815625 0.14041666666666666
1 0.783921875 0.6049305555555555 0.0172734375 0.03256944444444444