5 0.06590625 0.5403472222222222 0.06937499999999999 0.23441666666666666
5 0.7557109375 0.6563472222222222 0.09358593750000001 0.23880555555555555
5 0.44739843749999997 0.7866666666666666 0.0752890625 0.21380555555555555
5 0.9340624999999999 0.5184305555555555 0.083296875 0.20233333333333334
5 0.3126875 0.5191805555555555 0.0513515625 0.19083333333333335
6 0.5856484375 0.793513888888889 0.0666328125 0.18234722222222222
5 0.629234375 0.34718055555555555 0.06499218749999999 0.15530555555555556
5 0.29996093749999997 0.7240416666666666 0.08256250000000001 0.2346111111111111
5 0.35154687500000004 0.38772222222222225 0.0423046875 0.17365277777777777
6 0.20103906249999998 0.3404027777777778 0.0502421875 0.15783333333333333
1 0.6936718749999999 0.72275 0.016859375 0.029902777777777778
3 0.694296875 0.7387777777777778 0.0109296875 0.007333333333333334