6 0.1838671875 0.9413611111111111 0.058875 0.11729166666666667
5 0.24636718750000003 0.7614444444444445 0.09664062500000001 0.24966666666666665
5 0.5491328125 0.5822083333333333 0.09323437500000001 0.2508472222222222
7 0.9358281249999999 0.08775 0.0478828125 0.13445833333333335
0 0.650625 0.19515277777777776 0.0614140625 0.18158333333333335
7 0.6824921875000001 0.04548611111111111 0.0323203125 0.09098611111111111
2 0.61615625 0.27955555555555556 0.043171875 0.0758611111111111
5 0.8272421874999999 0.5516388888888889 0.084109375 0.2617361111111111
5 0.681265625 0.4725972222222222 0.0685 0.24570833333333333
6 0.5562265625 0.34281944444444445 0.0442734375 0.2083472222222222
1 0.5649453125 0.3444305555555556 0.0177578125 0.034930555555555555