5 0.890846394984326 0.5196111111111111 0.05241379310344827 0.2265833333333333
5 0.6747648902821317 0.4888333333333333 0.04641065830721003 0.17802777777777778
6 0.7773667711598746 0.6833055555555556 0.04862068965517241 0.19058333333333333
6 0.5344357366771161 0.29575 0.03379310344827586 0.15427777777777776
5 0.26297805642633226 0.37947222222222227 0.0527742946708464 0.15019444444444444
5 0.09401253918495298 0.62225 0.06871473354231976 0.17755555555555555
5 0.1973040752351097 0.5068055555555555 0.047476489028213165 0.22955555555555557
5 0.2596551724137931 0.5524166666666667 0.05797805642633229 0.19519444444444442
0 0.18241379310344827 0.19069444444444447 0.0434012539184953 0.15611111111111112
5 0.31689655172413794 0.3333611111111111 0.02865203761755486 0.18363888888888888
5 0.329012539184953 0.2751944444444444 0.041974921630094045 0.17838888888888887
2 0.20332288401253917 0.24155555555555555 0.03184952978056426 0.06522222222222222
5 0.023855799373040755 0.6232222222222222 0.047695924764890284 0.21988888888888888