6 0.44508593750000003 0.77275 0.0610625 0.21323611111111113
0 0.36421875 0.20159722222222223 0.0416953125 0.15430555555555556
5 0.72121875 0.3387222222222222 0.0551171875 0.13427777777777777
5 0.335125 0.5923055555555555 0.061757812499999995 0.21994444444444447
5 0.6321875 0.42918055555555557 0.06565625 0.16125
5 0.4614375 0.5146805555555556 0.060335937500000006 0.2214861111111111
5 0.5980624999999999 0.48491666666666666 0.0605390625 0.20269444444444445
7 0.1498125 0.12525 0.037929687499999996 0.08998611111111111
5 0.35948437499999997 0.7322916666666667 0.061664062500000005 0.22098611111111113
7 0.3333671875 0.06561111111111112 0.0288125 0.11983333333333333
2 0.3900546875 0.26931944444444444 0.0316796875 0.073875
5 0.54 0.5158472222222222 0.058078125 0.23680555555555555
6 0.9888046875000001 0.34554166666666664 0.0223984375 0.18320833333333333
5 0.5156562499999999 0.5200972222222222 0.054546874999999995 0.24915277777777775
5 0.35652343750000004 0.5853194444444445 0.06065625 0.19183333333333333
5 0.3661640625 0.48741666666666666 0.0448359375 0.15858333333333335
1 0.5142187500000001 0.40969444444444447 0.016796875 0.030083333333333333