5 0.31660937499999997 0.6643194444444445 0.061828125 0.22720833333333335
5 0.414546875 0.5761666666666666 0.0625 0.1986111111111111
6 0.39837500000000003 0.7228333333333334 0.050546875000000005 0.19322222222222224
6 0.8554921875 0.29659722222222223 0.033359375000000004 0.16377777777777777
7 0.0745625 0.10593055555555556 0.039203125 0.07943055555555555
5 0.7849296875 0.5018611111111111 0.0690859375 0.15966666666666665
5 0.892625 0.526888888888889 0.060828125 0.15470833333333334
5 0.7080703125000001 0.5432916666666667 0.0896875 0.20154166666666667
0 0.272296875 0.18241666666666667 0.0407109375 0.153375
5 0.384265625 0.36083333333333334 0.040765625 0.16694444444444445
5 0.5105625 0.43813888888888886 0.0552890625 0.21133333333333332
2 0.29790625 0.24140277777777777 0.026546874999999998 0.05745833333333333
5 0.26928125 0.41873611111111114 0.0409765625 0.17508333333333334
5 0.29734375 0.43769444444444444 0.0445 0.19458333333333333
7 0.2514765625 0.06579166666666666 0.0255546875 0.10704166666666666
5 0.3871015625 0.26493055555555556 0.0355390625 0.12041666666666667
6 0.26009375 0.29625 0.0333125 0.13366666666666666
1 0.8347578125 0.5219027777777777 0.0198203125 0.03230555555555556