5 0.5897890625 0.42972222222222217 0.0624921875 0.19191666666666668
7 0.157953125 0.11872222222222223 0.0428828125 0.1094861111111111
5 0.511015625 0.6146111111111111 0.0484921875 0.18543055555555554
0 0.376484375 0.20325000000000001 0.0422421875 0.1607638888888889
5 0.7250625 0.32122222222222224 0.0425078125 0.18643055555555554
2 0.3991015625 0.27181944444444445 0.030796875 0.06644444444444444
5 0.47709375 0.4963472222222222 0.04940625 0.23905555555555555
5 0.3528828125 0.6121666666666666 0.067984375 0.24759722222222225
5 0.397046875 0.6091666666666667 0.061296874999999994 0.23848611111111112
5 0.5161640625 0.4451111111111111 0.048890625 0.15559722222222222
5 0.4930078125 0.7458194444444445 0.0596328125 0.2157638888888889
6 0.4585703125 0.7893333333333334 0.0535859375 0.205125
5 0.49242187499999995 0.5287916666666667 0.0407109375 0.2215138888888889
6 0.9867890625 0.3599861111111111 0.026421875 0.16522222222222221
5 0.37008593749999996 0.4925277777777778 0.027664062499999996 0.08504166666666667
1 0.475234375 0.17393055555555556 0.013945312500000001 0.029277777777777774
7 0.34471875 0.05530555555555556 0.0295859375 0.110625