5 0.6780625 0.6393472222222222 0.09309375 0.2189722222222222
5 0.0220859375 0.708388888888889 0.0440703125 0.26990277777777777
5 0.32846875 0.7760555555555555 0.107203125 0.22333333333333336
5 0.5230625 0.39144444444444443 0.086890625 0.17775000000000002
0 0.6821015625 0.1903888888888889 0.06804687499999999 0.18569444444444444
1 0.6472109374999999 0.7124444444444445 0.020890625 0.034541666666666665
7 0.9481484375000001 0.09040277777777778 0.0455703125 0.12747222222222224
2 0.6565000000000001 0.2634722222222222 0.0395625 0.07658333333333334
7 0.7155078125000001 0.038625 0.037851562500000005 0.07725
5 0.8758125 0.5635833333333333 0.1283515625 0.21943055555555557
6 0.366296875 0.8998611111111111 0.06903125 0.1981111111111111