6 0.46571093750000003 0.7928888888888889 0.062468749999999997 0.1941388888888889
5 0.629796875 0.7635000000000001 0.0865 0.25808333333333333
5 0.527953125 0.6579583333333333 0.0626953125 0.23338888888888887
5 0.38171875 0.5985416666666666 0.0615703125 0.2657777777777778
5 0.7618359375 0.3349583333333333 0.050570312500000006 0.1849861111111111
7 0.15131250000000002 0.10301388888888889 0.0433359375 0.09829166666666667
0 0.38253906249999997 0.1938888888888889 0.0486015625 0.16056944444444443
5 0.454609375 0.5471666666666667 0.057937499999999996 0.24280555555555555
2 0.40944531250000005 0.26072222222222224 0.037929687499999996 0.07119444444444444
5 0.5124531250000001 0.444875 0.0328515625 0.2185
5 0.42677343749999996 0.6281111111111112 0.063109375 0.26145833333333335
5 0.4584140625 0.4077777777777778 0.0372421875 0.12494444444444444
7 0.35190625 0.052708333333333336 0.026726562500000002 0.10543055555555556
5 0.4847890625 0.46618055555555554 0.0546484375 0.22944444444444442
1 0.42419531250000003 0.1584722222222222 0.0172578125 0.033819444444444444