6 0.46794531250000004 0.8095277777777778 0.068703125 0.16458333333333333
5 0.677453125 0.7617777777777778 0.1031484375 0.2598611111111111
5 0.9299765624999999 0.7690555555555556 0.078359375 0.3207222222222222
5 0.36417968749999996 0.48383333333333334 0.080984375 0.23775000000000002
0 0.3706953125 0.16565277777777776 0.0449453125 0.1825138888888889
7 0.1149609375 0.07058333333333333 0.045390625000000004 0.11694444444444445
5 0.8742109375 0.3479305555555555 0.069140625 0.21270833333333333
5 0.46990625 0.6354583333333333 0.0596953125 0.21943055555555557
2 0.39782812500000003 0.24009722222222224 0.0340703125 0.07447222222222222
5 0.4837109375 0.37819444444444444 0.0485546875 0.11933333333333333
5 0.48315625000000006 0.49218055555555557 0.0513515625 0.17022222222222222
5 0.4410234375 0.5165416666666667 0.0387734375 0.26756944444444447
1 0.44800781250000005 0.2888472222222222 0.017640625 0.035208333333333335
5 0.4303671875 0.42261111111111105 0.0375703125 0.16997222222222222