5 0.665921875 0.6447638888888889 0.08885156250000001 0.23776388888888889
5 0.54146875 0.3957083333333334 0.113484375 0.1898611111111111
5 0.31667968750000003 0.7697777777777778 0.1122578125 0.20591666666666666
0 0.662703125 0.19316666666666668 0.06740625 0.17633333333333331
7 0.9328749999999999 0.08879166666666667 0.05150781250000001 0.137375
2 0.6311015624999999 0.26802777777777775 0.041296875 0.07263888888888889
7 0.6898359375 0.04451388888888889 0.0376875 0.08902777777777778
6 0.34364062500000003 0.841736111111111 0.0686171875 0.10391666666666666
6 0.34515625 0.8946805555555555 0.06316406249999999 0.21063888888888888
5 0.878328125 0.5753333333333334 0.0861953125 0.23905555555555555
1 0.6439296875 0.6355277777777778 0.0222421875 0.036194444444444446