5 0.3060546875 0.658 0.05896875 0.22816666666666666
6 0.3983671875 0.7198749999999999 0.051015624999999995 0.18844444444444444
6 0.8556328125 0.2969027777777778 0.0348828125 0.16152777777777777
5 0.4088046875 0.5790694444444444 0.0546875 0.20918055555555556
7 0.07405468750000001 0.10586111111111111 0.039109375 0.08280555555555555
5 0.79503125 0.5313472222222222 0.058750000000000004 0.17465277777777777
5 0.3904296875 0.35683333333333334 0.044929687499999996 0.16394444444444445
0 0.27218749999999997 0.18638888888888888 0.0369765625 0.150125
5 0.716515625 0.5439583333333333 0.057460937499999996 0.2131388888888889
5 0.8852968750000001 0.5339027777777778 0.052609375 0.14990277777777777
5 0.51215625 0.448 0.0633515625 0.19566666666666666
2 0.294078125 0.2398472222222222 0.032960937499999995 0.06327777777777778
7 0.2520546875 0.06723611111111111 0.025609375 0.1057638888888889
5 0.300234375 0.43704166666666666 0.0374765625 0.22041666666666665
6 0.25828125 0.29673611111111114 0.0334921875 0.12941666666666668
5 0.27761718750000003 0.4126666666666667 0.036148437500000005 0.20165277777777776
1 0.86465625 0.5372361111111111 0.017671875 0.02901388888888889
5 0.4052734375 0.23997222222222223 0.0374609375 0.08852777777777777