5 0.708 0.6280277777777777 0.054515625 0.254375
5 0.6586484375 0.4550138888888889 0.058273437500000004 0.20316666666666666
5 0.2778984375 0.7200138888888888 0.0774296875 0.2854861111111111
5 0.48784375 0.6975694444444445 0.097609375 0.2729722222222222
6 0.07953125 0.34981944444444446 0.0641328125 0.1785138888888889
5 0.5531640624999999 0.5108055555555555 0.061257812499999995 0.24509722222222222
6 0.641875 0.7701805555555555 0.051171875 0.1834027777777778
5 0.44125 0.5620833333333333 0.0722109375 0.22625
5 0.59603125 0.39213888888888887 0.043171875 0.17615277777777777
5 0.027914062499999996 0.42523611111111115 0.055820312500000004 0.18520833333333334
5 0.8489765625000001 0.4887777777777778 0.07047656249999999 0.2004166666666667
5 0.404484375 0.49822222222222223 0.0832421875 0.2538472222222222
1 0.2662734375 0.5985277777777778 0.016718749999999998 0.034319444444444444