5 0.812875 0.5971388888888889 0.09125781250000001 0.2625138888888889
5 0.6792734375 0.7130833333333333 0.0915 0.24051388888888886
6 0.5979921874999999 0.8324722222222222 0.0779296875 0.23593055555555556
6 0.35900781249999997 0.3381805555555556 0.0513515625 0.1948888888888889
5 0.35040625 0.5383611111111111 0.05653125 0.2597083333333333
5 0.5046328124999999 0.3395694444444445 0.027195312500000002 0.19220833333333331
5 0.518953125 0.4410972222222222 0.0620859375 0.25875000000000004
5 0.5667421874999999 0.5977222222222223 0.0800546875 0.28805555555555556
5 0.6926953124999999 0.491 0.060390624999999996 0.2597916666666667
5 0.6985546874999999 0.3566527777777778 0.0438671875 0.11144444444444444
5 0.6109921875000001 0.40700000000000003 0.045375 0.2244861111111111
2 0.292140625 0.28491666666666665 0.040875 0.076
7 0.23707812499999997 0.08076388888888889 0.044 0.16152777777777777
7 0.017796875 0.14775 0.03559375 0.14119444444444443
0 0.24565972222222224 0.17438271604938269 0.28860134548611116 0.13914809992283955 0.2919311523437501 0.27123722029320974 0.25355699327256953 0.3109567901234569
1 0.629015625 0.4813611111111111 0.015062500000000001 0.024097222222222225
3 0.6302890624999999 0.49618055555555557 0.0132265625 0.017097222222222222