5 0.69628125 0.6282916666666667 0.07573437499999999 0.20591666666666666
5 0.3676875 0.5821666666666667 0.0568125 0.2189722222222222
6 0.40090624999999996 0.7190972222222223 0.062328125 0.19269444444444445
5 0.5453671875 0.5005972222222222 0.0643359375 0.21266666666666667
5 0.2020546875 0.6537916666666667 0.052015624999999996 0.23351388888888888
5 0.47761718750000004 0.3673194444444445 0.04378125 0.16520833333333335
0 0.2876484375 0.1842777777777778 0.034664062499999995 0.1486111111111111
7 0.0815078125 0.10904166666666668 0.038171875 0.09015277777777778
5 0.7576015625 0.5729027777777778 0.051054687499999994 0.24102777777777776
5 0.2502265625 0.4512777777777778 0.04609375 0.17368055555555556
5 0.3176875 0.42666666666666664 0.0518359375 0.18551388888888887
2 0.307640625 0.24219444444444443 0.025031249999999998 0.06295833333333332
6 0.881828125 0.2969861111111111 0.030117187499999996 0.15609722222222222
6 0.26571875 0.2947638888888889 0.0311953125 0.15320833333333334
7 0.25808593750000003 0.05506944444444444 0.02446875 0.11015277777777778
1 0.6758828125 0.6430555555555556 0.0189609375 0.03333333333333333
5 0.7794531250000001 0.6302361111111111 0.08546875000000001 0.177125