5 0.6930234375000001 0.477875 0.059343749999999994 0.2046111111111111
5 0.5902421875 0.41179166666666667 0.0695625 0.13870833333333335
5 0.419828125 0.5441527777777778 0.0518671875 0.20443055555555556
7 0.1801015625 0.1244861111111111 0.0349921875 0.09333333333333334
5 0.491390625 0.45181944444444444 0.044601562500000004 0.1902361111111111
0 0.36284375 0.19230555555555556 0.0338125 0.11566666666666667
6 0.47717968749999995 0.7030416666666667 0.0450078125 0.18001388888888892
5 0.4942578125 0.32555555555555554 0.040773437499999995 0.12454166666666668
5 0.5561328125 0.36590277777777774 0.052445312499999994 0.1604861111111111
5 0.45213281250000004 0.5184861111111111 0.0372734375 0.14522222222222222
6 0.846328125 0.310375 0.036617187499999995 0.15430555555555556
7 0.3448125 0.07745833333333334 0.027828125 0.12318055555555556
6 0.346875 0.31277777777777777 0.028468749999999998 0.1315
2 0.3839296875 0.24386111111111114 0.030632812500000002 0.06247222222222222
1 0.6794453125000001 0.5051944444444445 0.0124296875 0.021375