5 0.26121875 0.6405972222222223 0.074109375 0.25481944444444443
6 0.3963046875 0.7984305555555555 0.062320312499999996 0.2394027777777778
2 0.27621093750000003 0.2645416666666667 0.03284375 0.074375
5 0.36345312500000004 0.5099583333333334 0.0689375 0.21647222222222223
5 0.43946874999999996 0.5007638888888889 0.0689765625 0.20525
5 0.40715625 0.4298194444444445 0.0455859375 0.19094444444444442
0 0.2514296875 0.20291666666666666 0.0446328125 0.17523611111111112
5 0.8821562500000001 0.6707222222222222 0.05771875 0.17504166666666668
5 0.36848437500000003 0.7020833333333333 0.08610156249999999 0.21906944444444443
5 0.6465625 0.4964722222222222 0.0727890625 0.21358333333333335
7 0.2178046875 0.06968055555555555 0.04296875 0.13366666666666666
5 0.3539921875 0.39838888888888885 0.043875 0.14958333333333335
5 0.3032265625 0.4714722222222222 0.056171875 0.20808333333333331
6 0.1811015625 0.3745833333333333 0.0414765625 0.1837638888888889
1 0.4636875 0.3978472222222222 0.015070312499999999 0.020666666666666667