5 0.8808307210031349 0.5137222222222222 0.045611285266457684 0.22780555555555557
5 0.6423510971786833 0.4796111111111111 0.062006269592476494 0.18688888888888888
6 0.7661755485893417 0.6879166666666667 0.05059561128526646 0.2036388888888889
5 0.16474921630094044 0.4900555555555555 0.03727272727272728 0.17647222222222222
5 0.28909090909090907 0.5626944444444444 0.04283699059561128 0.19655555555555557
5 0.2941849529780564 0.3219722222222222 0.03764890282131662 0.1918888888888889
6 0.5200156739811912 0.29086111111111107 0.03385579937304076 0.16297222222222224
1 0.8679467084639498 0.5126111111111111 0.018573667711598747 0.03247222222222222
5 0.14858934169278998 0.6506111111111111 0.07228840125391849 0.16594444444444445
5 0.2448746081504702 0.3700555555555555 0.03316614420062696 0.2111111111111111
2 0.1878526645768025 0.24133333333333332 0.032257053291536046 0.05752777777777778
0 0.14856208259506612 0.2644927536231884 0.1442629182567807 0.14248377113526578 0.18641868696333655 0.11269625603864739 0.19128219980918632 0.22292987620772944
5 0.31824451410658305 0.2775 0.03816614420062696 0.17577777777777778