5 0.753453125 0.6589722222222222 0.0792890625 0.23869444444444446
5 0.2982578125 0.7162083333333332 0.1027421875 0.26393055555555556
6 0.6394375 0.34115277777777775 0.052234375 0.16816666666666666
6 0.5859765625 0.78875 0.0620078125 0.19015277777777778
5 0.1105546875 0.526125 0.063265625 0.23509722222222224
5 0.3876875 0.3857777777777778 0.0465078125 0.17391666666666666
5 0.3528046875 0.5470833333333333 0.0543203125 0.21408333333333332
5 0.9304921875 0.5261527777777778 0.0565859375 0.19945833333333335
6 0.22235156250000002 0.3323611111111111 0.0643359375 0.16854166666666665
5 0.44185937500000005 0.7758194444444445 0.07572656250000001 0.23211111111111113
8 0.985171875 0.3281527777777778 0.029648437500000003 0.15243055555555557
1 0.718515625 0.6375 0.0186015625 0.03238888888888889