5 0.5728828125 0.6645972222222222 0.0807734375 0.23193055555555556
5 0.6674765625 0.4802361111111111 0.0796640625 0.20529166666666668
5 0.3554296875 0.5791111111111111 0.0704453125 0.22640277777777776
5 0.493328125 0.5018611111111111 0.0646328125 0.19969444444444445
5 0.26849218750000003 0.5313472222222222 0.055781250000000004 0.21031944444444445
5 0.92284375 0.5010694444444445 0.08637500000000001 0.21341666666666667
5 0.21847656249999997 0.52175 0.0648359375 0.20156944444444444
0 0.06982031250000001 0.2076388888888889 0.0470234375 0.15629166666666666
6 0.34092968749999997 0.34911111111111115 0.037851562500000005 0.16781944444444444
2 0.0963046875 0.2740694444444445 0.0316875 0.0654861111111111
7 0.0328203125 0.06605555555555556 0.038921875 0.12675
5 0.658671875 0.7133055555555556 0.0715390625 0.22997222222222224
6 0.5396640625 0.7721805555555556 0.06489843749999999 0.19375
5 0.8735781250000001 0.6529305555555556 0.046484375 0.20972222222222223