6 0.588 0.7968611111111111 0.07371093749999999 0.2099583333333333
5 0.272421875 0.710125 0.061304687499999996 0.24756944444444445
5 0.4355234375 0.7716250000000001 0.07553125000000001 0.23306944444444444
5 0.9317343749999999 0.48215277777777776 0.0916796875 0.18970833333333334
5 0.4489375 0.5630138888888889 0.052976562500000005 0.21958333333333332
5 0.1470625 0.6149027777777778 0.061257812499999995 0.2280972222222222
5 0.640109375 0.33970833333333333 0.039820312499999996 0.165
5 0.7421953125 0.6428888888888888 0.0868671875 0.24259722222222221
5 0.4801484375 0.38086111111111115 0.0578125 0.14645833333333333
6 0.2790859375 0.3256805555555556 0.06299218749999999 0.1748888888888889
5 0.2389609375 0.48537500000000006 0.048070312500000004 0.21044444444444446
1 0.7113984375 0.6900000000000001 0.015171875000000001 0.028694444444444446