5 0.5485579937304076 0.4117777777777778 0.061818181818181814 0.18541666666666667
6 0.11432601880877742 0.5656388888888889 0.04126959247648902 0.19677777777777777
5 0.67217868338558 0.6403055555555556 0.06778996865203762 0.22488888888888886
5 0.4842633228840125 0.767638888888889 0.0617398119122257 0.23577777777777775
5 0.7118965517241379 0.305 0.03280564263322884 0.18283333333333332
5 0.48548589341692794 0.4613055555555555 0.042335423197492165 0.196
6 0.6214420062695925 0.29308333333333336 0.03866771159874608 0.15738888888888888
5 0.45601880877742945 0.5813333333333334 0.052758620689655165 0.2261388888888889
5 0.41360501567398117 0.48486111111111113 0.061567398119122256 0.19572222222222221
2 0.31528213166144203 0.26905555555555555 0.040407523510971786 0.06808333333333334
7 0.11357366771159874 0.15536111111111112 0.027398119122257054 0.09055555555555556
0 0.26713915769388036 0.283816425120773 0.26744795216028355 0.168133869263285 0.31042894745808913 0.11834333484299518 0.3143980211598747 0.23800290609903382 0.27388738159329434 0.2936952747584541