5 0.6869921875 0.5810972222222222 0.056874999999999995 0.15519444444444444
6 0.595078125 0.7663749999999999 0.0460625 0.20559722222222224
6 0.17803125 0.34061111111111114 0.0244375 0.1380138888888889
6 0.7289140625 0.3784305555555556 0.0248203125 0.13820833333333335
5 0.8371796874999999 0.7056527777777778 0.052828125000000004 0.20143055555555556
5 0.478453125 0.6200416666666667 0.055867187500000005 0.19070833333333334
5 0.5481796875 0.3947083333333333 0.047359374999999995 0.1597777777777778
5 0.58203125 0.31822222222222224 0.0442734375 0.17347222222222222
5 0.42661718750000005 0.45130555555555557 0.07681249999999999 0.14643055555555556
5 0.3431171875 0.5018055555555556 0.0542890625 0.17026388888888888
5 0.2754140625 0.46601388888888884 0.0629765625 0.16043055555555558
5 0.20280468749999997 0.45002777777777775 0.072265625 0.13461111111111113
7 0.9089453125 0.2104027777777778 0.0331640625 0.09673611111111112
7 0.7537890625 0.15802777777777777 0.0249375 0.12161111111111111
0 0.7126736111111112 0.205246913580247 0.7084520128038194 0.2952956211419754 0.7394409179687502 0.3373480902777778 0.7405870225694446 0.2431700906635803
2 0.7050390625 0.31625 0.0316015625 0.0615
1 0.1783984375 0.514125 0.012273437500000001 0.020513888888888887
3 0.1782578125 0.5242777777777778 0.0096953125 0.006208333333333333