5 0.42563281249999996 0.59875 0.074578125 0.26795833333333335
5 0.684859375 0.5544166666666667 0.0983671875 0.24190277777777777
5 0.8815468750000001 0.6998194444444444 0.07180468749999999 0.28622222222222227
6 0.4595703125 0.8097777777777777 0.05239843749999999 0.14731944444444445
5 0.5492109375 0.34349999999999997 0.0499375 0.17818055555555554
5 0.3924375 0.43724999999999997 0.040765625 0.20208333333333334
6 0.304328125 0.3000555555555555 0.0452265625 0.15611111111111112
5 0.8997109375000001 0.4123888888888889 0.0486015625 0.23305555555555557
7 0.012718750000000001 0.09644444444444444 0.025437500000000002 0.11193055555555556
5 0.322609375 0.5762777777777778 0.0566953125 0.2341111111111111
5 0.32502343749999996 0.4574722222222222 0.052968749999999995 0.22188888888888889
5 0.40871874999999996 0.43547222222222226 0.052734375 0.19119444444444444
7 0.22984374999999999 0.05175 0.03690625 0.10348611111111111
0 0.2642890625 0.18136111111111114 0.06674218750000001 0.15620833333333334
2 0.291515625 0.25372222222222224 0.0383671875 0.07216666666666667