5 0.885546875 0.6513194444444445 0.08694531250000001 0.2398472222222222
6 0.568125 0.7829166666666667 0.052437500000000005 0.20070833333333332
5 0.20944531249999998 0.5489583333333333 0.045828125 0.2088611111111111
5 0.68084375 0.6947222222222222 0.06415625 0.24462499999999998
5 0.600515625 0.6710694444444445 0.0658125 0.2227083333333333
5 0.47563281249999995 0.49454166666666666 0.0517734375 0.20266666666666666
5 0.2532890625 0.5317916666666667 0.048585937499999995 0.2160138888888889
5 0.347703125 0.5817222222222221 0.0596796875 0.22841666666666668
5 0.6858671875 0.4802222222222222 0.0592421875 0.21709722222222222
5 0.9561796875 0.4975277777777778 0.087640625 0.19934722222222223
2 0.022093750000000002 0.2732222222222222 0.032218750000000004 0.05709722222222222
6 0.351078125 0.3397222222222222 0.0511328125 0.18545833333333334
1 0.66103125 0.5308888888888889 0.013820312500000001 0.023916666666666666