5 0.055703125 0.6405138888888889 0.07668749999999999 0.21280555555555555
6 0.125828125 0.653125 0.034640625 0.105625
6 0.8925703125 0.5876805555555555 0.068125 0.22474999999999998
5 0.3921015625 0.6133888888888889 0.07003125 0.32569444444444445
1 0.7039140625 0.8630416666666666 0.05192187499999999 0.09954166666666667
3 0.706359375 0.9027361111111112 0.039453125 0.03695833333333333
7 0.31325 0.4804583333333333 0.0275390625 0.059666666666666666
0 0.3141953125 0.5365277777777778 0.04853125 0.05145833333333333
2 0.31478125 0.5597777777777778 0.016718749999999998 0.03313888888888889
2 0.6073984375 0.09547222222222221 0.070703125 0.16625
5 0.503515625 0.5709722222222222 0.18584375 0.8271388888888889
5 0.584875 0.6272083333333333 0.20872656250000002 0.6005138888888889
5 0.67659375 0.5834027777777778 0.0840859375 0.4445833333333334