6 0.45921874999999995 0.7720972222222222 0.0701640625 0.2160416666666667
5 0.9351015625000001 0.361125 0.0652265625 0.20926388888888886
5 0.41890625000000004 0.6306527777777777 0.0965546875 0.19494444444444448
0 0.21705468749999998 0.13697222222222222 0.049 0.15777777777777777
6 0.2936796875 0.27944444444444444 0.06693750000000001 0.18305555555555558
5 0.5637734375 0.4851388888888889 0.063359375 0.22677777777777777
5 0.6552265625 0.5042777777777777 0.08746875 0.20975000000000002
5 0.43581250000000005 0.44025000000000003 0.0706953125 0.20345833333333335
5 0.372328125 0.5325416666666667 0.0560625 0.153875
1 0.3694375 0.6080416666666667 0.0163515625 0.028027777777777776
5 0.6188828125 0.3430138888888889 0.068765625 0.18580555555555556
2 0.24440625 0.21627777777777776 0.0300390625 0.07380555555555555
5 0.985578125 0.6835416666666666 0.02884375 0.247375