6 0.5133203125 0.7886666666666667 0.08447656249999999 0.22823611111111114
5 0.1837890625 0.7150694444444444 0.067234375 0.23259722222222223
5 0.305046875 0.6049027777777778 0.0528125 0.23448611111111112
5 0.7627734375 0.7143055555555555 0.05159375000000001 0.22491666666666665
5 0.8268906250000001 0.5971666666666666 0.0704453125 0.2503611111111111
6 0.3111484375 0.28320833333333334 0.0354921875 0.159
7 0.1723359375 0.04113888888888889 0.028703125000000003 0.08227777777777778
2 0.22663281249999997 0.23969444444444446 0.029656250000000002 0.059652777777777784
0 0.17881944444444448 0.146604938271605 0.22243245442708334 0.10126711998456786 0.22672186957465282 0.2112811053240742 0.18258666992187506 0.2585599922839507
5 0.836578125 0.40170833333333333 0.0481484375 0.17995833333333333
5 0.6291171875 0.6061944444444444 0.052531249999999995 0.18770833333333334
5 0.6108359375 0.5154861111111111 0.0630546875 0.1976527777777778
5 0.668203125 0.4162361111111111 0.0542265625 0.16580555555555554
5 0.585671875 0.298 0.0404609375 0.16081944444444446
5 0.580453125 0.2585 0.0376484375 0.1775
1 0.7980234375 0.46752777777777776 0.014109374999999999 0.02448611111111111
3 0.7983046875 0.47933333333333333 0.010859375000000001 0.009125000000000001