5 0.5265 0.6690833333333334 0.061890625 0.24329166666666666
6 0.46902343750000003 0.796625 0.062343749999999996 0.17845833333333336
5 0.3804765625 0.6088333333333333 0.0659296875 0.26216666666666666
5 0.7694140625 0.33368055555555554 0.044484375 0.17855555555555555
5 0.6368125 0.7635972222222221 0.10579687499999998 0.2347361111111111
7 0.1499375 0.10233333333333335 0.042703124999999995 0.111875
0 0.38482812499999997 0.19361111111111112 0.0392265625 0.16844444444444445
5 0.506625 0.44833333333333336 0.02740625 0.20569444444444443
5 0.45248437499999994 0.5435694444444444 0.057546875 0.22458333333333333
2 0.40792968749999997 0.26190277777777776 0.03765625 0.07008333333333333
7 0.35041406249999996 0.058125 0.027273437499999997 0.10702777777777778
5 0.4762578125 0.4667083333333333 0.06394531249999999 0.23333333333333334
5 0.4337890625 0.6149722222222221 0.053093749999999995 0.2293472222222222
5 0.45568749999999997 0.41263888888888894 0.04409375 0.12541666666666668
1 0.42055468749999997 0.17277777777777778 0.0168828125 0.033041666666666664