5 0.2824375 0.7269305555555555 0.093390625 0.26006944444444446
5 0.3869609375 0.5511388888888888 0.06096875 0.20787499999999998
5 0.9378671875 0.5121805555555555 0.0853046875 0.21331944444444445
5 0.4092734375 0.383625 0.0522265625 0.1630138888888889
5 0.745140625 0.6502916666666666 0.08156250000000001 0.23305555555555557
6 0.639203125 0.34579166666666666 0.059351562499999996 0.15945833333333334
5 0.0457265625 0.6360694444444445 0.07438281249999999 0.24054166666666665
6 0.5901484375 0.792611111111111 0.062343749999999996 0.19043055555555558
5 0.1536640625 0.5184583333333334 0.062234374999999995 0.23147222222222222
5 0.449796875 0.775236111111111 0.1016640625 0.22254166666666667
6 0.23689062500000002 0.3325416666666667 0.0424140625 0.14791666666666667
1 0.72753125 0.5903194444444444 0.0136875 0.029124999999999998