5 0.8781347962382445 0.5123333333333333 0.05123824451410658 0.22363888888888891
6 0.7694514106583072 0.6840833333333334 0.04942006269592477 0.1894722222222222
5 0.28349529780564264 0.5586388888888889 0.043996865203761754 0.1961388888888889
5 0.6591849529780565 0.4816111111111111 0.0535423197492163 0.1905
5 0.16949843260188088 0.4862777777777778 0.03884012539184953 0.1820277777777778
6 0.5203605015673981 0.2977777777777778 0.03405956112852665 0.1518611111111111
5 0.29731974921630094 0.3381111111111111 0.03617554858934169 0.15808333333333333
5 0.12775862068965518 0.6362777777777778 0.06061128526645768 0.17591666666666667
5 0.3171630094043887 0.27847222222222223 0.04009404388714733 0.1728888888888889
5 0.24710031347962383 0.36491666666666667 0.03487460815047022 0.196
2 0.19195924764890282 0.2384722222222222 0.03227272727272727 0.051833333333333335
0 0.1517538460883195 0.2579964900362319 0.14825062610740083 0.14198369565217395 0.18860686844077962 0.11379547856280191 0.19035049236745263 0.22912892512077293
1 0.8665360501567398 0.5168333333333334 0.015752351097178683 0.02402777777777778