5 0.6399373040752351 0.37480555555555556 0.02700626959247649 0.11136111111111112
5 0.3443103448275862 0.6236388888888889 0.036551724137931035 0.14430555555555558
5 0.34863636363636363 0.40925000000000006 0.031880877742946706 0.14083333333333334
5 0.5267241379310345 0.4553888888888889 0.02932601880877743 0.16705555555555557
5 0.5727272727272726 0.3734722222222222 0.02943573667711599 0.15688888888888888
5 0.6272884012539185 0.4543055555555556 0.032163009404388716 0.105
5 0.379576802507837 0.603 0.036332288401253916 0.1343611111111111
6 0.42705329153605015 0.3120555555555556 0.0308307210031348 0.15241666666666667
0 0.6898175557107812 0.2052007850241546 0.7098466036867929 0.24707974788647347 0.7089761227340876 0.3361214900362319 0.684333791910863 0.28445803140096615
7 0.8703605015673981 0.25380555555555556 0.022021943573667713 0.041416666666666664
5 0.6741065830721003 0.5833611111111111 0.03567398119122257 0.14980555555555555
5 0.6400783699059561 0.5659722222222222 0.039858934169279 0.1681388888888889
6 0.41253918495297803 0.6525833333333334 0.03865203761755486 0.16508333333333333
6 0.8538557993730408 0.5823888888888888 0.025815047021943573 0.12372222222222222
7 0.7255799373040752 0.14102777777777778 0.017335423197492164 0.06222222222222222
2 0.6781504702194358 0.3133611111111111 0.026065830721003134 0.051833333333333335