7 0.9473671875 0.03269444444444444 0.0457734375 0.065375
2 0.66975 0.19780555555555554 0.037679687499999996 0.07322222222222222
0 0.6822916666666667 0.04012345679012349 0.7197265625 0.0898497781635803 0.7186279296875 0.21941309799382722 0.6766594780815972 0.15242814429012352
5 0.708265625 0.5133333333333334 0.05194531249999999 0.25505555555555554
5 0.5652578125 0.272 0.055859375 0.21066666666666667
5 0.86228125 0.7123611111111111 0.0752578125 0.23336111111111113
6 0.5666875 0.7952361111111111 0.0569921875 0.238625
5 0.3623046875 0.5528472222222223 0.0648828125 0.2137222222222222
5 0.2648671875 0.7793194444444445 0.065515625 0.29627777777777775
5 0.34266406250000003 0.39618055555555554 0.07075000000000001 0.17506944444444444
5 0.1287421875 0.430875 0.048070312500000004 0.17347222222222222
5 0.1537890625 0.4665972222222222 0.062210937499999994 0.22948611111111109
5 0.1779453125 0.41001388888888884 0.067703125 0.242875
5 0.5647265625 0.18625 0.046117187500000004 0.18115277777777777
1 0.1905703125 0.571875 0.017085937500000002 0.03126388888888889
3 0.1908203125 0.5865694444444445 0.013203125 0.006472222222222222