6 0.4480234375 0.7725138888888889 0.0592890625 0.20713888888888887
5 0.632671875 0.4318194444444445 0.07488281249999999 0.16033333333333333
5 0.4613125 0.5130416666666666 0.0601171875 0.21955555555555556
0 0.3647890625 0.20191666666666666 0.0371953125 0.15843055555555555
5 0.3753046875 0.7427083333333333 0.065953125 0.23275
5 0.33703906250000004 0.6010972222222223 0.060789062500000005 0.22733333333333333
5 0.71303125 0.3408472222222222 0.048625 0.14734722222222224
7 0.15074218749999999 0.12670833333333334 0.0366875 0.10223611111111111
5 0.5858984375 0.4789305555555555 0.058703125 0.18125
6 0.987140625 0.34915277777777776 0.025718750000000002 0.17880555555555558
2 0.3911328125 0.2673333333333333 0.03075 0.07111111111111111
7 0.3355078125 0.0642361111111111 0.026250000000000002 0.1172638888888889
5 0.51415625 0.5294305555555555 0.0368828125 0.23593055555555556
5 0.371390625 0.5698194444444444 0.03646875 0.17069444444444445
5 0.5349765625 0.4839583333333333 0.05207031250000001 0.19408333333333336
5 0.36390625 0.4602083333333334 0.032492187500000005 0.09818055555555555
1 0.5105078125 0.37236111111111114 0.019453124999999998 0.03083333333333333