6 0.29610156249999997 0.2775416666666667 0.06343750000000001 0.18293055555555557
6 0.4574140625 0.7702361111111112 0.06715625 0.21570833333333334
5 0.42114843750000003 0.628 0.09182812500000001 0.2109861111111111
5 0.657203125 0.5030416666666666 0.0897265625 0.21025
5 0.933 0.36693055555555554 0.0787734375 0.22
5 0.43581250000000005 0.4394027777777778 0.0726875 0.2113611111111111
5 0.56521875 0.48809722222222224 0.0711328125 0.22683333333333333
0 0.21321875 0.13906944444444444 0.0501328125 0.15280555555555556
5 0.37277343749999997 0.5327222222222222 0.0571875 0.156625
1 0.3703359375 0.6155138888888889 0.016609375000000003 0.02719444444444444
5 0.631609375 0.3357361111111111 0.044328125 0.16368055555555555
2 0.24129687500000002 0.2152083333333333 0.0317109375 0.07652777777777778
5 0.985578125 0.6931944444444444 0.02884375 0.23677777777777775