5 0.6811755485893417 0.5026666666666667 0.05358934169278996 0.19555555555555557
6 0.19551724137931034 0.3498055555555556 0.040282131661442004 0.17205555555555554
5 0.229717868338558 0.4359166666666667 0.059811912225705324 0.18761111111111112
5 0.7612068965517241 0.3834166666666667 0.06985893416927899 0.16958333333333334
5 0.52358934169279 0.5744722222222223 0.06778996865203762 0.22472222222222224
5 0.4840595611285266 0.3938333333333333 0.05689655172413793 0.15527777777777776
5 0.44959247648902817 0.6427222222222222 0.06568965517241379 0.20925
5 0.7489184952978056 0.23055555555555557 0.07920062695924765 0.15425
5 0.4968495297805643 0.3027222222222222 0.026724137931034484 0.1396111111111111
6 0.6275548589341693 0.6723333333333333 0.04459247648902821 0.11386111111111112
1 0.4747492163009404 0.5950555555555556 0.01158307210031348 0.018916666666666665