5 0.23678683385579935 0.5608333333333333 0.04619122257053292 0.21044444444444446
5 0.7469122257053291 0.6180555555555556 0.06594043887147336 0.1905277777777778
5 0.42021943573667714 0.5066944444444444 0.04216300940438871 0.16458333333333333
5 0.806050156739812 0.6858611111111111 0.051489028213166144 0.14833333333333332
5 0.33550156739811915 0.48466666666666663 0.03865203761755486 0.17244444444444443
5 0.4363166144200627 0.39425000000000004 0.05847962382445141 0.13869444444444445
5 0.5028369905956113 0.6707222222222222 0.06031347962382445 0.22472222222222224
5 0.36014106583072103 0.4893611111111111 0.03721003134796238 0.1393888888888889
6 0.05852664576802508 0.45269444444444445 0.038557993730407525 0.17250000000000001
6 0.655564263322884 0.7275833333333334 0.041363636363636366 0.13941666666666666
5 0.42258620689655174 0.3761111111111111 0.03148902821316615 0.15802777777777777
2 0.703103448275862 0.30397222222222225 0.026880877742946705 0.059666666666666666
7 0.7611442006269593 0.08619444444444445 0.018949843260188087 0.08058333333333334
7 0.8636206896551725 0.21180555555555555 0.028996865203761754 0.058888888888888886
0 0.7100994957066922 0.1739130434782609 0.7526678777088729 0.20727657004830927 0.7534398638748808 0.32349222524154597 0.7076211539116806 0.2835144927536233