7 0.041109375 0.10381944444444445 0.061390625 0.14283333333333334
7 0.2413515625 0.049263888888888885 0.041734375000000004 0.09852777777777777
2 0.30375 0.23454166666666668 0.03459375 0.07401388888888889
5 0.1896171875 0.6655416666666667 0.066734375 0.2601111111111111
5 0.330125 0.5684444444444444 0.049140625 0.23565277777777777
5 0.41792968750000004 0.37245833333333334 0.04471875 0.217125
5 0.460546875 0.2808611111111111 0.054781250000000004 0.2006111111111111
6 0.6319375 0.2997222222222222 0.0676875 0.17043055555555556
5 0.7372265625 0.3695833333333334 0.04165625 0.202125
6 0.681359375 0.7450138888888889 0.062375 0.25854166666666667
5 0.6595078125 0.5564861111111111 0.056867187500000006 0.17779166666666665
5 0.6444296875 0.48163888888888884 0.05621875 0.07745833333333334
5 0.6234609375 0.4429861111111111 0.0516875 0.09894444444444443
5 0.5924453125 0.5755416666666666 0.078984375 0.25293055555555555
5 0.5380234374999999 0.5166944444444445 0.059367187499999995 0.20931944444444445
0 0.2556864420572917 0.13276427469135801 0.29464382595486116 0.09227912808641989 0.29562038845486116 0.21392746913580246 0.2549506293402778 0.2518687307098766
1 0.6322734375 0.5800000000000001 0.0167734375 0.026069444444444444
3 0.6328203125 0.5954027777777777 0.01453125 0.01620833333333333