7 0.0231796875 0.1280277777777778 0.046359375 0.1295277777777778
7 0.23539062500000002 0.06481944444444444 0.0193828125 0.129625
0 0.24131944444444448 0.16203703703703715 0.2839525010850695 0.12233555169753095 0.28860812717013895 0.2424406828703705 0.24874199761284724 0.28205174575617303
2 0.2927265625 0.2647777777777778 0.0316328125 0.06351388888888888
5 0.67384375 0.6579861111111112 0.0716484375 0.24188888888888888
5 0.683484375 0.3557361111111111 0.0318984375 0.20222222222222222
5 0.46662499999999996 0.4254861111111111 0.051125 0.20898611111111112
5 0.49336718749999997 0.5909027777777778 0.0566640625 0.23118055555555553
5 0.5798828125 0.6361249999999999 0.03996875 0.27534722222222224
5 0.53278125 0.650986111111111 0.061546875 0.25031944444444443
5 0.59934375 0.4349722222222222 0.037421875 0.2032777777777778
5 0.5992968750000001 0.31030555555555556 0.0444609375 0.09593055555555555
5 0.3344921875 0.45827777777777773 0.04803125 0.21593055555555554
5 0.3240390625 0.3657916666666667 0.0359453125 0.13281944444444443
6 0.02028125 0.6385555555555555 0.0405703125 0.2616805555555555
6 0.7258984374999999 0.8035833333333334 0.051515624999999995 0.2275416666666667
6 0.6508984375 0.3208888888888889 0.0379140625 0.1849861111111111
1 0.67621875 0.7094305555555556 0.013468749999999998 0.03136111111111111
3 0.6760625 0.7270972222222222 0.00959375 0.01184722222222222