6 0.9480721003134797 0.8452500000000001 0.09373040752351097 0.24066666666666667
6 0.20841692789968652 0.6576111111111111 0.03927899686520376 0.22794444444444445
0 0.4161442006269592 0.2936111111111111 0.03989028213166144 0.14477777777777778
5 0.40358934169279 0.5941944444444445 0.03949843260188088 0.196
5 0.41672413793103447 0.5013888888888889 0.032539184952978056 0.14141666666666666
6 0.9873354231974921 0.4595277777777778 0.025329153605015673 0.19294444444444442
5 0.485423197492163 0.5055 0.037445141065830724 0.18150000000000002
2 0.4444200626959248 0.3551944444444445 0.03167711598746081 0.06555555555555556
7 0.2297335423197492 0.2593333333333333 0.037163009404388714 0.06513888888888889
8 0.7736990595611285 0.8984722222222222 0.054498432601880885 0.20305555555555554
5 0.8720532915360502 0.46641666666666665 0.044357366771159874 0.19661111111111113
5 0.606050156739812 0.5799444444444445 0.03954545454545454 0.19974999999999998
5 0.6237617554858934 0.48819444444444443 0.03489028213166145 0.1505
5 0.5726802507836991 0.6161944444444445 0.0390282131661442 0.22686111111111112
7 0.38974921630094045 0.13394444444444445 0.027915360501567395 0.12075
5 0.5198432601880878 0.5918611111111111 0.06294670846394984 0.1788888888888889
1 0.3718181818181818 0.5611388888888889 0.013103448275862068 0.020805555555555556