0 0.6576562499999999 0.19284722222222223 0.051492187499999995 0.16893055555555556
6 0.51853125 0.8585277777777778 0.0625703125 0.23994444444444443
5 0.5137109375 0.4208472222222222 0.0511484375 0.18466666666666667
5 0.35796875 0.6791805555555556 0.1001953125 0.269625
6 0.656546875 0.3490416666666667 0.03965625 0.172875
5 0.3887890625 0.5512916666666666 0.08959375 0.20333333333333334
7 0.9196249999999999 0.0911388888888889 0.050460937500000004 0.13806944444444444
5 0.5430312500000001 0.6556666666666666 0.0827578125 0.2607777777777778
2 0.6283515625 0.2675138888888889 0.03703125 0.07908333333333332
5 0.498359375 0.5729305555555555 0.0585859375 0.2897222222222222
5 0.6369921875 0.48158333333333336 0.0477109375 0.22509722222222223
7 0.6886484375 0.057875 0.0385 0.11576388888888887
5 0.5842343750000001 0.5725416666666667 0.058835937500000005 0.2797222222222222
5 0.018187500000000002 0.8597083333333333 0.034234375 0.2788888888888889
1 0.6599921875 0.4834861111111111 0.017343749999999998 0.02886111111111111