0 0.20133593749999998 0.2232361111111111 0.047609374999999995 0.15783333333333333
2 0.22745312499999998 0.27973611111111113 0.0352890625 0.06993055555555555
5 0.7772890625 0.506125 0.074953125 0.23581944444444444
5 0.80834375 0.6576527777777778 0.0433359375 0.19427777777777777
5 0.5501953125 0.5183888888888889 0.06071875 0.2206388888888889
6 0.43014062500000005 0.7725138888888889 0.061515625 0.18762500000000001
5 0.29059375 0.5054444444444445 0.050734375 0.21318055555555557
5 0.3455546875 0.5419583333333333 0.049648437499999996 0.19766666666666666
7 0.1736796875 0.08133333333333334 0.0368359375 0.1485138888888889
5 0.43382812499999995 0.6283055555555556 0.052625 0.17177777777777778
5 0.49661718749999995 0.699875 0.0614609375 0.24573611111111113
5 0.5086875 0.4570138888888889 0.0453828125 0.21269444444444444
6 0.2655859375 0.35256944444444444 0.042257812500000005 0.1522222222222222
5 0.2512734375 0.4856111111111111 0.0478203125 0.17780555555555558
1 0.43353125 0.24719444444444444 0.016203125 0.029750000000000002