5 0.8838046875 0.6058611111111112 0.059187500000000004 0.22125
5 0.780953125 0.6932083333333333 0.076125 0.20919444444444446
5 0.6146796875 0.4069305555555556 0.06414062499999999 0.1617361111111111
5 0.26159374999999996 0.7000138888888888 0.0966796875 0.21645833333333334
5 0.1986484375 0.38690277777777776 0.076890625 0.16491666666666666
5 0.2850546875 0.49330555555555555 0.0704609375 0.21591666666666667
5 0.36365625 0.5374305555555555 0.07766406249999999 0.20877777777777776
6 0.1797578125 0.7710694444444444 0.056125 0.18348611111111113
6 0.033687499999999995 0.304875 0.051554687499999995 0.1487777777777778
6 0.7407265625 0.30320833333333336 0.059703125 0.1824027777777778
5 0.12025 0.4813888888888889 0.054460937499999994 0.21922222222222223