0 0.2760625 0.19183333333333333 0.044546875 0.14145833333333332
5 0.7373984375 0.47531944444444446 0.0476875 0.18748611111111113
5 0.6310234375 0.4723333333333333 0.0579609375 0.18983333333333335
5 0.42777343749999996 0.5608055555555556 0.0609609375 0.21334722222222224
5 0.5413515624999999 0.4207638888888889 0.04940625 0.18419444444444444
5 0.3636640625 0.3728611111111111 0.0503125 0.16929166666666667
5 0.9390546875 0.5280833333333333 0.0485 0.17984722222222224
6 0.8589062500000001 0.30797222222222226 0.0365625 0.16441666666666666
5 0.3558671875 0.7096527777777778 0.068171875 0.20729166666666668
7 0.0745 0.11327777777777778 0.0406015625 0.08473611111111111
6 0.400015625 0.7362777777777778 0.0455703125 0.2129861111111111
5 0.264609375 0.4914583333333334 0.05596875 0.21381944444444442
2 0.30148437499999997 0.25245833333333334 0.029312500000000002 0.06902777777777779
5 0.318625 0.3164444444444445 0.045859375 0.17327777777777778
1 0.622171875 0.44006944444444446 0.017578125 0.03013888888888889
7 0.24696875000000001 0.05138888888888889 0.026742187499999997 0.10277777777777777
5 0.21883593750000002 0.4749444444444444 0.0420234375 0.20543055555555556