5 0.7112382445141066 0.3988055555555555 0.048949843260188086 0.17247222222222222
5 0.6158620689655173 0.6428333333333333 0.06399686520376176 0.18655555555555556
0 0.33112852664576803 0.2032777777777778 0.034247648902821316 0.1411111111111111
5 0.5472727272727274 0.6007777777777777 0.0709717868338558 0.14913888888888888
5 0.4307836990595611 0.5015277777777778 0.04418495297805643 0.20736111111111113
6 0.4458620689655172 0.6564166666666666 0.04672413793103448 0.16605555555555557
5 0.49485893416927906 0.3902777777777778 0.03615987460815047 0.16383333333333333
5 0.5830877742946708 0.44122222222222224 0.03783699059561128 0.18924999999999997
5 0.6077272727272728 0.38875 0.03501567398119122 0.20202777777777778
5 0.35710031347962384 0.35586111111111113 0.035517241379310345 0.16175
5 0.3768025078369906 0.39613888888888893 0.03280564263322884 0.15688888888888888
8 0.3634796238244514 0.6592222222222222 0.047539184952978056 0.16083333333333333
6 0.26824451410658307 0.3821111111111111 0.037006269592476486 0.16444444444444445
7 0.1689498432601881 0.17222222222222222 0.03600313479623824 0.05319444444444444
5 0.6645454545454546 0.3194722222222222 0.03873040752351097 0.15391666666666665
6 0.7911442006269592 0.32894444444444443 0.03942006269592476 0.1831111111111111
2 0.35412225705329153 0.25458333333333333 0.03495297805642633 0.05747222222222222
7 0.3029780564263323 0.057888888888888886 0.021238244514106584 0.07233333333333333