2 0.31158307210031344 0.23136111111111113 0.041677115987460815 0.09044444444444445
5 0.9356426332288402 0.5741111111111111 0.07547021943573667 0.2856388888888889
5 0.6412852664576802 0.5440833333333334 0.07253918495297806 0.2831111111111111
5 0.3281347962382445 0.4676388888888889 0.065282131661442 0.2318333333333333
5 0.489717868338558 0.5221388888888889 0.08934169278996865 0.28575
5 0.5609404388714734 0.496 0.04891849529780564 0.2669166666666667
5 0.3891692789968652 0.5087777777777778 0.04283699059561128 0.28025
5 0.4375078369905956 0.49577777777777776 0.062257053291536045 0.2836944444444444
6 0.225423197492163 0.3373611111111111 0.05308777429467084 0.21138888888888888
5 0.5121943573667711 0.5066388888888889 0.061206896551724135 0.2966944444444444
5 0.6825705329153605 0.5356666666666666 0.04482758620689655 0.2830833333333333
0 0.2639607043069375 0.25957219957729477 0.2634229760119941 0.11437103713768124 0.29748886210303954 0.046030532910628114 0.3014552737835627 0.19488790760869573
1 0.37877742946708465 0.08122222222222222 0.021332288401253917 0.0355