0 0.262140625 0.14279166666666668 0.052640624999999996 0.14955555555555555
5 0.6328203125 0.5019444444444444 0.063828125 0.20993055555555556
6 0.3093359375 0.2817777777777778 0.0472265625 0.18234722222222222
6 0.46580468750000004 0.7725833333333333 0.0475703125 0.21304166666666666
5 0.6068828125 0.3574583333333333 0.0532890625 0.16111111111111112
5 0.5328203125 0.5002222222222222 0.07321875 0.22479166666666667
6 0.96390625 0.6921111111111111 0.065625 0.25104166666666666
6 0.943359375 0.3486944444444445 0.0480625 0.22180555555555553
1 0.3916015625 0.6067638888888889 0.0145546875 0.028277777777777777
7 0.0209453125 0.06106944444444444 0.0418984375 0.10794444444444444
5 0.3711015625 0.5353333333333333 0.0637734375 0.16293055555555555
5 0.42731250000000004 0.4036666666666667 0.0762578125 0.1341527777777778
5 0.3951796875 0.616638888888889 0.04009375 0.15409722222222222
2 0.28991406249999996 0.21380555555555555 0.0324140625 0.06725