6 0.3983671875 0.718875 0.054296875 0.19151388888888887
5 0.22150781249999998 0.6592638888888889 0.06503125 0.2341805555555556
5 0.37219531250000004 0.5869444444444445 0.057015625 0.22309722222222222
5 0.265046875 0.43609722222222225 0.0391796875 0.164125
5 0.4466796875 0.36394444444444446 0.041976562499999995 0.1532361111111111
0 0.2760390625 0.18065277777777777 0.034898437500000004 0.14858333333333335
5 0.3112265625 0.42041666666666666 0.055203125 0.17644444444444446
5 0.4927578125 0.2655416666666667 0.0565390625 0.151625
7 0.0736328125 0.10952777777777778 0.0334140625 0.09190277777777778
5 0.8038437500000001 0.6079722222222222 0.0653125 0.20044444444444443
5 0.5493125 0.48854166666666665 0.06300781250000001 0.21780555555555556
6 0.8684140625 0.299 0.0328671875 0.16080555555555556
5 0.7683125000000001 0.5133472222222223 0.045 0.12063888888888889
2 0.3007421875 0.2406527777777778 0.02403125 0.059805555555555556
5 0.7783125 0.618013888888889 0.07428125 0.19670833333333332
6 0.2601171875 0.27897222222222223 0.03215625 0.15355555555555556
7 0.24946875 0.05480555555555556 0.022265625 0.10959722222222222
1 0.74534375 0.6028749999999999 0.018757812500000002 0.03288888888888889