6 0.784140625 0.8138888888888889 0.0665390625 0.3314861111111111
6 0.676234375 0.2919861111111111 0.06575 0.21359722222222222
5 0.5533203125 0.2882222222222222 0.0409296875 0.19065277777777778
5 0.592515625 0.48568055555555556 0.0875390625 0.19840277777777776
5 0.5348203125000001 0.45606944444444447 0.067515625 0.22694444444444445
5 0.4673984375 0.4224583333333334 0.061726562500000005 0.2152777777777778
5 0.40610156249999996 0.32056944444444446 0.04890625 0.22447222222222224
5 0.34215625 0.3543472222222222 0.056999999999999995 0.24883333333333332
5 0.369328125 0.49044444444444446 0.075578125 0.25866666666666666
5 0.26089843749999997 0.6229027777777778 0.0632734375 0.30443055555555554
5 0.238828125 0.5512222222222222 0.06921875 0.26293055555555556
5 0.179203125 0.7497777777777779 0.08603125 0.29983333333333334
0 0.21180555555555558 0.09567901234567905 0.21469455295138898 0.24534625771604945 0.2630377875434028 0.19536675347222235 0.2591383192274306 0.060384114583333315
2 0.268953125 0.22290277777777778 0.036171875 0.06616666666666667
1 0.5708515625 0.5808888888888889 0.0179765625 0.03270833333333333
3 0.571578125 0.5968055555555556 0.0146484375 0.009361111111111112