5 0.6451718750000001 0.6038611111111111 0.0777109375 0.2169861111111111
6 0.3391640625 0.7878888888888889 0.0533203125 0.24862499999999998
6 0.1789921875 0.2716527777777778 0.045484375 0.16984722222222223
5 0.0649765625 0.6962222222222222 0.0691796875 0.2689861111111111
5 0.0941484375 0.6194722222222222 0.0615625 0.2235138888888889
2 0.2125078125 0.19519444444444442 0.0326484375 0.07248611111111111
5 0.37732031250000003 0.1627361111111111 0.07234375 0.13719444444444445
5 0.366546875 0.2908472222222222 0.0457109375 0.18970833333333334
5 0.60240625 0.4829583333333334 0.053765625 0.22208333333333335
5 0.7337734375 0.6566944444444445 0.0595625 0.25166666666666665
5 0.5079453125 0.4530277777777778 0.0488828125 0.26408333333333334
5 0.5430625 0.46052777777777776 0.042710937500000004 0.23894444444444443
5 0.5710625 0.42269444444444443 0.0275390625 0.1848888888888889
0 0.16927083333333334 0.2037037037037038 0.16476440429687506 0.09383439429012347 0.20705498589409724 0.04564525462962964 0.21038479275173608 0.16426745756172847