5 0.269578125 0.7101666666666666 0.061781249999999996 0.24765277777777778
5 0.43278125 0.7725138888888889 0.0738515625 0.222
5 0.9299921875000001 0.4866805555555556 0.0842265625 0.19465277777777779
5 0.44094531249999996 0.5597361111111111 0.051726562499999997 0.22981944444444444
5 0.7442109375 0.6465833333333334 0.07030468749999999 0.23509722222222224
6 0.5939687499999999 0.7822083333333334 0.0690625 0.20447222222222222
5 0.641984375 0.3378888888888889 0.0594375 0.151625
5 0.1477578125 0.6189027777777778 0.080484375 0.22726388888888888
5 0.232359375 0.5059027777777778 0.0559453125 0.23844444444444446
5 0.47133593749999997 0.374875 0.055953125000000006 0.14519444444444446
6 0.27225781250000003 0.3219027777777778 0.049234375000000004 0.17055555555555554
1 0.7062421875 0.7108888888888889 0.010875 0.026125