5 0.78671875 0.26893055555555556 0.068234375 0.2786111111111111
5 0.73221875 0.8827222222222222 0.0946484375 0.2345694444444444
5 0.6460234375 0.34555555555555556 0.0881640625 0.259
5 0.4723515625 0.629986111111111 0.156 0.25380555555555556
5 0.5037890625 0.47804166666666664 0.0909140625 0.3233611111111111
5 0.372046875 0.6441388888888888 0.08785156250000001 0.3376527777777778
5 0.263390625 0.6474027777777778 0.0721875 0.35654166666666665
5 0.24240625 0.4998472222222222 0.0959296875 0.30833333333333335
2 0.3419765625 0.252375 0.0502734375 0.10659722222222222
0 0.2664930555555556 0.09567901234567905 0.2697313096788195 0.2894121334876544 0.33991834852430564 0.19496889467592604 0.3364189995659722 0.02434775270061742
1 0.3451849489795918 0.6842403628117912 0.33858380998883925 0.6864780417375282 0.3354753766741071 0.6899380846088434 0.33383863799426017 0.6948009672619047 0.3336574009486607 0.7008419253117913 0.33361069036989793 0.7054944373582765 0.33405101542570154 0.7127256501558956 0.3361866230867347 0.7168444851899093 0.3377567213408801 0.7209644274376416 0.3414063745615434 0.7223716960742629 0.34407323720503824 0.7226927880527211 0.34665726642219385 0.7226418562216553 0.3495458486128826 0.7209887861394557
3 0.3421953125 0.7215555555555555 0.014421875 0.010013888888888888