5 0.42034374999999996 0.6050972222222223 0.0950234375 0.2436111111111111
5 0.7120859375 0.5522638888888889 0.0882421875 0.23743055555555553
5 0.9015703125 0.7066805555555555 0.066828125 0.31640277777777776
5 0.5657656249999999 0.35052777777777777 0.05515625 0.18105555555555558
5 0.3116640625 0.5859305555555555 0.0601171875 0.22369444444444445
5 0.9154375 0.40334722222222225 0.043859375 0.22808333333333333
6 0.4701640625 0.8162777777777778 0.0516796875 0.13240277777777779
5 0.407765625 0.44336111111111115 0.0556171875 0.22797222222222221
5 0.31229687500000003 0.45056944444444447 0.054242187500000004 0.21069444444444443
0 0.264359375 0.18105555555555558 0.0505859375 0.15855555555555556
6 0.3099765625 0.2949027777777778 0.0516875 0.15348611111111113