5 0.7608515625 0.5758194444444444 0.052953125000000004 0.21337499999999998
5 0.826125 0.6730694444444445 0.056765625 0.25045833333333334
6 0.6202109375 0.73575 0.056398437499999995 0.24002777777777776
6 0.196796875 0.2172361111111111 0.0376953125 0.16595833333333332
5 0.1440625 0.27411111111111114 0.038125 0.17784722222222224
5 0.226078125 0.48554166666666665 0.0545859375 0.19330555555555556
5 0.3108828125 0.30625 0.0453671875 0.15880555555555556
5 0.325046875 0.40795833333333337 0.042453125 0.21715277777777778
5 0.4255859375 0.4045 0.082078125 0.23184722222222223
5 0.469796875 0.39968055555555554 0.059390624999999996 0.2191111111111111
5 0.597375 0.29783333333333334 0.055859375 0.1759027777777778
5 0.5826640624999999 0.2029722222222222 0.036851562500000004 0.11581944444444445
2 0.7437109375000001 0.20508333333333334 0.02909375 0.06758333333333333
0 0.7543402777777778 0.06481481481481492 0.7879130045572917 0.10849488811728397 0.7884792751736113 0.22190272955246912 0.7474433051215279 0.16792655285493838
7 0.9895859375 0.06101388888888889 0.020835937500000002 0.11277777777777778
1 0.135203125 0.3637361111111111 0.013375000000000001 0.025541666666666667
3 0.13507031249999998 0.375875 0.010765625 0.009041666666666667
7 0.8023515625 0.016694444444444442 0.0203359375 0.033388888888888885