6 0.24155172413793105 0.4339166666666667 0.03858934169278997 0.15941666666666668
5 0.7037460815047022 0.3456111111111111 0.03948275862068966 0.1493611111111111
6 0.48725705329153607 0.6548333333333334 0.04134796238244514 0.1607777777777778
5 0.4175235109717868 0.501 0.04521943573667712 0.18525
5 0.5932445141065831 0.37825 0.03311912225705329 0.15336111111111111
5 0.38487460815047025 0.3866111111111111 0.0342319749216301 0.14944444444444444
5 0.5711598746081504 0.4188611111111111 0.034780564263322884 0.1565
5 0.4876175548589342 0.40222222222222226 0.04269592476489028 0.14283333333333334
6 0.7781974921630094 0.3357222222222222 0.03570532915360502 0.17447222222222222
5 0.5463322884012539 0.6066111111111111 0.04274294670846395 0.175
5 0.5543416927899687 0.3528888888888889 0.03452978056426333 0.13847222222222222
5 0.4038401253918495 0.33575 0.0342319749216301 0.13230555555555557
5 0.5064733542319749 0.5651111111111111 0.04166144200626959 0.14133333333333334
8 0.3715047021943574 0.6533055555555556 0.04253918495297806 0.15258333333333332
0 0.3390909090909091 0.20969444444444443 0.029592476489028213 0.13333333333333333
8 0.37175548589341695 0.29808333333333337 0.029216300940438873 0.11172222222222222
7 0.18324451410658307 0.1833611111111111 0.03343260188087774 0.05227777777777778
1 0.5693730407523511 0.5889722222222222 0.010235109717868339 0.020916666666666667
2 0.3600783699059561 0.25836111111111115 0.035956112852664576 0.048138888888888884
7 0.31308777429467083 0.07394444444444445 0.018307210031347963 0.07061111111111111