5 0.1668125 0.7097361111111111 0.07796093750000001 0.23404166666666665
5 0.5116796875 0.42518055555555556 0.0847421875 0.19706944444444444
5 0.6689140625000001 0.6278888888888888 0.06637499999999999 0.2204861111111111
5 0.1155546875 0.528375 0.068953125 0.21580555555555556
5 0.749109375 0.6018472222222222 0.0677890625 0.22166666666666665
5 0.018625 0.3946805555555556 0.0372421875 0.1952361111111111
5 0.29500000000000004 0.5215833333333334 0.0624921875 0.1914583333333333
6 0.0216328125 0.8330833333333334 0.042140625 0.22788888888888892
6 0.5721406250000001 0.291625 0.051937500000000004 0.1995833333333333
1 0.6717578125 0.6544722222222222 0.014476562500000002 0.026277777777777782
3 0.67275 0.6656805555555556 0.0096171875 0.007027777777777777