5 0.6303671875 0.7336805555555556 0.050359375 0.25083333333333335
5 0.4445234375 0.5794583333333333 0.0440625 0.21483333333333335
5 0.723921875 0.4935416666666667 0.043734375 0.22105555555555556
5 0.9193828125 0.36866666666666664 0.033296875 0.17384722222222224
5 0.46909375000000003 0.7810138888888889 0.052015624999999996 0.22075
5 0.47673437500000004 0.6562083333333334 0.04084375 0.14880555555555555
5 0.311921875 0.3759861111111111 0.0390234375 0.19244444444444445
5 0.60634375 0.6037222222222223 0.057406250000000006 0.22330555555555556
5 0.5011015624999999 0.4054027777777778 0.0474140625 0.20184722222222223
5 0.5505625000000001 0.34829166666666667 0.034164062499999995 0.140125
5 0.5971328125 0.37930555555555556 0.030617187499999997 0.13956944444444444
5 0.5593984375 0.4320277777777778 0.0518359375 0.1637361111111111
5 0.6008515625 0.4620972222222222 0.0683828125 0.11468055555555555
7 0.3092734375 0.07794444444444444 0.0337265625 0.155875
7 0.1073046875 0.14866666666666667 0.05390625 0.12670833333333334
0 0.3381484375 0.21194444444444444 0.050015624999999994 0.1461111111111111
2 0.3624453125 0.28125 0.036265625 0.07043055555555555
3 0.7463984375 0.5866944444444445 0.009671875 0.006458333333333334
1 0.7476875 0.5713472222222222 0.0124375 0.024625
5 0.6305390625 0.7343055555555557 0.050359375 0.25083333333333335
5 0.44470312500000003 0.5794583333333333 0.0440625 0.21483333333333335