5 0.73509375 0.48372222222222216 0.053437500000000006 0.17913888888888888
5 0.351328125 0.6865277777777778 0.0630625 0.219
5 0.928296875 0.5271944444444444 0.0484296875 0.1816111111111111
5 0.43278906250000004 0.5675555555555556 0.055507812499999996 0.18915277777777778
0 0.27340624999999996 0.1889861111111111 0.0392421875 0.14665277777777777
5 0.36819531250000004 0.36568055555555556 0.042210937500000004 0.169375
5 0.3352734375 0.3033888888888889 0.0372890625 0.14404166666666665
7 0.07328124999999999 0.1097638888888889 0.0377265625 0.08413888888888889
6 0.8542890625 0.3027361111111111 0.0352890625 0.16051388888888887
5 0.6362734375 0.5147638888888889 0.052531249999999995 0.20181944444444444
5 0.2777890625 0.46001388888888883 0.047703125 0.2071111111111111
5 0.5104453125 0.41647222222222224 0.0572421875 0.18080555555555555
6 0.397890625 0.7255833333333332 0.045742187499999996 0.18897222222222224
1 0.6556484375 0.5548888888888889 0.014921875000000001 0.024708333333333332
2 0.2994140625 0.24644444444444444 0.02759375 0.06301388888888888
5 0.238765625 0.44781944444444444 0.042421875 0.19040277777777778
7 0.249640625 0.05734722222222222 0.025062499999999998 0.11469444444444445
8 0.3745859375 0.2660138888888889 0.026734374999999998 0.122875