6 0.22898437500000002 0.3762361111111111 0.06592187499999999 0.1667361111111111
0 0.2331328125 0.21856944444444446 0.0461875 0.16386111111111112
5 0.7339921875 0.5008472222222222 0.0673359375 0.24631944444444442
2 0.2617734375 0.2780416666666667 0.034195312500000005 0.06327777777777778
5 0.384140625 0.6449027777777777 0.078671875 0.23229166666666667
7 0.2021171875 0.08127777777777778 0.03446875 0.15530555555555556
5 0.796203125 0.6683194444444445 0.050398437500000004 0.1890416666666667
5 0.49977343750000003 0.5050277777777777 0.07648437500000001 0.2275
5 0.2987890625 0.46216666666666667 0.069578125 0.21323611111111113
5 0.44681249999999995 0.7015972222222222 0.05165625 0.25125000000000003
5 0.354453125 0.46948611111111105 0.0530625 0.2407638888888889
6 0.40221875 0.7781944444444444 0.05240625 0.19930555555555557
7 0.01171875 0.14425 0.020499999999999997 0.10683333333333334
1 0.3723671875 0.30862500000000004 0.0141875 0.028583333333333332