6 0.6315047021943573 0.6656666666666666 0.05169278996865203 0.2103611111111111
5 0.7717711598746081 0.48291666666666666 0.0546551724137931 0.18725
6 0.6057680250783699 0.2996388888888889 0.03550156739811912 0.1546111111111111
5 0.33036050156739816 0.5261944444444444 0.057507836990595605 0.19952777777777778
5 0.6345454545454545 0.47727777777777775 0.055721003134796235 0.17483333333333334
5 0.32308777429467084 0.3659166666666666 0.04007836990595611 0.1521111111111111
5 0.403025078369906 0.2846666666666667 0.04144200626959248 0.176
5 0.21216300940438873 0.5363611111111111 0.050235109717868334 0.17119444444444445
5 0.08929467084639499 0.5721666666666666 0.05070532915360502 0.18638888888888888
5 0.29115987460815046 0.35530555555555554 0.04666144200626959 0.18644444444444447
2 0.2828683385579937 0.24075 0.034184952978056425 0.056416666666666664
5 0.1515203761755486 0.5644722222222223 0.049529780564263326 0.25455555555555553
6 0.04623824451410658 0.5150277777777778 0.03702194357366771 0.19430555555555556
1 0.7455485893416929 0.5323611111111112 0.013448275862068966 0.027416666666666666
0 0.24072924475262367 0.2613602053140097 0.23702104913452365 0.14300743508454114 0.2811626857026033 0.10797384510869566 0.2836010971786834 0.22551045440821257
5 0.3942633228840125 0.33063888888888887 0.03606583072100314 0.17819444444444446