0 0.228484375 0.21993055555555555 0.04359375 0.16615277777777776
2 0.25960937500000003 0.27820833333333334 0.030882812500000002 0.06216666666666666
5 0.7379687500000001 0.5027916666666666 0.061742187500000004 0.2525277777777778
5 0.7950390625 0.6665972222222222 0.055953125000000006 0.1814861111111111
5 0.29784375 0.4680694444444444 0.06515625 0.20623611111111112
5 0.5053046875 0.5112777777777778 0.068765625 0.21381944444444442
5 0.393609375 0.6437777777777778 0.0679921875 0.2337361111111111
5 0.4529296875 0.6989305555555556 0.058476562499999996 0.25727777777777777
7 0.20124218749999997 0.07838888888888888 0.0354375 0.15068055555555554
6 0.4074140625 0.7690972222222222 0.05825781249999999 0.18597222222222223
5 0.3517421875 0.4789305555555555 0.05115625 0.22772222222222224
7 0.0099765625 0.15594444444444444 0.0199453125 0.1267222222222222
6 0.24059375 0.37302777777777774 0.0418515625 0.17395833333333333
6 0.3688828125 0.3119722222222222 0.013328125 0.025472222222222222