6 0.13873040752351098 0.3262222222222222 0.0656269592476489 0.19805555555555554
5 0.5687931034482758 0.5881111111111111 0.08587774294670847 0.28741666666666665
5 0.41211598746081507 0.695388888888889 0.1215987460815047 0.26808333333333334
5 0.3224451410658307 0.4206944444444444 0.07313479623824451 0.2239722222222222
5 0.8668181818181818 0.5953055555555555 0.094858934169279 0.2762222222222222
5 0.6934639498432602 0.4486666666666667 0.05804075235109718 0.2433888888888889
5 0.6563009404388715 0.6435 0.06832288401253919 0.2383611111111111
5 0.5783072100313479 0.32575 0.0692319749216301 0.2195
5 0.3505329153605016 0.5232222222222223 0.0784012539184953 0.25980555555555557
1 0.8274921630094044 0.6112222222222222 0.019435736677115987 0.034027777777777775
6 0.6298275862068965 0.7140277777777778 0.05070532915360502 0.15994444444444444
5 0.4409090909090909 0.34469444444444447 0.05315047021943573 0.19419444444444445