5 0.673734375 0.5432361111111111 0.0843828125 0.24093055555555556
5 0.38899218750000003 0.5816111111111111 0.05440625 0.26658333333333334
5 0.8678203124999999 0.6910833333333333 0.0630234375 0.2769027777777778
0 0.2663828125 0.19429166666666664 0.0516484375 0.16990277777777776
5 0.32696875 0.5695694444444445 0.055445312499999996 0.2524861111111111
5 0.8764453124999999 0.3996388888888889 0.055734375 0.22404166666666667
5 0.42184375 0.4558472222222222 0.0485546875 0.23180555555555557
6 0.442265625 0.8108611111111111 0.051578124999999996 0.1546111111111111
5 0.329171875 0.44925 0.047382812499999996 0.1919861111111111
7 0.015109375 0.09488888888888888 0.027750000000000004 0.10234722222222221
7 0.2318515625 0.057513888888888885 0.0367734375 0.11504166666666667
6 0.30703125 0.3002916666666667 0.044859375 0.17094444444444445
6 0.44771875000000005 0.8610416666666667 0.056421874999999996 0.260875
5 0.385265625 0.4303194444444444 0.043921875 0.1882361111111111
2 0.2936796875 0.26495833333333335 0.0394765625 0.08338888888888889
5 0.5360234375 0.34252777777777776 0.058125 0.17869444444444443