5 0.5209140624999999 0.35637499999999994 0.09396875 0.18055555555555555
5 0.6915546875 0.6493611111111112 0.1101015625 0.21843055555555557
5 0.351171875 0.7712083333333333 0.138890625 0.243125
0 0.7365546875 0.18491666666666665 0.057648437500000003 0.17541666666666667
5 0.061109375 0.6936527777777778 0.0998828125 0.27779166666666666
7 0.9841093750000001 0.08277777777777778 0.03178125 0.13893055555555556
2 0.7076328125 0.2538472222222222 0.039632812499999996 0.07238888888888889
7 0.7634765625 0.03226388888888889 0.041703125 0.06225
6 0.40352343749999997 0.889375 0.0907734375 0.2212638888888889
5 0.892328125 0.5579583333333333 0.10604687500000001 0.23436111111111113
1 0.6849453125 0.6742222222222222 0.0218828125 0.04036111111111111