5 0.7684796238244515 0.48147222222222225 0.05092476489028214 0.2006388888888889
5 0.4822884012539185 0.4083333333333333 0.03289968652037617 0.16227777777777777
5 0.4439811912225705 0.5113055555555556 0.05821316614420063 0.20411111111111113
5 0.379435736677116 0.43222222222222223 0.04076802507836991 0.13875
5 0.6097805642633229 0.6536944444444445 0.056614420062695923 0.21255555555555555
5 0.5395297805642634 0.6220277777777778 0.06061128526645768 0.14905555555555555
5 0.6066457680250784 0.4143055555555556 0.037445141065830724 0.1801111111111111
6 0.4487147335423197 0.6772777777777778 0.04699059561128527 0.1598611111111111
5 0.6467554858934169 0.3390833333333333 0.044278996865203764 0.16927777777777778
6 0.8549529780564263 0.35680555555555554 0.0390282131661442 0.17691666666666667
5 0.5823824451410659 0.481 0.03481191222570533 0.16905555555555554
5 0.3683228840125392 0.37844444444444447 0.032915360501567396 0.15091666666666667
6 0.2941065830721003 0.3720277777777778 0.03644200626959248 0.15538888888888888
8 0.36708463949843256 0.6780277777777778 0.044655172413793104 0.15472222222222223
5 0.3562225705329154 0.2732222222222222 0.026880877742946705 0.04641666666666667
7 0.170423197492163 0.19166666666666668 0.02598746081504702 0.05486111111111111
7 0.30608150470219436 0.07766666666666668 0.022006269592476486 0.07322222222222222
1 0.5790438871473355 0.6526666666666667 0.01299373040752351 0.023194444444444445