5 0.9198281250000001 0.5293749999999999 0.05840625000000001 0.16972222222222222
5 0.6465625 0.5214305555555556 0.0729453125 0.17850000000000002
5 0.43801562499999996 0.5834722222222223 0.0637421875 0.20205555555555554
5 0.34646875 0.6766944444444445 0.0576171875 0.21238888888888888
5 0.24892187500000001 0.4415555555555556 0.0450703125 0.1817361111111111
7 0.07528125 0.10438888888888888 0.0386875 0.08190277777777778
5 0.3709921875 0.36395833333333333 0.0405 0.15248611111111113
5 0.7476328125 0.4794583333333333 0.05821875 0.17659722222222224
0 0.27690625 0.1867638888888889 0.0399140625 0.1513611111111111
6 0.8462500000000001 0.30259722222222224 0.0458984375 0.15318055555555557
6 0.39864062499999997 0.7216944444444444 0.047445312499999996 0.19840277777777776
5 0.284203125 0.4541527777777778 0.0511328125 0.20522222222222222
5 0.508625 0.4298472222222222 0.0632421875 0.18386111111111111
2 0.2993984375 0.24358333333333332 0.027976562500000003 0.06180555555555556
5 0.3477734375 0.28931944444444446 0.03821875 0.17143055555555556
1 0.667515625 0.5576388888888889 0.01440625 0.02436111111111111