0 0.2415078125 0.21569444444444447 0.0465078125 0.16630555555555554
5 0.7082734375 0.5069305555555556 0.05746875 0.2376527777777778
5 0.3521484375 0.6275138888888889 0.05044531249999999 0.24736111111111111
5 0.808765625 0.6576805555555555 0.054007812499999995 0.1907777777777778
2 0.2694296875 0.2775 0.0320625 0.06770833333333333
5 0.289484375 0.46930555555555553 0.0731953125 0.21340277777777777
7 0.21275781249999998 0.06091666666666667 0.036921875 0.12183333333333334
5 0.3683046875 0.4320694444444444 0.0579921875 0.172125
6 0.390953125 0.7669027777777777 0.06478906250000001 0.20084722222222223
5 0.4896640625 0.5002083333333333 0.0367734375 0.22588888888888886
7 0.0158515625 0.12880555555555556 0.031703125 0.07955555555555556
5 0.424796875 0.6569027777777778 0.0521875 0.18611111111111112
6 0.22160937500000003 0.3696527777777777 0.046 0.1919861111111111
5 0.3315 0.4467222222222222 0.036234375 0.17802777777777778
5 0.45726562499999995 0.5027638888888889 0.0400078125 0.23941666666666667
1 0.39746875 0.3227083333333333 0.0104765625 0.023291666666666665