6 0.9123667711598746 0.7479722222222221 0.07978056426332288 0.23966666666666667
5 0.7486520376175548 0.6850277777777778 0.09293103448275862 0.24300000000000002
5 0.852539184952978 0.44961111111111113 0.08981191222570532 0.23236111111111113
5 0.7183385579937305 0.42333333333333334 0.03843260188087774 0.1868611111111111
5 0.559153605015674 0.41686111111111107 0.0959090909090909 0.17416666666666666
5 0.13440438871473354 0.5244444444444445 0.0636833855799373 0.26083333333333336
5 0.23418495297805642 0.5294444444444444 0.07793103448275862 0.20627777777777778
5 0.4739655172413793 0.5499166666666666 0.09152037617554859 0.1498611111111111
6 0.78141065830721 0.2546111111111111 0.04584639498432602 0.20727777777777778
5 0.47391849529780566 0.4507222222222222 0.04009404388714733 0.06086111111111111
5 0.5772413793103448 0.6257222222222222 0.09954545454545455 0.21233333333333332
5 0.6818181818181818 0.3933055555555556 0.053824451410658315 0.18275000000000002
2 0.32362068965517243 0.1875 0.04072100313479624 0.06583333333333333
0 0.2657762028076871 0.08937198067632851 0.2662314084435055 0.2116970486111111 0.32348882376993326 0.17986677234299514 0.323315792387897 0.04835635567632852