0 0.7306896551724138 0.16116666666666668 0.05460815047021944 0.2068888888888889
5 0.04010971786833856 0.7477777777777778 0.07244514106583072 0.35966666666666663
5 0.5529310344827586 0.47411111111111115 0.0695141065830721 0.26975
2 0.6944670846394985 0.2521111111111111 0.05183385579937304 0.10208333333333333
5 0.31159874608150473 0.96475 0.09420062695924765 0.06430555555555555
5 0.651833855799373 0.5649166666666667 0.08106583072100314 0.3100833333333333
7 0.9594984326018808 0.08366666666666667 0.050219435736677115 0.08983333333333335
5 0.41255485893416927 0.48775 0.07993730407523511 0.22425
6 0.8076332288401253 0.4344722222222222 0.05606583072100314 0.27233333333333337
5 0.46465517241379306 0.39233333333333337 0.06927899686520377 0.24602777777777776
5 0.543871473354232 0.6422777777777777 0.12004702194357367 0.24833333333333335
5 0.6115830721003135 0.583861111111111 0.08101880877742947 0.29330555555555554