6 0.8037109375 0.29097222222222224 0.0431796875 0.17454166666666668
6 0.07309375 0.6599583333333333 0.06979687500000001 0.22731944444444444
5 0.9462343750000001 0.46161111111111114 0.0955859375 0.2095
5 0.722421875 0.6449444444444444 0.106296875 0.23172222222222222
5 0.846328125 0.712 0.069390625 0.22955555555555557
5 0.3300234375 0.7911666666666667 0.09928125 0.2736805555555556
5 0.3692890625 0.5624583333333334 0.0739140625 0.22383333333333333
5 0.578625 0.4961666666666667 0.0600234375 0.23925
5 0.49283593750000004 0.4058888888888889 0.048171874999999996 0.172875
5 0.5316328125 0.44166666666666665 0.0530625 0.169125
7 0.0758515625 0.043541666666666666 0.038859375 0.08708333333333333
2 0.138125 0.24547222222222223 0.0349296875 0.07118055555555555
0 0.08506944444444446 0.14506172839506182 0.1329752604166667 0.09198374807098769 0.136322021484375 0.21062403549382713 0.09142049153645834 0.2626711998456791