5 0.353109375 0.7025555555555555 0.0733515625 0.2318611111111111
5 0.6830078125 0.48147222222222225 0.0850625 0.16308333333333333
0 0.28834375 0.2014166666666667 0.04090625 0.13781944444444444
6 0.40914062500000004 0.7492222222222223 0.059171875 0.20909722222222224
5 0.9289140625 0.5695138888888889 0.0466484375 0.17897222222222225
6 0.8676015625 0.31530555555555556 0.038328125000000005 0.1592222222222222
5 0.5079374999999999 0.4062083333333334 0.054414062500000006 0.19808333333333333
5 0.39621875 0.39131944444444444 0.041703125 0.16075
5 0.6659140625 0.42754166666666665 0.04721875 0.1716527777777778
5 0.40116406250000003 0.5549583333333333 0.0467734375 0.22369444444444445
5 0.36453125000000003 0.3506388888888889 0.036601562500000004 0.17956944444444442
7 0.076015625 0.12459722222222222 0.039453125 0.09125
5 0.211296875 0.5110277777777777 0.0555625 0.19925
7 0.254796875 0.05802777777777778 0.029656250000000002 0.11606944444444443
2 0.310765625 0.26240277777777776 0.0280703125 0.06619444444444444
5 0.265890625 0.48868055555555556 0.0612421875 0.21680555555555556
1 0.6681484375 0.41126388888888893 0.0165 0.0315