0 0.21505468749999998 0.2216388888888889 0.047734375 0.15929166666666666
5 0.803890625 0.6631527777777778 0.059375 0.19229166666666664
5 0.4781015625 0.701861111111111 0.08596875000000001 0.22727777777777775
5 0.3479921875 0.5134861111111111 0.03975 0.21993055555555555
5 0.3110625 0.4717222222222222 0.07718749999999999 0.22813888888888886
5 0.752125 0.5132638888888889 0.05390625 0.2411388888888889
5 0.53446875 0.5166388888888889 0.0579453125 0.2306388888888889
7 0.19175 0.08272222222222222 0.035515625 0.1564861111111111
2 0.2473203125 0.279125 0.0320625 0.06443055555555556
5 0.41714062500000004 0.6489999999999999 0.0541796875 0.2231388888888889
6 0.41275000000000006 0.7747361111111111 0.0541015625 0.176125
1 0.3988515625 0.269 0.0136015625 0.022861111111111113
5 0.5044140625 0.4545972222222222 0.024453125 0.11625
6 0.25094531249999996 0.37343055555555554 0.0407265625 0.16352777777777777