6 0.16846394984326019 0.36027777777777775 0.046880877742946706 0.18269444444444444
5 0.25377742946708465 0.44780555555555557 0.058181818181818175 0.20755555555555555
5 0.7027899686520376 0.6024444444444444 0.03860501567398119 0.17752777777777776
5 0.8937460815047022 0.5586111111111111 0.04987460815047022 0.191
5 0.8017711598746081 0.49147222222222225 0.0693730407523511 0.22194444444444447
5 0.35581504702194355 0.4228611111111111 0.05996865203761755 0.19005555555555556
5 0.4510815047021944 0.43569444444444444 0.05788401253918495 0.2003888888888889
5 0.3832288401253918 0.43175 0.04446708463949844 0.16636111111111113
2 0.7974294670846395 0.23841666666666667 0.03971786833855799 0.06616666666666667
0 0.7993730407523512 0.0929951690821256 0.8503747061128528 0.11996622131642509 0.8456496183726319 0.25835503472222227 0.7933249284448687 0.22187311292270537
5 0.6697021943573668 0.6039722222222222 0.036410658307210034 0.14758333333333334
6 0.6259404388714734 0.6425833333333334 0.053855799373040754 0.10397222222222222
5 0.3035423197492163 0.45513888888888887 0.04147335423197492 0.16875
5 0.33039184952978057 0.3085555555555555 0.03926332288401254 0.09294444444444444