7 0.9023046875 0.0766111111111111 0.023359374999999998 0.131625
6 0.054906250000000004 0.3220972222222222 0.06641406250000001 0.15963888888888889
6 0.643703125 0.7930972222222222 0.0877578125 0.18804166666666663
6 0.7212578125 0.3224861111111111 0.0327890625 0.13261111111111112
5 0.1004375 0.5492361111111111 0.067203125 0.23119444444444445
5 0.23204687499999999 0.39358333333333334 0.0630625 0.19456944444444446
5 0.340171875 0.7637916666666666 0.10221875 0.23129166666666667
5 0.2396640625 0.829125 0.0956484375 0.22615277777777779
5 0.5215078125 0.6539027777777778 0.07253125 0.19977777777777778
5 0.4898828125 0.49330555555555555 0.0561484375 0.17798611111111112
5 0.6394609375 0.5110138888888889 0.07926562499999999 0.18868055555555555
5 0.7653125000000001 0.3706805555555555 0.07229687500000001 0.13025
5 0.4830234375 0.2771388888888889 0.0702109375 0.15304166666666666
5 0.44750781249999994 0.321 0.0703671875 0.14818055555555557
2 0.843515625 0.26868055555555553 0.0307890625 0.06822222222222221
1 0.683875 0.43870833333333337 0.012171875 0.022319444444444444
3 0.6832578125000001 0.44856944444444447 0.0083984375 0.00673611111111111