5 0.6184609375 0.7520000000000001 0.10307812499999999 0.27318055555555554
6 0.4763515625 0.8065555555555556 0.06796875 0.16376388888888888
5 0.8786250000000001 0.7826111111111111 0.10024999999999999 0.3046527777777778
5 0.3799765625 0.4753055555555556 0.0634140625 0.237
7 0.12242968750000001 0.07870833333333334 0.049015625 0.12148611111111111
5 0.459265625 0.6341527777777778 0.06294531249999999 0.22230555555555556
5 0.8536015625 0.34831944444444446 0.0644296875 0.22634722222222223
0 0.3746875 0.1710972222222222 0.05094531249999999 0.17654166666666665
2 0.40075000000000005 0.24383333333333335 0.0403359375 0.07576388888888888
5 0.46539843750000004 0.45934722222222224 0.0538125 0.25627777777777777
5 0.4183828125 0.5322083333333333 0.0610234375 0.26026388888888885
1 0.44038281250000005 0.28851388888888885 0.017875 0.031013888888888886
5 0.45784375 0.5114166666666667 0.049484375000000004 0.10865277777777778