5 0.7432890624999999 0.6336666666666667 0.11171875 0.24284722222222221
6 0.0914921875 0.37779166666666664 0.090625 0.22380555555555554
5 0.24367968750000002 0.6890694444444444 0.1088125 0.22634722222222223
5 0.928125 0.5438055555555555 0.1091796875 0.20943055555555554
5 0.403828125 0.73925 0.097921875 0.21054166666666668
7 0.9800625000000001 0.043472222222222225 0.0343515625 0.08693055555555557
1 0.6582734375 0.6672083333333333 0.0195 0.03241666666666666
5 0.5589609375 0.33525 0.0691171875 0.1683472222222222
0 0.9476953124999999 0.18141666666666667 0.0631953125 0.13927777777777778
6 0.4972890625 0.7927916666666666 0.06987499999999999 0.16481944444444444
2 0.9159453125000001 0.24204166666666668 0.0405859375 0.06436111111111112