5 0.46501567398119126 0.41933333333333334 0.038040752351097176 0.1512222222222222
5 0.3342789968652038 0.35988888888888887 0.029153605015673982 0.12719444444444444
5 0.6410031347962382 0.37075 0.03614420062695924 0.1435
5 0.4003448275862069 0.5816388888888888 0.039153605015673984 0.12908333333333333
5 0.45797805642633227 0.574861111111111 0.0580564263322884 0.12769444444444444
5 0.6902194357366771 0.4036666666666667 0.03572100313479624 0.1463611111111111
5 0.7537931034482759 0.5811111111111111 0.03296238244514107 0.13794444444444443
6 0.34984326018808776 0.3139722222222222 0.02592476489028213 0.13966666666666666
5 0.6653291536050157 0.40822222222222226 0.030956112852664575 0.14591666666666667
5 0.7810971786833856 0.6242777777777778 0.031583072100313477 0.04808333333333333
6 0.3893573667711599 0.6629166666666667 0.04407523510971787 0.12533333333333332
6 0.8563793103448276 0.5623333333333334 0.03224137931034483 0.14641666666666667
7 0.8856112852664576 0.247 0.01981191222570533 0.04227777777777778
2 0.6946551724137932 0.3021111111111111 0.02772727272727273 0.04622222222222223
5 0.6108777429467085 0.2996111111111111 0.034623824451410656 0.13302777777777777
0 0.7053291536050158 0.19565217391304351 0.7250813513697696 0.23676687047101458 0.72315138595475 0.3221193765096618 0.7019297524533189 0.28398626207729477
1 0.42047021943573665 0.5520277777777778 0.00816614420062696 0.014666666666666668