6 0.285282131661442 0.7198888888888889 0.05322884012539185 0.161
5 0.7591849529780564 0.5286666666666666 0.04802507836990596 0.15863888888888888
0 0.6765203761755486 0.18694444444444444 0.0369435736677116 0.12716666666666668
5 0.20879310344827587 0.6255833333333334 0.05959247648902822 0.1963611111111111
5 0.3727115987460815 0.492 0.040626959247648906 0.17322222222222222
5 0.5837617554858934 0.6269166666666667 0.044796238244514106 0.18183333333333332
5 0.3036206896551724 0.6066111111111111 0.053605015673981196 0.15005555555555555
5 0.6243887147335423 0.6336666666666667 0.04703761755485893 0.17272222222222222
5 0.45764890282131665 0.48894444444444446 0.040047021943573666 0.17577777777777778
5 0.4943573667711598 0.5333888888888889 0.07606583072100313 0.13844444444444445
7 0.7136206896551724 0.05294444444444444 0.02976489028213166 0.08708333333333333
5 0.8664733542319748 0.5660555555555555 0.03736677115987461 0.20166666666666666
1 0.2559717868338558 0.44680555555555557 0.015109717868338559 0.020833333333333332
5 0.5467554858934169 0.5803055555555555 0.05561128526645768 0.19544444444444445
2 0.6638401253918494 0.24205555555555555 0.02877742946708464 0.059
7 0.8393416927899686 0.10891666666666668 0.02404388714733542 0.05358333333333333