0 0.3453515625 0.19284722222222223 0.04875 0.14655555555555555
5 0.3560390625 0.5855416666666666 0.0537265625 0.23390277777777777
5 0.2336640625 0.6931388888888889 0.07941406250000001 0.2137222222222222
5 0.5414921875 0.58225 0.053796875 0.18284722222222222
6 0.42954687500000005 0.7399583333333333 0.061 0.20544444444444443
5 0.611234375 0.572388888888889 0.0560078125 0.2135
5 0.6928828125 0.5305555555555556 0.0656171875 0.20690277777777777
5 0.7554296875000001 0.34870833333333334 0.06281250000000001 0.14169444444444443
5 0.5038828125 0.5021805555555555 0.0739765625 0.21359722222222222
2 0.36999218749999996 0.2516527777777778 0.027273437499999997 0.06266666666666666
7 0.140875 0.11627777777777777 0.033 0.08866666666666667
5 0.600203125 0.40880555555555553 0.054953125000000005 0.16655555555555557
5 0.2983515625 0.5501111111111111 0.0492109375 0.21333333333333332
6 0.960140625 0.3242638888888889 0.0492109375 0.1679861111111111
5 0.3598125 0.4252083333333333 0.052023437500000005 0.16180555555555556
1 0.51446875 0.585861111111111 0.0171875 0.030291666666666665
6 0.32517968750000004 0.3117916666666667 0.0301328125 0.12941666666666668
7 0.318828125 0.04934722222222222 0.0235859375 0.09868055555555555