5 0.26042187499999997 0.7141249999999999 0.077046875 0.25469444444444445
5 0.6478203125 0.34076388888888887 0.08349218750000001 0.1451527777777778
5 0.4391015625 0.7694583333333334 0.080203125 0.23920833333333333
5 0.2206875 0.5125555555555555 0.06932812499999999 0.23231944444444447
6 0.592421875 0.7980555555555556 0.0866796875 0.204125
5 0.1146484375 0.62625 0.05600000000000001 0.23758333333333334
5 0.430125 0.5588055555555556 0.0546171875 0.20836111111111114
6 0.2658671875 0.32916666666666666 0.048570312500000004 0.16265277777777779
5 0.92890625 0.5022777777777777 0.052000000000000005 0.2120138888888889
5 0.4673984375 0.37577777777777777 0.0605390625 0.15833333333333333
5 0.7381328125 0.6549444444444444 0.0541796875 0.2327361111111111
1 0.7089218749999999 0.6769305555555556 0.01471875 0.027944444444444445