5 0.8938515625000001 0.6437777777777778 0.087515625 0.24425000000000002
5 0.1733984375 0.5928333333333333 0.0758515625 0.23399999999999999
5 0.34685156250000004 0.5760555555555555 0.09875 0.22133333333333335
6 0.61809375 0.7970555555555555 0.0753203125 0.2202361111111111
5 0.7101875 0.4519444444444444 0.0711640625 0.1984861111111111
5 0.21871875 0.5443333333333333 0.061812500000000006 0.21195833333333336
5 0.4264453125 0.45843055555555556 0.04959375 0.21645833333333334
5 0.9645781250000001 0.5056388888888889 0.0636875 0.22240277777777778
6 0.3468984375 0.34775 0.0424375 0.1646527777777778
5 0.723578125 0.6963611111111111 0.0609765625 0.23059722222222223
5 0.648953125 0.6755416666666666 0.08990625 0.2270277777777778
1 0.702953125 0.4482638888888889 0.014593749999999999 0.02588888888888889