5 0.3021875 0.6557499999999999 0.0576171875 0.22352777777777777
6 0.399015625 0.7199027777777778 0.0512734375 0.18856944444444446
5 0.4085234375 0.5809861111111111 0.05384375 0.21041666666666667
6 0.8558359375 0.29804166666666665 0.0346796875 0.1617361111111111
5 0.8053359375 0.5428888888888889 0.0675 0.18758333333333332
5 0.39449999999999996 0.3565138888888889 0.043828125 0.16425
7 0.07475781249999999 0.10572222222222223 0.0384609375 0.08154166666666667
0 0.2726015625 0.18368055555555557 0.0405859375 0.15118055555555554
5 0.7180156249999999 0.5476944444444444 0.054390625000000005 0.22330555555555556
5 0.30434375 0.44029166666666664 0.04090625 0.20590277777777777
5 0.5163359375 0.446125 0.056937499999999995 0.19429166666666664
5 0.8839062500000001 0.538986111111111 0.0537109375 0.14845833333333333
2 0.2976875 0.24118055555555556 0.026445312500000002 0.058652777777777776
7 0.2516875 0.06684722222222222 0.025109375 0.10587500000000001
6 0.2577421875 0.29520833333333335 0.0335 0.13306944444444443
1 0.8692968750000001 0.545375 0.0169921875 0.03268055555555556
5 0.412609375 0.24190277777777777 0.0341484375 0.07977777777777778
5 0.2807734375 0.4162361111111111 0.033625 0.18348611111111113