5 0.9094670846394984 0.5831944444444445 0.05311912225705329 0.19083333333333335
5 0.5792789968652038 0.4635 0.04363636363636363 0.16341666666666665
5 0.5581974921630094 0.6302222222222222 0.0825078369905956 0.17855555555555555
5 0.7404075235109718 0.2768055555555556 0.05313479623824451 0.13574999999999998
5 0.4844984326018809 0.45261111111111113 0.0747962382445141 0.1918888888888889
6 0.6263949843260188 0.6980833333333334 0.04775862068965517 0.13591666666666666
5 0.5529780564263324 0.352 0.05655172413793103 0.17877777777777779
5 0.48822884012539186 0.6526388888888889 0.04128526645768025 0.17594444444444446
5 0.6137147335423198 0.3909722222222222 0.042931034482758625 0.14708333333333334
6 0.24170846394984327 0.32480555555555557 0.03109717868338558 0.11869444444444444
5 0.24647335423197492 0.4128055555555556 0.05684952978056427 0.16158333333333333
2 0.8856112852664576 0.2617777777777778 0.03261755485893417 0.06627777777777778
1 0.5105329153605016 0.652 0.011269592476489029 0.022916666666666665
0 0.9175307451169518 0.2799145299145299 0.8936571241258741 0.23137853899572652 0.8997891924885458 0.1373697916666667 0.9258010308656861 0.18487913995726504
7 0.9455015673981192 0.06191666666666666 0.01736677115987461 0.08108333333333334
6 0.9838557993730408 0.3677777777777778 0.03230407523510972 0.17519444444444446