5 0.8697335423197492 0.5228055555555555 0.05492163009404388 0.24152777777777779
6 0.7506269592476489 0.7036111111111112 0.06420062695924765 0.2639166666666667
5 0.6089655172413793 0.4917222222222222 0.05249216300940439 0.20274999999999999
6 0.5236520376175549 0.29430555555555554 0.045830721003134796 0.1763611111111111
5 0.3135736677115987 0.27708333333333335 0.04142633228840125 0.17405555555555555
5 0.3376018808777429 0.5615277777777778 0.07794670846394984 0.17275
5 0.2809561128526646 0.6778611111111111 0.07354231974921631 0.1832222222222222
5 0.134858934169279 0.5115833333333333 0.05523510971786834 0.24247222222222223
5 0.2865987460815047 0.37677777777777777 0.03725705329153605 0.20091666666666666
5 0.26760188087774295 0.3296111111111111 0.04061128526645768 0.20894444444444443
0 0.13941593796403234 0.2529239766081871 0.19156157193532422 0.21650561951754377 0.1841692789968652 0.11261307565789475 0.13922581360336578 0.1436974597953216
2 0.1839498432601881 0.24075 0.029670846394984327 0.06338888888888888