0 0.2527421875 0.2005138888888889 0.049320312500000005 0.16993055555555556
6 0.3949609375 0.7881805555555556 0.065109375 0.22880555555555557
2 0.2771953125 0.2660694444444444 0.0357890625 0.07591666666666666
5 0.3586484375 0.7077222222222223 0.09163281250000001 0.2071111111111111
5 0.2752421875 0.6501527777777778 0.0741953125 0.21858333333333332
5 0.381453125 0.5137083333333333 0.065671875 0.22104166666666666
5 0.647671875 0.5160694444444445 0.072546875 0.2320138888888889
5 0.43893750000000004 0.506875 0.06284375 0.19973611111111111
5 0.3561796875 0.4177777777777778 0.047375 0.17669444444444443
5 0.8629374999999999 0.6679722222222222 0.060265625 0.19090277777777775
5 0.2982578125 0.47376388888888893 0.059265625 0.17627777777777778
7 0.2261171875 0.06459722222222222 0.037867187499999996 0.11736111111111111
6 0.18662499999999999 0.37430555555555556 0.0425390625 0.17705555555555555
7 0.0133125 0.132375 0.026625 0.140875
5 0.3995546875 0.4095416666666667 0.0366796875 0.16515277777777776