5 0.27325 0.722875 0.0807265625 0.2750694444444445
5 0.4869140625 0.7070416666666667 0.0895859375 0.28447222222222224
5 0.54253125 0.5124861111111111 0.0711796875 0.22897222222222224
5 0.6551015625 0.46391666666666664 0.067453125 0.21543055555555557
5 0.7022734374999999 0.6317083333333333 0.05630468749999999 0.24148611111111112
6 0.635734375 0.768625 0.046671875 0.17758333333333334
6 0.07375781249999999 0.3536388888888889 0.061546875 0.174375
5 0.442578125 0.5650833333333334 0.060125 0.23638888888888887
5 0.5879375 0.3897083333333333 0.0451328125 0.16702777777777778
5 0.8443125 0.47763888888888884 0.0611171875 0.17030555555555557
5 0.0233515625 0.4320694444444444 0.046703125 0.2000277777777778
5 0.40753125 0.48418055555555556 0.046132812499999995 0.2167777777777778
1 0.25918006896972656 0.5895538330078125 0.2637310028076172 0.5907321506076388 0.2665557861328125 0.5918138292100694 0.26880931854248047 0.5941297743055556 0.2703075408935547 0.5966135660807291 0.2706279754638672 0.6011115180121528 0.2705678939819336 0.6040530734592013 0.26983642578125 0.607696533203125 0.2675628662109375 0.6112874348958334 0.2672252655029297 0.6158074273003472 0.26755714416503906 0.6198442247178819 0.26699066162109375 0.6221110026041666 0.2642335891723633 0.6226026746961806 0.2622642517089844 0.6225009494357638 0.2601938247680664 0.6213005913628472 0.25901126861572266 0.6198001437717013 0.2577962875366211 0.6174452039930556 0.2570648193359375 0.6148444281684028 0.2591552734375 0.6117350260416666 0.2603731155395508 0.6064537896050347 0.26142406463623047 0.6022525363498263 0.2616720199584961 0.5975714789496528 0.2587013244628906 0.5968441433376737 0.2563667297363281 0.5967152913411459 0.2554607391357422 0.5957149929470487 0.25612545013427734 0.5925140380859375 0.2579383850097656 0.5904320610894097