5 0.47117554858934174 0.4295 0.03622257053291536 0.1523611111111111
5 0.3159561128526646 0.38530555555555557 0.02913793103448276 0.14444444444444443
5 0.5767084639498432 0.32569444444444445 0.032680250783699065 0.14069444444444443
5 0.7330877742946709 0.5852777777777778 0.034921630094043886 0.10661111111111111
5 0.6228056426332289 0.3832777777777778 0.03297805642633229 0.1348888888888889
5 0.4028056426332289 0.5290277777777778 0.03340125391849529 0.08177777777777778
5 0.39553291536050156 0.5914444444444444 0.03772727272727273 0.12333333333333332
5 0.6665673981191222 0.4202222222222222 0.039749216300940436 0.11983333333333333
6 0.4091222570532915 0.32408333333333333 0.025015673981191224 0.13369444444444445
6 0.41280564263322883 0.6509444444444444 0.0391692789968652 0.12313888888888888
5 0.7228840125391849 0.6234166666666667 0.029655172413793104 0.07777777777777778
5 0.6324764890282132 0.42133333333333334 0.03830721003134797 0.14280555555555555
2 0.6762852664576803 0.3118611111111111 0.02506269592476489 0.04641666666666667
7 0.8660188087774294 0.25527777777777777 0.02561128526645768 0.04677777777777778
7 0.7213949843260188 0.14369444444444443 0.017131661442006268 0.06761111111111111
0 0.6876107400845032 0.20772946859903382 0.7055474393485075 0.24441896890096623 0.7029173623415564 0.33054517663043487 0.6822121609649721 0.2880953728864735