5 0.42195312500000004 0.6227777777777778 0.1043828125 0.20833333333333334
6 0.2368046875 0.2893055555555556 0.06887499999999999 0.15962500000000002
5 0.56925 0.4453888888888889 0.0675625 0.21445833333333333
5 0.44973437499999996 0.4199166666666666 0.0802109375 0.20625
5 0.6771171875 0.5046805555555556 0.057874999999999996 0.2024861111111111
1 0.3176875 0.595375 0.018882812500000002 0.02783333333333333
5 0.3260234375 0.5355972222222222 0.056757812500000004 0.14379166666666668
5 0.9016015625 0.35194444444444445 0.050812500000000003 0.22886111111111113
2 0.1590234375 0.20784722222222224 0.032218750000000004 0.06672222222222222
6 0.42721875000000004 0.7561249999999999 0.0648203125 0.1978472222222222
0 0.127203125 0.138875 0.047390625 0.15590277777777778
5 0.63625 0.3324722222222222 0.040265625 0.17119444444444445
5 0.9748749999999999 0.672875 0.0484609375 0.2503472222222222
5 0.962 0.5414861111111111 0.0754375 0.22075
5 0.427671875 0.40370833333333334 0.0518046875 0.21202777777777776