5 0.755846394984326 0.5867777777777778 0.07001567398119123 0.2199722222222222
6 0.8384482758620689 0.7563888888888889 0.050360501567398124 0.15536111111111112
5 0.15344827586206897 0.78525 0.08970219435736676 0.22719444444444445
5 0.4949529780564263 0.3750555555555556 0.044796238244514106 0.21169444444444444
5 0.5183072100313479 0.5591944444444444 0.06661442006269593 0.24419444444444444
1 0.7300470219435736 0.6391388888888889 0.01647335423197492 0.026972222222222224
5 0.2971630094043887 0.3964166666666667 0.03706896551724138 0.23319444444444445
5 0.5773197492163009 0.32366666666666666 0.04394984326018809 0.18372222222222223
2 0.21308777429467082 0.2684722222222222 0.03324451410658307 0.07491666666666666
0 0.184576802507837 0.19627777777777777 0.03993730407523511 0.19022222222222224
5 0.6069278996865204 0.6178611111111111 0.07195924764890281 0.22263888888888891
5 0.34211598746081506 0.6350555555555556 0.055501567398119116 0.2613055555555555
5 0.6432758620689656 0.5723333333333334 0.0692319749216301 0.2509166666666667
7 0.1438244514106583 0.040777777777777774 0.032460815047021946 0.08155555555555555
3 0.7295611285266458 0.65325 0.013087774294670847 0.014361111111111111
5 0.350846394984326 0.29886111111111113 0.05351097178683386 0.20299999999999999
6 0.6501880877742947 0.3085 0.056394984326018804 0.20416666666666666