5 0.439078125 0.56375 0.09628125 0.23755555555555555
5 0.7178125 0.6255972222222222 0.055609375 0.27397222222222223
5 0.49243750000000003 0.6892222222222222 0.09603125 0.25452777777777774
5 0.6702656250000001 0.46143055555555557 0.057703125 0.2006111111111111
5 0.853453125 0.48938888888888893 0.077046875 0.19845833333333332
5 0.2839453125 0.7212222222222222 0.071609375 0.27634722222222224
5 0.6091875 0.39465277777777774 0.045734375 0.17059722222222223
6 0.6303124999999999 0.777625 0.08 0.193875
6 0.0868046875 0.34879166666666667 0.056140625 0.1738888888888889
5 0.558703125 0.49569444444444444 0.061140625000000004 0.21486111111111109
5 0.0321328125 0.4250555555555556 0.06053125 0.190125
5 0.4179921875 0.47086111111111106 0.057921875 0.19081944444444443
1 0.2731796875 0.5851527777777777 0.0161484375 0.034194444444444444