5 0.7267109375 0.48756944444444444 0.06271875 0.1790972222222222
5 0.6494921875 0.44005555555555553 0.045984375 0.1589722222222222
5 0.3731953125 0.3852361111111111 0.073640625 0.1634861111111111
5 0.3614453125 0.6952777777777778 0.057546875 0.23658333333333334
5 0.4085078125 0.5536527777777778 0.0440234375 0.20129166666666667
6 0.4058359375 0.7489305555555555 0.053937500000000006 0.21824999999999997
0 0.2853203125 0.19818055555555555 0.03828125 0.1356527777777778
5 0.5381796875 0.40579166666666666 0.050937500000000004 0.176625
5 0.9385078124999999 0.5473055555555556 0.0453125 0.2066388888888889
6 0.8657187499999999 0.31372222222222224 0.0397578125 0.157125
5 0.3236328125 0.35105555555555557 0.059710937500000005 0.17240277777777777
2 0.30377343749999997 0.25540277777777776 0.032718750000000005 0.06633333333333333
5 0.2583359375 0.4999166666666667 0.0706328125 0.20709722222222224
7 0.076265625 0.12301388888888888 0.041078125 0.09340277777777778
1 0.6323125 0.4967083333333333 0.0142421875 0.022347222222222223
7 0.2506640625 0.06047222222222222 0.0292890625 0.12093055555555554
5 0.2087890625 0.49459722222222224 0.043359375 0.19752777777777777