5 0.7337265625 0.69175 0.10811718749999999 0.26143055555555555
5 0.8938359374999999 0.6434027777777778 0.0742421875 0.24251388888888892
6 0.627390625 0.8010972222222221 0.0887109375 0.21233333333333332
5 0.3458359375 0.5794444444444444 0.084609375 0.23583333333333334
5 0.718984375 0.46105555555555555 0.06746875 0.21827777777777777
5 0.9682968750000001 0.5005694444444445 0.0631171875 0.24134722222222224
5 0.21546875000000001 0.5423055555555555 0.055109375 0.21080555555555555
5 0.1757578125 0.6027638888888889 0.054804687500000004 0.23934722222222224
5 0.42164062500000005 0.45234722222222223 0.0507890625 0.22940277777777776
5 0.6535078125 0.6762777777777778 0.0713125 0.23141666666666666
6 0.342515625 0.34341666666666665 0.050562499999999996 0.1798888888888889
1 0.716625 0.45055555555555554 0.018328125 0.03297222222222222