5 0.6102507836990595 0.4375555555555556 0.033448275862068964 0.12027777777777778
5 0.3762068965517242 0.43655555555555553 0.03001567398119122 0.1535
5 0.6821316614420062 0.5169166666666667 0.03769592476489028 0.11449999999999999
5 0.557884012539185 0.429 0.043087774294670846 0.11666666666666667
5 0.5457836990595611 0.47950000000000004 0.030219435736677118 0.14455555555555555
5 0.3477586206896552 0.5932777777777778 0.03772727272727273 0.114
5 0.2912068965517241 0.6278888888888888 0.029890282131661443 0.09572222222222222
6 0.43923197492163013 0.3313888888888889 0.025532915360501566 0.14119444444444443
5 0.6254388714733542 0.5410555555555555 0.041536050156739814 0.14972222222222223
6 0.4060188087774295 0.6336944444444444 0.05285266457680251 0.10555555555555556
2 0.6794043887147335 0.32791666666666663 0.024467084639498433 0.04716666666666667
7 0.8578683385579938 0.27161111111111114 0.021567398119122255 0.043222222222222224
7 0.7240282131661442 0.16327777777777777 0.0169435736677116 0.058472222222222224
6 0.8419435736677116 0.5679444444444445 0.025156739811912226 0.08997222222222222
5 0.6533855799373041 0.4541944444444444 0.0343730407523511 0.12819444444444444
5 0.6528056426332288 0.37755555555555553 0.025799373040752353 0.05461111111111111
0 0.6896551724137931 0.22584541062801933 0.7072085406160558 0.2633982487922706 0.7054915369020036 0.34545780495169087 0.6835964120212622 0.3027155042270532