6 0.4375859375 0.75675 0.056140625 0.2048611111111111
5 0.5800156249999999 0.5608194444444444 0.07373437499999999 0.18279166666666669
5 0.6466953125 0.5069444444444444 0.0846875 0.19386111111111112
5 0.5139296875 0.5780833333333334 0.05240625 0.19008333333333335
0 0.3565625 0.20511111111111113 0.0373828125 0.15245833333333333
5 0.2903203125 0.7138888888888889 0.06903125 0.1793472222222222
5 0.3593515625 0.6004583333333333 0.051390625 0.23776388888888889
7 0.1488671875 0.11780555555555555 0.0376875 0.09070833333333334
5 0.4786015625 0.5123472222222222 0.056703125 0.19366666666666665
5 0.3146328125 0.5761944444444445 0.058320312500000006 0.22931944444444446
2 0.3788046875 0.26458333333333334 0.02496875 0.05952777777777778
5 0.6233125 0.41254166666666664 0.0481640625 0.16870833333333332
5 0.7356874999999999 0.3423611111111111 0.06659375 0.158875
6 0.977953125 0.3342777777777778 0.04409375 0.17940277777777777
6 0.3318046875 0.31104166666666666 0.033234375 0.13629166666666667
7 0.327203125 0.06540277777777778 0.0275703125 0.12470833333333334
5 0.360859375 0.44684722222222223 0.0566796875 0.1479861111111111
1 0.501421875 0.49904166666666666 0.017499999999999998 0.03143055555555555