5 0.9821406250000001 0.7438333333333332 0.0357109375 0.20194444444444445
5 0.7475625 0.6305 0.046468749999999996 0.14990277777777777
5 0.70878125 0.5961805555555556 0.049265625 0.12906944444444446
5 0.7175234374999999 0.45381944444444444 0.027210937499999997 0.114
5 0.6530234375 0.4602083333333334 0.0312734375 0.10691666666666667
5 0.59965625 0.43209722222222224 0.0204609375 0.09783333333333333
5 0.49758593749999996 0.6671527777777778 0.0420390625 0.2033472222222222
5 0.5043828125 0.5216944444444445 0.036140624999999996 0.15059722222222224
5 0.3997578125 0.559625 0.0358515625 0.14702777777777779
5 0.4047734375 0.45341666666666663 0.023046875 0.0933611111111111
5 0.2707578125 0.4744027777777778 0.0345546875 0.12688888888888888
5 0.22290625 0.5978888888888889 0.040546874999999996 0.17545833333333333
5 0.14738281250000002 0.5517777777777777 0.033359375000000004 0.14594444444444443
7 0.49721093749999995 0.22993055555555558 0.0278984375 0.07890277777777778
0 0.495 0.30791666666666667 0.050265625 0.05630555555555555
2 0.49721875000000004 0.33847222222222223 0.0179765625 0.03306944444444444
1 0.7141015625 0.6718055555555555 0.0120546875 0.01952777777777778
3 0.7143984375 0.6837638888888888 0.0103671875 0.009458333333333332