5 0.47630094043887145 0.3948888888888889 0.03979623824451411 0.16433333333333333
5 0.38677115987460814 0.35241666666666666 0.030031347962382444 0.17494444444444443
5 0.452742946708464 0.5863333333333334 0.052210031347962385 0.13983333333333334
5 0.6624451410658307 0.408 0.02664576802507837 0.18733333333333332
5 0.6296238244514106 0.3774166666666667 0.03473354231974922 0.15961111111111112
5 0.5295141065830721 0.6074166666666666 0.03800940438871473 0.16977777777777778
0 0.7417398119122257 0.21416666666666664 0.03330721003134796 0.128
7 0.9073824451410658 0.19586111111111112 0.03141065830721003 0.08572222222222223
5 0.49493730407523506 0.6088888888888888 0.03449843260188088 0.17283333333333334
5 0.5415673981191222 0.4595833333333333 0.040188087774294674 0.15855555555555556
7 0.7764106583072101 0.08405555555555556 0.027492163009404387 0.12191666666666667
5 0.33169278996865204 0.4822777777777778 0.04255485893416928 0.18697222222222223
6 0.4303448275862069 0.302 0.03167711598746081 0.134
6 0.9495297805642633 0.5350277777777778 0.03509404388714733 0.1903888888888889
5 0.3526489028213166 0.6388333333333333 0.042413793103448276 0.16297222222222224
6 0.17404388714733543 0.6630833333333334 0.0432601880877743 0.2033611111111111
2 0.7215987460815046 0.2584444444444445 0.031191222570532914 0.050694444444444445
1 0.38184952978056425 0.6312777777777777 0.015454545454545453 0.028277777777777777