5 0.0352421875 0.8593472222222223 0.070484375 0.26645833333333335
5 0.3869609375 0.6700694444444444 0.1054921875 0.2725138888888889
0 0.6574140625 0.19212500000000002 0.05084375 0.16909722222222223
5 0.40499999999999997 0.5480138888888889 0.09390625 0.20070833333333332
5 0.52009375 0.42809722222222224 0.0537734375 0.18831944444444446
5 0.5539531249999999 0.6558611111111111 0.058773437500000004 0.28030555555555553
6 0.6555 0.3521388888888889 0.04034375 0.1834722222222222
7 0.9183359375 0.09876388888888889 0.0483125 0.14568055555555556
2 0.629109375 0.2678333333333333 0.0381171875 0.08241666666666667
5 0.5016953125 0.5679027777777778 0.0596328125 0.28258333333333335
6 0.52296875 0.8550416666666667 0.05550000000000001 0.23052777777777778
5 0.6359140625 0.4860694444444445 0.049671875 0.22036111111111112
7 0.6872734375 0.058541666666666665 0.036921875 0.11708333333333333
5 0.584609375 0.5671805555555556 0.055218750000000004 0.280625
1 0.6531875 0.4784583333333333 0.015640625 0.03133333333333333