6 0.4353359375 0.7516805555555556 0.060890625 0.21869444444444447
5 0.5645156250000001 0.45256944444444447 0.0630859375 0.2230277777777778
5 0.9112265624999999 0.358125 0.054898437499999994 0.21031944444444445
5 0.42696093749999997 0.6284861111111111 0.0783125 0.22101388888888887
5 0.657390625 0.5060277777777777 0.0852109375 0.21054166666666668
5 0.4417109375 0.42800000000000005 0.0742890625 0.20155555555555557
5 0.3380703125 0.5377083333333333 0.063296875 0.154875
6 0.2474296875 0.2778055555555556 0.0786796875 0.17843055555555556
0 0.150390625 0.13922222222222222 0.048070312500000004 0.15291666666666665
5 0.639421875 0.3248333333333333 0.040359374999999996 0.1671388888888889
2 0.18021875 0.2098611111111111 0.031132812500000002 0.06844444444444445
1 0.335453125 0.6089305555555555 0.015796875 0.02386111111111111
3 0.3361171875 0.6211111111111111 0.00978125 0.007611111111111112
5 0.9785234375 0.5411944444444445 0.042953124999999995 0.23298611111111112
5 0.42132031249999996 0.39975 0.0703671875 0.1902361111111111
5 0.98753125 0.6700972222222222 0.0249375 0.24827777777777776