6 0.910328125 0.5014027777777778 0.048085937499999995 0.22811111111111113
6 0.6544765625 0.7540972222222223 0.0572265625 0.22425
6 0.19818750000000002 0.19281944444444446 0.052617187499999996 0.19427777777777777
5 0.113375 0.3420416666666667 0.0670234375 0.24273611111111112
5 0.34489843750000004 0.4365138888888889 0.0630625 0.23104166666666665
5 0.438640625 0.45456944444444447 0.05609375 0.239375
5 0.557796875 0.63825 0.070453125 0.19009722222222222
5 0.754109375 0.69275 0.0950234375 0.2589444444444444
5 0.716015625 0.5860972222222223 0.0900234375 0.18144444444444444
5 0.559125 0.5399722222222222 0.0817890625 0.13858333333333334
5 0.605703125 0.22480555555555556 0.06209375 0.1996111111111111
5 0.57459375 0.317875 0.0485 0.20366666666666663
5 0.6053828125 0.43383333333333335 0.063203125 0.2503888888888889
2 0.688546875 0.15841666666666668 0.0402890625 0.07300000000000001
0 0.6987847222222222 0.0015432098765432538 0.737491183810764 0.05552541473765427 0.7352464463975694 0.18458236882716056 0.6926845974392363 0.11590350115740738
1 0.5572421875 0.7415833333333334 0.018375 0.03073611111111111
3 0.5559140625000001 0.7570694444444445 0.013125000000000001 0.009708333333333334