5 0.2812109375 0.7242777777777778 0.08347656249999999 0.2566805555555556
5 0.388234375 0.5528888888888889 0.060164062500000004 0.21511111111111111
5 0.9378515625 0.506625 0.092578125 0.2048611111111111
5 0.7458515625000001 0.6507083333333333 0.0846171875 0.2340833333333333
6 0.588984375 0.7901111111111111 0.060164062500000004 0.19029166666666666
5 0.41409375 0.38255555555555554 0.0478203125 0.16847222222222222
5 0.1553203125 0.51075 0.057999999999999996 0.22679166666666667
5 0.05475 0.6269166666666667 0.0658046875 0.22447222222222224
6 0.6409921875 0.3484583333333333 0.060453124999999996 0.16944444444444445
5 0.4488359375 0.7750833333333332 0.0988984375 0.2218472222222222
6 0.2395859375 0.3317083333333333 0.0450703125 0.15963888888888889
1 0.7267890625 0.5894027777777778 0.014140625 0.02663888888888889