7 0.869203125 0.11920833333333333 0.041984375000000004 0.11936111111111111
7 0.6886171875 0.07043055555555555 0.031046875 0.140875
2 0.6387031249999999 0.24734722222222222 0.036328125 0.066125
5 0.8101953125 0.5261944444444444 0.040031250000000004 0.20319444444444446
5 0.79375 0.7042916666666666 0.06740625 0.21809722222222222
5 0.61690625 0.5548055555555556 0.0507734375 0.2326111111111111
5 0.4740078125 0.3780138888888889 0.05515625 0.18459722222222222
5 0.39654687499999997 0.39284722222222224 0.0542578125 0.17458333333333334
5 0.2591171875 0.5564861111111111 0.0606484375 0.188375
5 0.1161171875 0.5621805555555556 0.044546875 0.21295833333333336
5 0.32546875000000003 0.33270833333333333 0.034328125 0.17983333333333332
5 0.2951640625 0.3604444444444444 0.0391328125 0.18386111111111111
5 0.27452343749999997 0.3258888888888889 0.0276171875 0.1438472222222222
5 0.24253906249999999 0.3526111111111111 0.0479921875 0.14794444444444443
5 0.11529687500000001 0.8347916666666666 0.062320312499999996 0.2449722222222222
0 0.6439732142857144 0.11309523809523812 0.6814139229910714 0.1653180803571429 0.6773856026785714 0.2765376984126985 0.6403982979910715 0.21481274801587308
1 0.1479296875 0.6453472222222222 0.015984375000000002 0.025583333333333336
3 0.14852343750000002 0.6599444444444444 0.013046875 0.010930555555555556