5 0.7206015625 0.7614861111111111 0.08059374999999999 0.24579166666666666
5 0.5350703125 0.6985277777777777 0.0653515625 0.24662499999999998
6 0.4697265625 0.7988333333333333 0.0609140625 0.17541666666666667
7 0.1448984375 0.09433333333333334 0.041046875 0.10616666666666666
5 0.787015625 0.33384722222222224 0.042703124999999995 0.19019444444444444
5 0.3782265625 0.5479861111111112 0.0482421875 0.22940277777777776
5 0.435140625 0.4872638888888889 0.048125 0.14108333333333334
5 0.4726640625 0.43798611111111113 0.060289062500000004 0.18168055555555557
2 0.40667187499999996 0.25677777777777777 0.038984375 0.07644444444444444
0 0.3852109375 0.1908611111111111 0.0433515625 0.1768611111111111
5 0.40221093750000003 0.6033472222222223 0.061765625000000005 0.26075000000000004
5 0.4469140625 0.6364444444444445 0.0604609375 0.2671111111111111
7 0.3473203125 0.04511111111111111 0.0273046875 0.08552777777777777
5 0.443171875 0.409625 0.0373828125 0.1317361111111111
1 0.40795312499999997 0.20347222222222222 0.0157734375 0.029625