5 0.5925312500000001 0.7571666666666667 0.056046874999999996 0.234625
5 0.51884375 0.6493333333333333 0.061304687499999996 0.2180138888888889
5 0.4149765625 0.6238055555555555 0.0686328125 0.24816666666666667
6 0.467015625 0.7969583333333332 0.0585078125 0.19281944444444446
5 0.5377421874999999 0.4317222222222222 0.06587499999999999 0.19131944444444443
5 0.3674375 0.6009583333333334 0.065984375 0.2627222222222222
7 0.1547734375 0.10968055555555556 0.03275 0.10309722222222223
5 0.744765625 0.3351805555555556 0.0514296875 0.17240277777777777
0 0.3885078125 0.19461111111111112 0.04371875 0.15390277777777778
2 0.407546875 0.2637777777777778 0.0385234375 0.06756944444444445
5 0.4641875 0.543125 0.05485156249999999 0.20868055555555556
5 0.48960156250000003 0.4734583333333333 0.0425390625 0.21765277777777778
7 0.3498359375 0.06393055555555556 0.0240703125 0.10701388888888888
6 0.3598125 0.31145833333333334 0.03665625 0.15372222222222223
1 0.44077343750000003 0.13516666666666666 0.017578125 0.03040277777777778
5 0.46148437500000006 0.41713888888888884 0.0268671875 0.10913888888888888