5 0.4268828125 0.6231249999999999 0.06940625 0.2547083333333333
6 0.3015078125 0.2711944444444444 0.0424140625 0.19175
6 0.46707031250000003 0.7699444444444444 0.058476562499999996 0.2155277777777778
5 0.637546875 0.5014722222222222 0.06540625 0.21054166666666668
0 0.2496015625 0.14630555555555555 0.049375 0.16254166666666667
5 0.5369609375 0.49520833333333336 0.0773359375 0.23881944444444442
5 0.9626015625000001 0.6909305555555556 0.0747890625 0.2452638888888889
5 0.9437734375 0.36033333333333334 0.0487578125 0.21402777777777776
2 0.269625 0.21463888888888888 0.0337265625 0.07495833333333334
5 0.36934374999999997 0.54125 0.0785390625 0.1577638888888889
5 0.6092578125 0.35268055555555555 0.07134375 0.18958333333333333
7 0.0166015625 0.06325 0.033203125 0.11009722222222222
5 0.419734375 0.4188055555555556 0.06378906250000001 0.18880555555555556
1 0.3691328125 0.5927361111111111 0.016242187499999998 0.028749999999999998