5 0.668328125 0.5894166666666667 0.07229687500000001 0.16443055555555555
5 0.5960234375 0.5590138888888889 0.0489453125 0.14358333333333334
5 0.39832812500000003 0.7015277777777779 0.0891328125 0.23801388888888889
7 0.0468203125 0.16583333333333333 0.0467734375 0.13105555555555556
7 0.241953125 0.09937499999999999 0.03771875 0.140125
0 0.24913194444444448 0.19290123456790134 0.2855767144097222 0.160252700617284 0.2912767198350695 0.2796223958333333 0.25394015842013895 0.3074785397376544
2 0.29221875 0.29106944444444444 0.030625000000000003 0.0636111111111111
6 0.263765625 0.39675000000000005 0.0362109375 0.17004166666666667
6 0.9401796875 0.38133333333333336 0.0675625 0.18484722222222222
6 0.293234375 0.7334583333333333 0.0465390625 0.1891388888888889
5 0.46953125 0.6282777777777778 0.0584921875 0.21643055555555557
5 0.586765625 0.42404166666666665 0.0643203125 0.1536388888888889
5 0.381625 0.48323611111111114 0.056203125 0.204125
5 0.3542421875 0.4441527777777778 0.0449921875 0.2000277777777778
5 0.29821875000000003 0.48461111111111116 0.056343750000000005 0.19454166666666667
5 0.3148828125 0.3551111111111111 0.035164062499999996 0.10220833333333333
5 0.70596875 0.37097222222222226 0.047359374999999995 0.19255555555555554
1 0.662609375 0.6491111111111111 0.014828125000000001 0.026444444444444444
3 0.6625 0.6640833333333334 0.0152578125 0.010597222222222221