5 0.5646708463949843 0.5378611111111111 0.0702194357366771 0.24075
6 0.947115987460815 0.8768333333333334 0.08750783699059561 0.24636111111111111
5 0.7341065830721003 0.6986666666666667 0.0791692789968652 0.24469444444444446
5 0.31741379310344825 0.6588333333333334 0.07199059561128526 0.28480555555555553
5 0.8890752351097179 0.3830555555555556 0.07857366771159875 0.24383333333333335
5 0.16094043887147336 0.6784166666666667 0.058589341692789974 0.2598611111111111
6 0.7303448275862069 0.36897222222222226 0.057789968652037615 0.1806666666666667
5 0.6834639498432602 0.6808055555555556 0.079717868338558 0.2509722222222222
8 0.31802507836990596 0.96475 0.07836990595611286 0.06955555555555555
5 0.6465830721003134 0.5948611111111112 0.07236677115987461 0.23383333333333337
5 0.8321316614420062 0.44736111111111115 0.06442006269592476 0.21386111111111109
5 0.04089341692789969 0.7599722222222222 0.08177115987460816 0.2615277777777778
2 0.2948432601880878 0.29294444444444445 0.041771159874608145 0.07866666666666666
0 0.22216164644950254 0.318840579710145 0.22202588336513562 0.1776871980676329 0.2944408477579393 0.1293638662439614 0.29568401168733816 0.28632152022946866