6 0.2812382445141066 0.35886111111111113 0.06379310344827586 0.16480555555555554
5 0.6757523510971787 0.5395555555555556 0.06802507836990596 0.17074999999999999
5 0.8098119122257053 0.6008333333333333 0.05512539184952978 0.2265
5 0.5946394984326019 0.6102777777777777 0.055407523510971786 0.20116666666666666
5 0.3169122257053292 0.6434444444444444 0.042648902821316614 0.16111111111111112
5 0.39537617554858934 0.5819722222222222 0.057507836990595605 0.2195277777777778
5 0.7164890282131662 0.3864722222222222 0.039749216300940436 0.15569444444444444
5 0.5298746081504703 0.37127777777777776 0.036614420062695927 0.1631111111111111
5 0.4707210031347962 0.41930555555555554 0.04482758620689655 0.18366666666666667
5 0.5331191222570533 0.5728055555555556 0.05007836990595611 0.18119444444444446
5 0.6137774294670846 0.30230555555555555 0.04995297805642633 0.16258333333333333
2 0.1934639498432602 0.22113888888888888 0.0325705329153605 0.06547222222222222
7 0.026144200626959248 0.11122222222222222 0.027758620689655174 0.063
0 0.1465176502657762 0.12077294685990342 0.1896929731157149 0.09029193085748793 0.19621226318658858 0.2065217391304349 0.1514690098132752 0.23232752113526575
6 0.5469278996865203 0.7057777777777778 0.05663009404388715 0.2014166666666667