5 0.656614420062696 0.522 0.06405956112852665 0.31616666666666665
5 0.4803448275862069 0.6409166666666667 0.05862068965517241 0.3296111111111111
5 0.7418965517241379 0.46244444444444444 0.08924764890282132 0.29633333333333334
2 0.5507993730407524 0.1990277777777778 0.049106583072100314 0.09719444444444444
0 0.5096238244514106 0.11286111111111112 0.059122257053291535 0.19519444444444442
1 0.6091065830721003 0.4569722222222222 0.021285266457680252 0.036500000000000005
8 0.3657210031347963 0.9536944444444444 0.07092476489028213 0.08558333333333333
8 0.44285266457680256 0.9370833333333334 0.06332288401253919 0.12583333333333332
8 0.5474608150470219 0.913611111111111 0.09429467084639498 0.17280555555555555
5 0.6880877742946708 0.40155555555555555 0.03775862068965517 0.29344444444444445
6 0.20114420062695926 0.6731666666666667 0.06155172413793104 0.3130555555555556