5 0.631328125 0.7531944444444444 0.11950000000000001 0.264
6 0.4763515625 0.8065555555555556 0.06796875 0.16376388888888888
5 0.9037890624999999 0.7803472222222223 0.093375 0.30415277777777777
5 0.3799765625 0.4753055555555556 0.0634140625 0.237
7 0.12242968750000001 0.07870833333333334 0.049015625 0.12148611111111111
5 0.46396875 0.6360555555555555 0.06294531249999999 0.22230555555555556
5 0.8616796875 0.35155555555555557 0.0644296875 0.22634722222222223
0 0.3746875 0.1710972222222222 0.05094531249999999 0.17654166666666665
2 0.40075000000000005 0.24383333333333335 0.0403359375 0.07576388888888888
5 0.461125 0.4124027777777778 0.070453125 0.14925
5 0.4286796875 0.5253194444444444 0.05697656250000001 0.2743333333333334
1 0.44195312500000006 0.29956944444444444 0.017875 0.031013888888888886
5 0.46441406250000006 0.5088194444444445 0.049484375000000004 0.10865277777777778