6 0.6434296875000001 0.8052499999999999 0.0729921875 0.21886111111111112
5 0.9030234374999999 0.6471666666666667 0.079 0.23877777777777776
5 0.351203125 0.5894027777777778 0.050421875000000005 0.22955555555555557
5 0.41600000000000004 0.453125 0.0450390625 0.23305555555555557
5 0.7299765625 0.46199999999999997 0.066078125 0.2011527777777778
5 0.17828125 0.621375 0.059312500000000004 0.2421388888888889
5 0.21472656250000002 0.5450138888888889 0.0543359375 0.20818055555555554
5 0.745125 0.65475 0.07103125 0.22075
5 0.980828125 0.49033333333333334 0.038343749999999996 0.21775
5 0.6828515625 0.703125 0.08459375 0.2740138888888889
6 0.3596875 0.3438472222222222 0.0546484375 0.17152777777777778
1 0.730171875 0.4671111111111111 0.0171640625 0.02766666666666667