5 0.6109921875000001 0.7545000000000001 0.06428906250000001 0.23661111111111113
6 0.4662578125 0.7962916666666667 0.0601171875 0.19033333333333333
5 0.520546875 0.652 0.062117187500000004 0.22431944444444443
7 0.152296875 0.10537500000000001 0.041249999999999995 0.09252777777777778
5 0.37784375 0.6003055555555556 0.061250000000000006 0.2594722222222222
5 0.7489375 0.33722222222222226 0.053265625000000004 0.17133333333333334
5 0.4198046875 0.6254583333333333 0.0712421875 0.26405555555555554
5 0.457 0.5433333333333333 0.05150781250000001 0.23420833333333332
0 0.387296875 0.19345833333333332 0.0431484375 0.15825
2 0.40866406250000004 0.26237499999999997 0.032382812500000004 0.06888888888888889
5 0.5213281249999999 0.43527777777777776 0.053179687499999996 0.1892361111111111
5 0.46139062500000005 0.41176388888888893 0.03446875 0.12391666666666666
7 0.352203125 0.05573611111111111 0.024625 0.11147222222222222
5 0.48561718750000005 0.44433333333333336 0.0481953125 0.16973611111111112
1 0.4341953125 0.14247222222222222 0.016117187499999998 0.03243055555555556