5 0.6129296875 0.7026805555555555 0.10296875000000001 0.22847222222222222
5 0.864046875 0.6674166666666667 0.0839609375 0.1952916666666667
5 0.23645312500000001 0.5086111111111111 0.0631484375 0.20909722222222224
5 0.6386953125 0.46794444444444444 0.0720859375 0.21244444444444446
0 0.1275546875 0.21561111111111111 0.047109374999999995 0.16680555555555554
6 0.49731249999999994 0.7646805555555556 0.0455625 0.1771111111111111
2 0.1533203125 0.2750694444444445 0.0333359375 0.06491666666666666
5 0.5105546875 0.4626111111111111 0.042328125 0.2287638888888889
5 0.527953125 0.6665972222222222 0.062343749999999996 0.24595833333333333
5 0.3472265625 0.5583472222222222 0.059750000000000004 0.20944444444444446
6 0.32108593750000003 0.3540833333333333 0.05603125 0.16331944444444446
5 0.277890625 0.5385555555555556 0.0557109375 0.20104166666666667
7 0.09390625 0.06925 0.034703125 0.12645833333333334
5 0.8737031249999999 0.5025000000000001 0.0527734375 0.2135277777777778
1 0.603125 0.3073888888888889 0.0153984375 0.02745833333333333