6 0.8828056426332289 0.7229444444444444 0.09079937304075235 0.22847222222222222
5 0.8386363636363635 0.41675 0.05855799373040752 0.21305555555555555
5 0.6671943573667712 0.4165833333333333 0.05755485893416928 0.1846111111111111
5 0.15670846394984328 0.49930555555555556 0.06012539184952978 0.22386111111111112
5 0.6756583072100313 0.6984166666666667 0.08006269592476489 0.19580555555555554
5 0.5591849529780564 0.4321111111111111 0.06227272727272727 0.21277777777777776
5 0.5240438871473354 0.6180833333333333 0.050893416927899685 0.1904722222222222
5 0.6660031347962383 0.34480555555555553 0.041771159874608145 0.10533333333333333
5 0.4327115987460815 0.5075 0.08648902821316615 0.22430555555555556
5 0.8156583072100313 0.25313888888888886 0.04706896551724138 0.1708611111111111
5 0.22294670846394984 0.5069722222222222 0.08471786833855799 0.20630555555555555
6 0.7525391849529781 0.2601388888888889 0.043996865203761754 0.17969444444444443
2 0.30824451410658305 0.18091666666666664 0.039968652037617555 0.06716666666666667
0 0.25290266798418976 0.20720580464975855 0.25260452160283503 0.08510718599033817 0.30767641747308166 0.05405061141304353 0.3095052260801418 0.1858488073671498