5 0.20592476489028214 0.49233333333333335 0.05343260188087775 0.20897222222222223
5 0.6802194357366771 0.5606944444444444 0.0474294670846395 0.20894444444444443
5 0.5560815047021943 0.4445277777777778 0.045611285266457684 0.18272222222222223
5 0.7073354231974921 0.38686111111111116 0.03858934169278997 0.16649999999999998
6 0.10360501567398119 0.3075833333333333 0.03379310344827586 0.18369444444444444
5 0.48333855799373043 0.6315000000000001 0.05587774294670846 0.20091666666666666
5 0.33101880877742945 0.7075555555555556 0.04410658307210032 0.15838888888888888
5 0.7286206896551725 0.5506666666666666 0.054310344827586204 0.21277777777777776
5 0.6580564263322883 0.3528055555555556 0.048808777429467085 0.14352777777777778
0 0.7459915283835357 0.14231393417874405 0.7672903605015675 0.18111696105072464 0.7650755588115034 0.2879727128623189 0.7380480569374405 0.23536571557971014 0.7415699110671937 0.13164722977053145
7 0.7864576802507837 0.06047222222222222 0.021865203761755485 0.0943611111111111
7 0.9684012539184953 0.18597222222222223 0.030031347962382444 0.05791666666666667
6 0.5894043887147336 0.6975277777777779 0.058463949843260185 0.14625
5 0.6573667711598745 0.4688055555555556 0.05399686520376176 0.1938888888888889
4 0.7266771159874609 0.2649166666666667 0.031786833855799376 0.06366666666666668
6 0.8236206896551724 0.3928055555555555 0.04578369905956113 0.19380555555555554