5 0.48366771159874605 0.6170277777777777 0.06877742946708465 0.19308333333333336
5 0.6256112852664577 0.5084166666666666 0.05788401253918495 0.18044444444444444
5 0.6654702194357367 0.6373888888888889 0.058981191222570534 0.2076388888888889
5 0.26891849529780565 0.4558888888888889 0.04253918495297806 0.2259722222222222
5 0.32158307210031345 0.5561666666666667 0.05487460815047022 0.18216666666666667
5 0.4987617554858934 0.4279722222222222 0.03851097178683385 0.17477777777777778
6 0.7307210031347963 0.44316666666666665 0.03838557993730407 0.1703888888888889
5 0.7263636363636364 0.6211388888888889 0.052758620689655165 0.2155
5 0.44719435736677116 0.5226944444444445 0.07336990595611285 0.1788611111111111
7 0.8929780564263323 0.2455277777777778 0.03047021943573668 0.05866666666666667
7 0.78282131661442 0.11016666666666666 0.024420062695924765 0.09152777777777779
5 0.66717868338558 0.4791388888888889 0.030000000000000002 0.13702777777777778
2 0.7216614420062696 0.34925 0.038119122257053294 0.07044444444444445
0 0.7263431494480034 0.20253528834541062 0.7788435327790653 0.24277249396135261 0.7756730654559086 0.376887077294686 0.7198398315047022 0.32348278985507256