6 0.18140625 0.9390138888888889 0.06493750000000001 0.12195833333333334
5 0.2385234375 0.7636249999999999 0.11792968749999999 0.25116666666666665
5 0.550671875 0.5793055555555556 0.10377343750000001 0.2580277777777778
0 0.6546953125 0.2044861111111111 0.06792187499999999 0.21116666666666667
6 0.5535703125 0.3469861111111111 0.0496015625 0.2077361111111111
7 0.936984375 0.08963888888888889 0.0434296875 0.1314861111111111
7 0.6884453125000001 0.04652777777777778 0.037671875 0.09305555555555556
2 0.62871875 0.2795416666666667 0.05582812499999999 0.08522222222222223
5 0.6778515625 0.46343055555555557 0.0528359375 0.2307638888888889
5 0.8285859375 0.5575 0.08046875 0.2665138888888889
1 0.5750234375 0.3284166666666667 0.018437500000000002 0.035305555555555555