5 0.6748046875 0.5793194444444445 0.0502265625 0.15715277777777778
5 0.8156796875 0.6991111111111111 0.0576953125 0.19980555555555557
5 0.4920234375 0.59 0.068859375 0.16811111111111113
5 0.4516484375 0.695 0.0568125 0.17877777777777779
5 0.5763281250000001 0.7650555555555556 0.054953125000000005 0.2108472222222222
5 0.5279375 0.38890277777777776 0.035296875 0.17858333333333334
5 0.571421875 0.3045555555555556 0.0351875 0.15493055555555554
5 0.7090234375 0.3833888888888889 0.0373125 0.13491666666666666
5 0.339171875 0.4515138888888889 0.0537578125 0.14456944444444444
5 0.26151562500000003 0.4541111111111111 0.05428125 0.11763888888888889
5 0.19728125000000002 0.49069444444444443 0.043484375 0.15354166666666666
5 0.2160859375 0.45888888888888885 0.0209453125 0.0765
5 0.15819531250000002 0.3450972222222222 0.0328984375 0.1386111111111111
0 0.6930803571428572 0.19841269841269846 0.7222769601004465 0.2473725818452381 0.7214486258370536 0.3387121775793651 0.6853812081473215 0.28769841269841273
7 0.8833125000000001 0.19356944444444446 0.0367109375 0.09349999999999999
7 0.731390625 0.1475138888888889 0.0364453125 0.1243888888888889
2 0.685546875 0.313375 0.036265625 0.07119444444444444
1 0.2390234375 0.5282638888888889 0.013375000000000001 0.022111111111111113
3 0.23925000000000002 0.5378611111111111 0.0114453125 0.008680555555555556