5 0.3530625 0.6903055555555555 0.064078125 0.21430555555555558
5 0.734078125 0.4819305555555556 0.044671875 0.1888611111111111
5 0.9298359375 0.5276111111111111 0.049125 0.18101388888888892
5 0.3678671875 0.3679305555555556 0.04253125 0.1631388888888889
5 0.4329921875 0.5673611111111111 0.056937499999999995 0.18768055555555554
6 0.8556171875 0.30294444444444446 0.036851562500000004 0.16356944444444443
0 0.272390625 0.1902083333333333 0.039531250000000004 0.1453888888888889
7 0.0729765625 0.11068055555555555 0.037921875 0.08388888888888889
5 0.33334375 0.3015833333333333 0.037875 0.1393611111111111
5 0.27452343749999997 0.4630555555555555 0.043890625 0.20523611111111112
5 0.632890625 0.5119444444444444 0.052328125 0.2098611111111111
6 0.40004687499999997 0.7267777777777777 0.04746875 0.19872222222222224
5 0.5120234375 0.4071388888888889 0.052640624999999996 0.19091666666666668
1 0.652078125 0.5290555555555556 0.012085937500000001 0.021861111111111112
2 0.29960156250000003 0.24952777777777777 0.027890625000000002 0.06748611111111112
5 0.232640625 0.4540416666666667 0.0427421875 0.190125
7 0.2516875 0.06427777777777778 0.025789062499999998 0.11444444444444445
8 0.3751796875 0.2652777777777778 0.027140625 0.12059722222222222