6 0.5078125 0.8635 0.0758515625 0.23125
5 0.53571875 0.6641666666666667 0.09233593749999999 0.2547638888888889
5 0.648390625 0.4880555555555555 0.0566875 0.23065277777777776
0 0.6585859375 0.19247222222222224 0.05639062500000001 0.17155555555555554
6 0.6541953125 0.3425972222222222 0.0372734375 0.15637500000000001
7 0.92640625 0.08880555555555555 0.0521328125 0.13040277777777778
5 0.32732031250000004 0.6731111111111111 0.081203125 0.279875
5 0.584171875 0.573763888888889 0.0561484375 0.2823611111111111
5 0.5015703125 0.4282361111111111 0.0509765625 0.17905555555555555
2 0.6288203125 0.2678611111111111 0.0369921875 0.07893055555555556
7 0.6885859375 0.058055555555555555 0.037046875 0.11609722222222223
5 0.352375 0.5383888888888889 0.0666484375 0.17579166666666665
5 0.4885390625 0.5747777777777777 0.0507421875 0.2846111111111111
1 0.6695390625 0.5024027777777778 0.0161640625 0.027805555555555556