5 0.36028125 0.7094305555555556 0.0699609375 0.2068888888888889
5 0.435453125 0.5694305555555556 0.0581171875 0.20319444444444446
5 0.9352734375 0.5156527777777777 0.0464296875 0.1760138888888889
5 0.7349296875 0.4705833333333333 0.043476562499999996 0.18548611111111113
5 0.628546875 0.4804861111111111 0.061250000000000006 0.1725972222222222
6 0.8560000000000001 0.3064722222222222 0.0361015625 0.16954166666666665
5 0.3652890625 0.3627222222222223 0.049 0.17990277777777777
0 0.27625781250000003 0.19209722222222222 0.0455859375 0.13866666666666666
5 0.5319453125 0.40745833333333337 0.059515625 0.17622222222222222
5 0.222859375 0.4626527777777778 0.05044531249999999 0.21305555555555555
7 0.0740703125 0.11361111111111111 0.039781250000000004 0.08983333333333335
2 0.3003359375 0.250625 0.030359375 0.06218055555555556
5 0.3220078125 0.31343055555555555 0.040125 0.15516666666666667
6 0.4023125 0.7286527777777778 0.051070312500000006 0.21168055555555554
5 0.2651328125 0.46929166666666666 0.0537578125 0.23005555555555554
7 0.2504765625 0.06429166666666666 0.024656249999999998 0.11988888888888888
1 0.6278125 0.45622222222222225 0.0131640625 0.027694444444444445