5 0.45005468750000005 0.7722916666666666 0.091046875 0.23130555555555554
5 0.750265625 0.6688611111111111 0.08108593750000001 0.22568055555555558
5 0.31460937499999997 0.3909722222222222 0.058851562499999996 0.18525
5 0.6223359375 0.3473333333333333 0.0643984375 0.17816666666666667
6 0.5784374999999999 0.7928611111111111 0.0634140625 0.20091666666666666
5 0.29948437499999997 0.7118472222222222 0.10694531249999999 0.24861111111111112
5 0.928984375 0.5369722222222222 0.0750078125 0.19402777777777777
5 0.2619375 0.5182222222222223 0.054546874999999995 0.2040972222222222
6 0.17281249999999998 0.348375 0.0552890625 0.1631111111111111
1 0.706828125 0.5963611111111111 0.015296874999999998 0.030208333333333334
5 0.0134375 0.5496805555555555 0.026875 0.2298333333333333