5 0.2947492163009405 0.43316666666666664 0.022601880877742946 0.09155555555555556
5 0.3621786833855799 0.5538888888888889 0.021097178683385582 0.09133333333333334
5 0.466755485893417 0.5577777777777778 0.020862068965517244 0.08902777777777778
5 0.6245611285266458 0.4865555555555555 0.02252351097178683 0.08238888888888889
5 0.6898119122257054 0.4703888888888889 0.021614420062695924 0.06055555555555556
6 0.5474921630094044 0.43183333333333335 0.0206269592476489 0.07441666666666666
5 0.6628840125391849 0.5251111111111111 0.015125391849529782 0.07836111111111112
5 0.4168181818181818 0.5137499999999999 0.021802507836990597 0.07633333333333334
6 0.7805799373040753 0.5378333333333334 0.018307210031347963 0.07327777777777778
6 0.4276802507836991 0.5973888888888889 0.02804075235109718 0.08363888888888889
5 0.42557993730407523 0.4810833333333333 0.01293103448275862 0.06116666666666667
5 0.6102507836990595 0.4813888888888889 0.023840125391849532 0.08594444444444445
5 0.7575862068965517 0.46544444444444444 0.02 0.07822222222222222
2 0.7289811912225705 0.4231388888888889 0.01731974921630094 0.034694444444444444
2 0.14642633228840127 0.44152777777777774 0.017539184952978057 0.03766666666666667