5 0.9456269592476488 0.5909444444444445 0.10059561128526646 0.2946944444444445
5 0.40468652037617553 0.6278333333333334 0.09824451410658307 0.2704722222222222
5 0.27782131661442006 0.7021666666666667 0.124576802507837 0.18238888888888888
5 0.584294670846395 0.4635277777777778 0.13393416927899687 0.2970555555555556
2 0.45669278996865204 0.10547222222222222 0.04603448275862069 0.09605555555555555
5 0.5199373040752352 0.3736111111111111 0.07909090909090909 0.2802222222222222
5 0.5759717868338559 0.33311111111111114 0.07086206896551724 0.24141666666666667
5 0.4260188087774295 0.40308333333333335 0.08896551724137931 0.2757777777777778
0 0.3836718004634047 0.12439613526570052 0.3870206232111217 0.0021418327294686576 0.4572500681477444 0 0.4580673086752079 0.08300309480676328 0.3925230211598747 0.14247905344202905
6 0.9586677115987461 0.2081388888888889 0.07802507836990596 0.22788888888888892
6 0.10481191222570534 0.51125 0.07523510971786834 0.33499999999999996