6 0.7060188087774295 0.6737777777777778 0.05119122257053291 0.20958333333333334
6 0.5565830721003135 0.29688888888888887 0.036567398119122255 0.15738888888888888
5 0.8633855799373041 0.5008611111111111 0.055407523510971786 0.19886111111111113
5 0.663307210031348 0.4866111111111111 0.04719435736677116 0.17463888888888887
5 0.13631661442006268 0.583 0.05376175548589341 0.17858333333333334
0 0.20786833855799375 0.1919722222222222 0.04221003134796238 0.1496111111111111
5 0.22230407523510973 0.5499444444444445 0.06018808777429467 0.17825
5 0.3558777429467085 0.2818333333333333 0.03710031347962383 0.16755555555555557
5 0.34269592476489025 0.3333611111111111 0.034247648902821316 0.1763611111111111
2 0.23208463949843258 0.24463888888888888 0.032115987460815044 0.06655555555555556
5 0.2712382445141066 0.5231111111111111 0.04501567398119122 0.20805555555555558
5 0.053103448275862074 0.6093611111111111 0.046426332288401255 0.2356388888888889
5 0.28843260188087777 0.3799722222222222 0.05416927899686521 0.12711111111111112
5 0.2945297805642633 0.28491666666666665 0.03161442006269593 0.07708333333333334
1 0.8432445141065831 0.48305555555555557 0.014137931034482758 0.03133333333333333
6 0.018244514106583072 0.5082222222222222 0.032398119122257055 0.19761111111111113