6 0.5115234375 0.8585138888888889 0.07618749999999999 0.24619444444444444
5 0.5371171875 0.667125 0.097484375 0.25636111111111115
0 0.658875 0.1925 0.054796875 0.1711388888888889
5 0.3283203125 0.6751527777777778 0.07109375 0.27702777777777776
7 0.9257890625 0.08894444444444445 0.0525625 0.12937500000000002
5 0.5843984375 0.5710277777777778 0.056734375000000004 0.2751527777777778
5 0.364234375 0.55375 0.0788203125 0.20744444444444446
6 0.65353125 0.3426666666666667 0.037015625 0.16069444444444445
5 0.6466953125 0.4864583333333333 0.0556640625 0.2320138888888889
5 0.50290625 0.42680555555555555 0.05157031250000001 0.173875
2 0.6289687500000001 0.2676527777777778 0.0373046875 0.07941666666666666
5 0.491296875 0.5718194444444444 0.054609375 0.3026388888888889
7 0.688 0.057680555555555554 0.036765625 0.11536111111111111
1 0.6679921875 0.4970277777777778 0.0158046875 0.02638888888888889