5 0.0679296875 0.3575277777777778 0.035414062499999996 0.1595
5 0.2354921875 0.5954305555555556 0.06696875 0.15513888888888888
5 0.131578125 0.5916527777777778 0.0667265625 0.17140277777777777
1 0.14325000000000002 0.6446111111111111 0.0146171875 0.02338888888888889
3 0.143484375 0.6572083333333333 0.0116328125 0.005333333333333333
5 0.6837265625 0.8000694444444444 0.051484375000000006 0.22361111111111112
5 0.4096640625 0.42763888888888885 0.029390624999999997 0.18244444444444446
5 0.42088281250000004 0.39355555555555555 0.0349765625 0.1326388888888889
5 0.498046875 0.36786111111111114 0.032546874999999996 0.15856944444444446
5 0.47317187499999996 0.35641666666666666 0.020999999999999998 0.18197222222222223
5 0.6310078125 0.2760972222222222 0.0206953125 0.15405555555555556
5 0.6478515625 0.30919444444444444 0.0445703125 0.150125
5 0.8306640625 0.39079166666666665 0.0259140625 0.17045833333333335
5 0.7964921875 0.6304861111111111 0.0599921875 0.20541666666666666
5 0.9570624999999999 0.7400972222222222 0.053015625 0.23945833333333333
7 0.8421796875 0.09194444444444445 0.024648437500000002 0.11908333333333333
0 0.8078046875 0.22874999999999998 0.046164062500000005 0.16119444444444445
2 0.7879453125 0.2868472222222222 0.0342265625 0.06443055555555556