2 0.24363636363636362 0.25455555555555553 0.03943573667711599 0.08072222222222222
5 0.8836363636363637 0.5408333333333333 0.10583072100313479 0.2625277777777778
5 0.2682915360501567 0.54025 0.08764890282131661 0.22919444444444445
5 0.3834639498432602 0.44322222222222224 0.07717868338557994 0.23394444444444445
5 0.6551567398119122 0.3056111111111111 0.0849373040752351 0.19697222222222222
5 0.9634796238244515 0.4543611111111111 0.06021943573667712 0.27697222222222223
5 0.31141065830721004 0.4047222222222222 0.05521943573667711 0.2042777777777778
6 0.16241379310344828 0.331 0.05344827586206897 0.2072222222222222
5 0.45645768025078376 0.41100000000000003 0.04993730407523511 0.26530555555555557
5 0.4353918495297805 0.3765555555555556 0.05567398119122258 0.25458333333333333
0 0.1949025487256372 0.2801932367149759 0.1936274405410931 0.1413326539855073 0.22661520802098956 0.07793157457729474 0.23196054671527874 0.21769795440821266