5 0.43448275862068964 0.5305555555555556 0.039905956112852664 0.194
5 0.6905485893416928 0.6042777777777778 0.04633228840125392 0.16747222222222222
6 0.1565830721003135 0.6761944444444444 0.04178683385579937 0.17755555555555555
5 0.33499999999999996 0.40702777777777777 0.04001567398119123 0.19494444444444448
5 0.6539968652037618 0.4220833333333333 0.0309717868338558 0.1751111111111111
5 0.5005015673981191 0.3945 0.04051724137931035 0.1711388888888889
5 0.6250470219435736 0.3829166666666666 0.03263322884012539 0.17069444444444445
5 0.44211598746081504 0.4011666666666666 0.03940438871473354 0.12580555555555556
5 0.2859247648902821 0.41602777777777783 0.057570532915360496 0.2036388888888889
6 0.41302507836990593 0.31555555555555553 0.03764890282131662 0.1421388888888889
7 0.888448275862069 0.198 0.028949843260188086 0.0758888888888889
6 0.8981661442006269 0.5237222222222222 0.04202194357366771 0.1868611111111111
5 0.5313166144200627 0.3120555555555556 0.029043887147335426 0.13877777777777778
0 0.7176332288401255 0.21480555555555556 0.03579937304075235 0.12633333333333333
7 0.7533072100313479 0.09477777777777777 0.0284012539184953 0.12230555555555556
2 0.6988244514106583 0.2678888888888889 0.03197492163009404 0.05991666666666667