7 0.877375 0.03944444444444444 0.0307890625 0.07890277777777778
6 0.09819531249999999 0.34700000000000003 0.071390625 0.15386111111111112
6 0.724234375 0.8570972222222223 0.078671875 0.20184722222222223
6 0.879796875 0.3631111111111111 0.0547421875 0.1768472222222222
5 0.26953125 0.7428611111111111 0.1189140625 0.2092222222222222
5 0.4418046875 0.7151805555555555 0.0919453125 0.21123611111111112
5 0.39758593750000004 0.5399722222222222 0.1024609375 0.1756111111111111
5 0.5558671875 0.5135833333333333 0.0804921875 0.1691527777777778
5 0.78915625 0.5186388888888889 0.08351562500000001 0.23790277777777777
5 0.7352109375 0.5830138888888888 0.076328125 0.2185
5 0.9765625 0.7997222222222221 0.046875 0.2722916666666667
5 0.6755078125 0.2541805555555555 0.055874999999999994 0.1842777777777778
5 0.639109375 0.4474305555555555 0.09767187499999999 0.15413888888888888
5 0.6079687500000001 0.3681944444444445 0.061421875 0.060444444444444446
2 0.8104453125 0.26915277777777774 0.0358203125 0.07226388888888889
0 0.8211805555555557 0.1157407407407408 0.8599107530381946 0.16343557098765435 0.8595411512586806 0.29075038580246926 0.8145751953125002 0.22840108989197533
1 0.2971796875 0.6210833333333333 0.0160859375 0.027430555555555555
3 0.296640625 0.6339166666666667 0.011554687499999999 0.007277777777777778