5 0.22014062499999998 0.6607222222222222 0.0706796875 0.2345972222222222
6 0.3987734375 0.7197083333333334 0.055374999999999994 0.1947777777777778
5 0.2636328125 0.43943055555555555 0.0425234375 0.18125
5 0.4504765625 0.36154166666666665 0.039421875 0.16325
5 0.509234375 0.26931944444444444 0.0667734375 0.1589722222222222
5 0.37890625 0.5774305555555556 0.0574921875 0.21525
0 0.27609374999999997 0.18175000000000002 0.035375000000000004 0.14940277777777777
7 0.07421875 0.11122222222222222 0.0333203125 0.09016666666666667
5 0.3131875 0.4197222222222222 0.051796875 0.17836111111111108
5 0.788203125 0.5949583333333334 0.07046875 0.17754166666666665
6 0.8696249999999999 0.29815277777777777 0.03384375 0.1620138888888889
5 0.5509765625 0.4906388888888889 0.062078125 0.2273888888888889
2 0.30095312500000004 0.24077777777777779 0.024335937499999998 0.058819444444444445
5 0.767671875 0.5131111111111111 0.0445859375 0.11598611111111112
5 0.7596953125 0.6200694444444445 0.077953125 0.20504166666666665
6 0.2616953125 0.28025 0.0349453125 0.13043055555555555
7 0.2495546875 0.04780555555555556 0.022265625 0.09561111111111112
1 0.7304609375 0.6155277777777778 0.0169765625 0.03623611111111111