5 0.6594670846394984 0.6429444444444444 0.08487460815047022 0.2591111111111111
5 0.5696081504702195 0.6638333333333333 0.06595611285266458 0.2580555555555556
6 0.8216457680250784 0.831388888888889 0.09112852664576802 0.2845277777777778
5 0.10531347962382445 0.6311666666666667 0.07816614420062695 0.25752777777777774
5 0.8573197492163009 0.4805833333333333 0.06203761755485893 0.18572222222222223
5 0.4369435736677116 0.5205 0.06952978056426332 0.17802777777777778
5 0.487398119122257 0.5835833333333333 0.07321316614420063 0.24469444444444446
0 0.19902821316614422 0.21966666666666665 0.06413793103448276 0.17733333333333334
6 0.7221003134796238 0.3585 0.05260188087774295 0.18577777777777776
5 0.6124137931034483 0.5866944444444445 0.04054858934169279 0.19583333333333333
5 0.818307210031348 0.5168611111111111 0.08003134796238245 0.22252777777777777
5 0.35802507836990594 0.5527777777777778 0.06727272727272728 0.19491666666666668