5 0.0498671875 0.6519166666666667 0.0424453125 0.22359722222222222
5 0.39071875 0.8550972222222222 0.0488046875 0.18859722222222222
5 0.8436718750000001 0.514 0.05365625 0.20701388888888891
5 0.6873515625 0.34234722222222225 0.03825 0.16618055555555555
5 0.613484375 0.3420416666666667 0.050921875000000005 0.16001388888888887
5 0.56940625 0.5675416666666666 0.0575625 0.20730555555555555
5 0.5738359375 0.43419444444444444 0.06121093749999999 0.1202361111111111
5 0.5000546875 0.3835 0.049062499999999995 0.178125
5 0.44318749999999996 0.6680277777777778 0.0594609375 0.22680555555555557
5 0.42409375000000005 0.5899444444444444 0.0367265625 0.13729166666666665
5 0.4153203125 0.3928333333333333 0.0389765625 0.16345833333333332
5 0.33206250000000004 0.37318055555555557 0.0359921875 0.18711111111111112
5 0.3748046875 0.4814861111111111 0.0516875 0.16854166666666665
1 0.4740703125 0.7495416666666667 0.016578125 0.030180555555555558
3 0.47443749999999996 0.764986111111111 0.01340625 0.008583333333333333
0 0.27511718749999997 0.2391388888888889 0.0435078125 0.16180555555555556
2 0.3018515625 0.305875 0.0324140625 0.06747222222222223
7 0.247703125 0.08484722222222223 0.0309140625 0.09647222222222221
7 0.0502265625 0.15479166666666666 0.042210937500000004 0.10756944444444445