6 0.23185937499999998 0.37870833333333337 0.0590078125 0.164
0 0.23184375 0.21920833333333334 0.0470546875 0.16408333333333333
5 0.3868828125 0.6402222222222222 0.0721171875 0.22958333333333336
5 0.7368125 0.5008333333333334 0.0637109375 0.2449861111111111
2 0.2605 0.2789583333333333 0.034109375 0.06348611111111112
5 0.7951015625 0.6675833333333334 0.051328125 0.18502777777777776
7 0.2022421875 0.08209722222222222 0.0355234375 0.15430555555555556
5 0.29788281250000004 0.4645138888888889 0.06803125 0.21666666666666667
5 0.49869531250000004 0.5044861111111112 0.0756484375 0.22036111111111112
6 0.40295312499999997 0.7736388888888889 0.053351562500000005 0.19454166666666667
5 0.44750781249999994 0.6921527777777778 0.0512890625 0.2605972222222222
5 0.35242968750000003 0.4794861111111111 0.0523125 0.2455
7 0.0104296875 0.15372222222222223 0.020859375 0.11829166666666667
1 0.3692734375 0.3082083333333333 0.014109374999999999 0.02551388888888889