5 0.48765625 0.5753472222222222 0.07417968750000001 0.2555
2 0.682796875 0.27870833333333334 0.0485234375 0.07976388888888888
6 0.11521875 0.9311111111111111 0.0600234375 0.13441666666666666
5 0.6899765625 0.4864166666666667 0.081171875 0.2293472222222222
5 0.20482031250000002 0.7607638888888889 0.0788671875 0.283625
6 0.5355234375 0.34894444444444445 0.0576796875 0.20202777777777778
5 0.7884765625 0.5571111111111111 0.08915625 0.24931944444444443
0 0.703078125 0.20350000000000001 0.054460937499999994 0.17516666666666666
7 0.9750156249999999 0.10266666666666667 0.04996875 0.12151388888888888
7 0.742078125 0.042305555555555555 0.032632812500000004 0.08461111111111111
5 0.7741328125 0.5912361111111111 0.1065625 0.09406944444444446
1 0.6839453125 0.22901388888888888 0.014390625 0.03051388888888889