5 0.823328125 0.6611944444444444 0.06461718749999999 0.18581944444444443
5 0.333171875 0.6341249999999999 0.05257031250000001 0.24713888888888888
6 0.3896875 0.7816527777777778 0.05621875 0.20498611111111112
0 0.25025 0.21055555555555555 0.044906249999999995 0.16718055555555555
2 0.2751640625 0.2750277777777778 0.032007812499999996 0.06731944444444445
5 0.30390625 0.46619444444444447 0.0526875 0.20029166666666667
7 0.21749999999999997 0.07126388888888889 0.038671875 0.13483333333333333
5 0.3668515625 0.4443055555555555 0.059640625 0.19151388888888887
5 0.47104687500000003 0.5079166666666667 0.052046875000000006 0.22301388888888887
7 0.0168203125 0.145125 0.033640625 0.1257361111111111
5 0.6841015625 0.49704166666666666 0.0471015625 0.24090277777777777
5 0.43653906249999996 0.489375 0.0436328125 0.18995833333333334
5 0.40042968749999996 0.6453055555555556 0.0648203125 0.1626388888888889
6 0.2112734375 0.37480555555555556 0.040578125 0.17144444444444445
5 0.348796875 0.4272638888888889 0.02134375 0.15284722222222222
1 0.41792968750000004 0.3612777777777778 0.01484375 0.02305555555555556