6 0.45932812500000003 0.8634305555555555 0.0749140625 0.27315277777777774
6 0.9362734375 0.27102777777777776 0.044421875 0.23341666666666666
6 0.277609375 0.2531805555555555 0.041999999999999996 0.20081944444444444
5 0.7694687499999999 0.7205972222222223 0.077125 0.22206944444444443
5 0.25978124999999996 0.818125 0.10115624999999999 0.3059861111111111
5 0.299140625 0.6448888888888888 0.0822734375 0.2712638888888889
5 0.5897187500000001 0.37763888888888886 0.09834375 0.2601527777777778
5 0.7678515625 0.37150000000000005 0.0565390625 0.2152361111111111
5 0.661171875 0.6665833333333333 0.0856328125 0.2806944444444444
5 0.5064296875000001 0.2940138888888889 0.04890625 0.21765277777777778
5 0.4918046875 0.1666388888888889 0.047843750000000004 0.16045833333333334
5 0.45309375 0.4366111111111111 0.060828125 0.2559444444444444
2 0.29524218750000003 0.2023611111111111 0.036671875 0.08373611111111111
0 0.23177083333333334 0.07716049382716056 0.28487141927083337 0.02319637345679012 0.2894083658854167 0.1594328703703705 0.23752509223090282 0.22451895254629628
1 0.8020078125 0.48754166666666665 0.017140625 0.029263888888888888
3 0.8014921875000001 0.5023888888888889 0.012656249999999999 0.006583333333333333