5 0.7331974921630093 0.6466944444444445 0.06153605015673981 0.1348888888888889
5 0.41134796238244514 0.6813055555555556 0.04865203761755486 0.15675
5 0.5977272727272728 0.6973333333333334 0.08438871473354233 0.17777777777777778
5 0.17967084639498432 0.67875 0.03821316614420062 0.16152777777777777
8 0.029357366771159875 0.9085833333333333 0.05039184952978056 0.18283333333333332
6 0.8807993730407524 0.9248055555555555 0.059059561128526644 0.14725
5 0.36907523510971785 0.7447222222222223 0.05608150470219436 0.14869444444444443
5 0.2662382445141066 0.7338611111111111 0.049999999999999996 0.1578888888888889
5 0.22153605015673983 0.6062777777777778 0.023275862068965515 0.1570277777777778
5 0.14009404388714733 0.677 0.03330721003134796 0.1366111111111111
2 0.10355799373040751 0.5456944444444444 0.03130094043887147 0.04791666666666667
0 0.058607060106310505 0.5591787439613526 0.05711632819953659 0.46911326237922724 0.10333700337331338 0.4414770153985507 0.10513652974649042 0.5391191123188406
5 0.2107680250783699 0.6994166666666667 0.0377742946708464 0.15913888888888889
6 0.4335423197492163 0.58275 0.04250783699059561 0.13891666666666666