0 0.6377421875 0.19530555555555557 0.047328125 0.1398611111111111
5 0.4814140625 0.7000833333333334 0.0806796875 0.23491666666666663
6 0.573515625 0.7560972222222222 0.070125 0.2117638888888889
5 0.5579140625 0.4125972222222222 0.0507265625 0.1845138888888889
7 0.8418046875 0.11434722222222223 0.037578125000000004 0.08808333333333333
7 0.665484375 0.06429166666666666 0.021593750000000002 0.1103611111111111
5 0.46034375 0.48238888888888887 0.0439921875 0.1830138888888889
5 0.5120703125 0.5323194444444445 0.053023437500000006 0.16134722222222223
5 0.3168125 0.4834027777777778 0.070078125 0.2075972222222222
5 0.38190625 0.4772638888888889 0.055265625 0.18708333333333332
1 0.5028125 0.6012083333333333 0.0167578125 0.03247222222222222
5 0.326625 0.34933333333333333 0.03534375 0.14669444444444446
6 0.64196875 0.3188888888888889 0.0382265625 0.1569861111111111
5 0.49484374999999997 0.2687222222222222 0.037820312499999995 0.1857361111111111
6 0.11467968749999999 0.3038472222222222 0.0340546875 0.18268055555555557
5 0.22796875 0.310125 0.0465703125 0.17581944444444444
2 0.6204921875 0.24665277777777778 0.037851562500000005 0.06276388888888888
5 0.471171875 0.5676805555555556 0.040781250000000005 0.13256944444444446