5 0.8174374999999999 0.6587777777777778 0.0643671875 0.18822222222222224
6 0.38952343749999996 0.7796527777777779 0.0552109375 0.21345833333333333
5 0.34303125 0.6355277777777778 0.0574921875 0.2536111111111111
5 0.690109375 0.5001805555555555 0.0494296875 0.24130555555555558
0 0.249734375 0.21105555555555558 0.045765625 0.1646388888888889
2 0.27140624999999996 0.27395833333333336 0.032234374999999996 0.06619444444444444
5 0.2993203125 0.4716666666666667 0.0572421875 0.20533333333333334
7 0.217296875 0.06013888888888889 0.0357890625 0.12029166666666667
5 0.36641406249999997 0.4415833333333333 0.071671875 0.20001388888888888
5 0.4763515625 0.5066944444444444 0.0408828125 0.21856944444444446
7 0.0160390625 0.14631944444444445 0.032078125 0.12166666666666666
5 0.4435546875 0.48618055555555556 0.037679687499999996 0.2085972222222222
5 0.40640625 0.6480277777777778 0.057999999999999996 0.1653888888888889
5 0.336453125 0.4405138888888889 0.0355703125 0.19215277777777778
1 0.4105390625 0.34544444444444444 0.013609375000000002 0.025597222222222223
6 0.21480468749999998 0.38649999999999995 0.047671875 0.17955555555555555