7 0.9073828125000001 0.19772222222222224 0.03178125 0.06827777777777777
7 0.7512890624999999 0.14325 0.0268828125 0.09823611111111112
6 0.177203125 0.3439027777777778 0.0349609375 0.1415
6 0.5941640625 0.7677361111111111 0.0459765625 0.20830555555555555
6 0.7289140625 0.38312500000000005 0.027265624999999998 0.13970833333333335
5 0.836328125 0.7056527777777778 0.0536640625 0.20805555555555558
5 0.689078125 0.5830972222222222 0.060453124999999996 0.1723611111111111
5 0.5453359375 0.3943194444444445 0.035109375 0.15901388888888887
5 0.58121875 0.30890277777777775 0.0305 0.14248611111111112
5 0.42824999999999996 0.44941666666666663 0.064828125 0.14266666666666666
5 0.48335937500000004 0.6175833333333334 0.048320312500000004 0.19194444444444442
5 0.4311328125 0.6949722222222222 0.04803125 0.19241666666666665
5 0.3425546875 0.5002777777777777 0.0514296875 0.15795833333333334
5 0.2711015625 0.46829166666666666 0.06476562500000001 0.1557361111111111
5 0.20553125 0.44838888888888884 0.07078124999999999 0.14369444444444443
1 0.178390625 0.5143333333333333 0.0117890625 0.020055555555555556
3 0.1781015625 0.5235972222222223 0.0096328125 0.006958333333333333
0 0.7144097222222222 0.205246913580247 0.7406751844618056 0.24233217592592596 0.7423265245225694 0.3348162615740741 0.7085842556423612 0.2898702739197532
2 0.704625 0.31556944444444446 0.0273125 0.05706944444444445