5 0.560640625 0.5131527777777778 0.06381250000000001 0.21536111111111111
5 0.7830703125 0.49401388888888886 0.059890624999999996 0.2117638888888889
5 0.812515625 0.6564444444444444 0.0371640625 0.19668055555555558
6 0.4334765625 0.7721527777777778 0.0587421875 0.18758333333333332
0 0.19921093750000002 0.22106944444444443 0.054734375 0.15838888888888888
7 0.16821875 0.08172222222222222 0.0350234375 0.15106944444444445
5 0.2935078125 0.5079444444444445 0.05689062499999999 0.2105
5 0.3411484375 0.545875 0.052734375 0.20405555555555555
6 0.267984375 0.34930555555555554 0.0418046875 0.15575
5 0.44028906250000005 0.6272777777777777 0.052890625000000004 0.17231944444444444
2 0.2274921875 0.2764861111111111 0.03325 0.06433333333333334
5 0.5109296875 0.45469444444444446 0.0487734375 0.2442361111111111
5 0.5001249999999999 0.7100972222222222 0.057828124999999994 0.24256944444444445
5 0.24914062499999998 0.48654166666666665 0.04675 0.16827777777777778
1 0.4419453125 0.2429861111111111 0.016 0.028902777777777777