5 0.30614420062695924 0.5747777777777777 0.08529780564263323 0.22691666666666666
2 0.26065830721003136 0.25958333333333333 0.032774294670846395 0.07980555555555556
5 0.9355956112852664 0.5245 0.06192789968652037 0.25555555555555554
5 0.48134796238244515 0.394 0.05329153605015674 0.26283333333333336
5 0.409294670846395 0.39033333333333337 0.06115987460815048 0.21116666666666667
5 0.2960188087774295 0.4069722222222222 0.05032915360501567 0.18975
5 0.73141065830721 0.29633333333333334 0.06141065830721003 0.2058611111111111
5 0.4089184952978056 0.46247222222222223 0.08579937304075236 0.19786111111111113
1 0.27609717868338557 0.4218333333333334 0.015015673981191222 0.022416666666666668
0 0.21398391713234297 0.27657004830917875 0.21286853022352464 0.14495112469806762 0.24303987920812323 0.08431933121980681 0.2489948207714325 0.22183537137681164
6 0.179858934169279 0.3343888888888889 0.05851097178683385 0.20019444444444442