7 0.921296875 0.1918611111111111 0.05786718749999999 0.10594444444444445
7 0.7412578125 0.13066666666666665 0.024179687499999998 0.15640277777777778
2 0.6896093750000001 0.3173472222222222 0.032 0.060625
5 0.2992421875 0.7034444444444444 0.063765625 0.21966666666666665
5 0.38128125 0.6428611111111111 0.04903125 0.21165277777777775
6 0.6081015625 0.7684027777777778 0.053007812499999994 0.20655555555555555
5 0.7714609375 0.7225138888888889 0.058546875 0.22588888888888886
5 0.6644765625 0.6120416666666667 0.0546484375 0.23333333333333334
5 0.5268515625 0.46498611111111116 0.053703125 0.17998611111111112
5 0.44820312500000004 0.40454166666666663 0.03415625 0.16402777777777777
5 0.423421875 0.48880555555555555 0.048234375 0.19366666666666665
5 0.34065625 0.4600972222222222 0.046125 0.20943055555555554
5 0.333203125 0.371 0.0396640625 0.06298611111111112
5 0.397203125 0.40995833333333337 0.051359375 0.14091666666666666
6 0.7165625 0.40294444444444444 0.040828125 0.17868055555555556
6 0.2094375 0.39144444444444443 0.0318984375 0.16159722222222223
1 0.304 0.5389166666666666 0.014249999999999999 0.023208333333333334
3 0.30474999999999997 0.5514722222222223 0.013148437499999999 0.011263888888888888