5 0.3590752351097179 0.7146944444444445 0.05952978056426332 0.2435277777777778
5 0.9466614420062697 0.67525 0.09095611285266458 0.2667777777777778
5 0.6494200626959248 0.42866666666666664 0.08631661442006269 0.21875
6 0.04907523510971787 0.5706666666666667 0.05783699059561128 0.21936111111111112
5 0.4132601880877743 0.4446111111111111 0.06139498432601881 0.1775
5 0.49004702194357364 0.546138888888889 0.07042319749216301 0.25572222222222224
5 0.7184482758620689 0.2872777777777778 0.06170846394984326 0.16466666666666668
5 0.4532288401253919 0.3483888888888889 0.04462382445141066 0.15527777777777776
1 0.7175078369905956 0.3026388888888889 0.010689655172413794 0.017944444444444443
6 0.7051253918495298 0.2197222222222222 0.04313479623824451 0.16286111111111112
7 0.016050156739811913 0.0753888888888889 0.027476489028213168 0.07716666666666668
0 0.17582118031893149 0.21859903381642512 0.17636423265639908 0.09107035024154592 0.2234074724001636 0.0406617980072464 0.22959134779201312 0.16499188556763286
2 0.22898119122257055 0.1921111111111111 0.031363636363636364 0.06536111111111112