0 0.27628125 0.19404166666666667 0.0449453125 0.14380555555555558
5 0.3614296875 0.7185416666666667 0.06401562499999999 0.19634722222222223
5 0.7371796875000001 0.48377777777777775 0.0492421875 0.18480555555555556
5 0.3665390625 0.3727916666666667 0.0497265625 0.1659861111111111
5 0.41996874999999995 0.5595 0.051328125 0.2157222222222222
5 0.9399453125000001 0.5351388888888889 0.045578125000000004 0.19231944444444443
5 0.5479453125 0.43575 0.0481015625 0.19109722222222222
6 0.40275 0.7336527777777778 0.053804687500000004 0.20830555555555555
5 0.2624140625 0.4968888888888889 0.056929687500000006 0.21836111111111112
6 0.8611718749999999 0.3090555555555556 0.03496875 0.16309722222222223
7 0.07521093749999999 0.11408333333333333 0.039859375 0.08391666666666667
5 0.32043750000000004 0.32493055555555556 0.044765624999999996 0.171125
5 0.635515625 0.4678194444444444 0.058320312500000006 0.20326388888888888
2 0.3022109375 0.25377777777777777 0.028625 0.06813888888888889
7 0.24840625 0.06369444444444444 0.03303125 0.127375
5 0.21716406250000003 0.4819305555555556 0.0353203125 0.20180555555555557
1 0.6218828125 0.4392361111111111 0.0140078125 0.02361111111111111