5 0.615 0.6740972222222222 0.05938281250000001 0.2637638888888889
5 0.18653906250000002 0.5748333333333333 0.049734375 0.23654166666666668
5 0.3412109375 0.5755972222222222 0.080296875 0.24048611111111112
5 0.7086796875 0.6921388888888889 0.091921875 0.24915277777777775
6 0.5873437499999999 0.7875138888888888 0.0681796875 0.20768055555555556
5 0.2311796875 0.5329583333333333 0.0506484375 0.2145277777777778
5 0.8768828125000001 0.6448194444444444 0.067125 0.22019444444444444
5 0.43830468749999996 0.4909305555555556 0.05859375 0.2100138888888889
5 0.948578125 0.5194444444444445 0.058374999999999996 0.24359722222222221
6 0.351046875 0.3381111111111111 0.0718828125 0.1668472222222222
5 0.687265625 0.45795833333333336 0.058203125 0.18534722222222222
1 0.663703125 0.4843194444444444 0.0120625 0.024180555555555556