5 0.5552734375 0.4409305555555556 0.0812421875 0.23194444444444445
6 0.2370078125 0.28118055555555554 0.050234375 0.18087499999999998
5 0.67009375 0.5000416666666666 0.089546875 0.21963888888888888
5 0.8946328125 0.3675833333333334 0.047640625 0.21663888888888888
5 0.9577500000000001 0.5247361111111111 0.058476562499999996 0.21708333333333335
2 0.1264453125 0.21308333333333332 0.033914062499999995 0.07190277777777779
5 0.3093828125 0.5418055555555555 0.058234375000000005 0.1522777777777778
5 0.438296875 0.6235555555555555 0.0700859375 0.20333333333333334
5 0.42453124999999997 0.39198611111111115 0.0645234375 0.20479166666666665
0 0.09665625 0.14130555555555555 0.0479140625 0.15869444444444444
5 0.4603984375 0.4257083333333333 0.063046875 0.17994444444444443
6 0.41540625000000003 0.7608194444444444 0.059765625 0.18443055555555554
1 0.30964843750000004 0.6049444444444444 0.016625 0.029069444444444443
5 0.9782109374999999 0.6686527777777778 0.0435859375 0.22365277777777778
5 0.6286015625 0.32425000000000004 0.06703125 0.1735138888888889