5 0.23846093750000003 0.6534027777777778 0.047 0.2308333333333333
6 0.3987734375 0.7212638888888888 0.0584609375 0.19598611111111114
5 0.3802734375 0.5822638888888889 0.06296874999999999 0.21913888888888888
5 0.44154687499999995 0.36081944444444447 0.0518125 0.16643055555555555
5 0.2698359375 0.4318472222222222 0.041640625 0.1705
0 0.27639843750000004 0.1796666666666667 0.0360859375 0.150125
5 0.3151953125 0.4221388888888889 0.0508359375 0.18244444444444446
5 0.81896875 0.5906388888888888 0.07866406249999999 0.194
5 0.5499453125 0.48293055555555553 0.0534296875 0.2125
6 0.4918828125 0.270625 0.040703125 0.1552361111111111
7 0.0775703125 0.10738888888888888 0.03559375 0.09327777777777778
6 0.8653984375 0.2966111111111111 0.03521875 0.164875
5 0.753109375 0.5503888888888888 0.061234374999999994 0.20268055555555556
2 0.3007109375 0.23941666666666667 0.02515625 0.058180555555555555
6 0.2598359375 0.2785138888888889 0.032007812499999996 0.15661111111111112
7 0.2505859375 0.053152777777777785 0.02165625 0.10630555555555557
5 0.786234375 0.6086805555555556 0.07698437500000001 0.18363888888888888
1 0.7757421875 0.5991111111111111 0.018671874999999998 0.03711111111111111