5 0.7262187499999999 0.5664027777777778 0.05853125 0.19747222222222224
5 0.199328125 0.6635833333333333 0.065453125 0.2117361111111111
6 0.42028125000000005 0.7232916666666667 0.0566875 0.1900416666666667
5 0.51721875 0.504986111111111 0.0576015625 0.2042777777777778
5 0.5826718750000001 0.6042083333333333 0.056640625 0.21393055555555557
5 0.2749921875 0.5150694444444445 0.047281250000000004 0.1909861111111111
6 0.9305937500000001 0.3106527777777778 0.040421875 0.16519444444444445
7 0.12455468750000001 0.11376388888888889 0.034625 0.10151388888888889
5 0.55384375 0.39244444444444443 0.049062499999999995 0.13354166666666667
5 0.657625 0.6022083333333333 0.0749609375 0.21920833333333334
0 0.32309375 0.18976388888888887 0.036921875 0.1527638888888889
5 0.349015625 0.5775416666666666 0.0481015625 0.22006944444444443
5 0.3400703125 0.44490277777777776 0.050335937500000004 0.18018055555555554
5 0.69225 0.29912500000000003 0.0391875 0.18158333333333335
1 0.558453125 0.5791111111111111 0.017265625 0.029583333333333333