6 0.8867084639498433 0.8003888888888888 0.07318181818181818 0.28825
5 0.9364106583072099 0.5741944444444445 0.08054858934169279 0.2305
5 0.7489811912225706 0.5735833333333333 0.07172413793103448 0.24944444444444444
5 0.15678683385579936 0.5826944444444445 0.11891849529780565 0.25133333333333335
5 0.5322413793103448 0.5846111111111111 0.07876175548589341 0.25708333333333333
5 0.6995611285266458 0.5911666666666666 0.06711598746081504 0.22238888888888889
0 0.24836990595611286 0.16075 0.06882445141065831 0.16211111111111112
5 0.6356896551724138 0.4504166666666667 0.06680250783699059 0.19786111111111113
5 0.6696708463949843 0.44936111111111116 0.07539184952978056 0.19930555555555557
6 0.7706112852664576 0.2930277777777778 0.052304075235109715 0.19944444444444442
2 0.2744514106583072 0.21880555555555553 0.0391692789968652 0.0705
5 0.030329153605015678 0.6491111111111111 0.060658307210031355 0.25716666666666665
5 0.483385579937304 0.5503333333333333 0.05545454545454546 0.23111111111111113