5 0.2733515625 0.7593055555555556 0.079375 0.23648611111111112
6 0.2035703125 0.937125 0.070578125 0.11872222222222223
0 0.6347890625 0.20054166666666665 0.059867187499999995 0.1761111111111111
5 0.5573125 0.5590416666666667 0.060140625 0.312
7 0.9128984375 0.08644444444444445 0.0486875 0.13723611111111111
2 0.60640625 0.2820972222222222 0.044601562500000004 0.09773611111111112
6 0.9804375000000001 0.9707500000000001 0.0363125 0.05230555555555555
5 0.6588828125 0.463375 0.07913281250000001 0.22725
5 0.8262031249999999 0.5476388888888889 0.076375 0.2594166666666667
6 0.563265625 0.3425694444444444 0.06118749999999999 0.19777777777777777
1 0.545015625 0.39412499999999995 0.015921875 0.030569444444444448