5 0.08664576802507837 0.5582777777777778 0.061724137931034484 0.23380555555555557
5 0.40760188087774296 0.3278611111111111 0.05192789968652038 0.21477777777777776
5 0.6343260188087774 0.6535 0.08957680250783699 0.2252222222222222
5 0.5928056426332288 0.38049999999999995 0.04117554858934169 0.2033611111111111
5 0.18887147335423196 0.3312777777777778 0.045705329153605014 0.20936111111111114
2 0.1783385579937304 0.19586111111111112 0.034921630094043886 0.06836111111111111
0 0.14695924764890284 0.12430555555555556 0.045188087774294665 0.17994444444444443
6 0.7719435736677116 0.7286944444444444 0.055485893416927896 0.22186111111111112
5 0.6939968652037617 0.3214444444444444 0.037445141065830724 0.18975
5 0.7362225705329153 0.7017222222222222 0.04891849529780564 0.2530277777777778
5 0.22021943573667713 0.28883333333333333 0.043025078369905954 0.18008333333333332
5 0.45783699059561134 0.2658055555555556 0.03717868338557993 0.20097222222222222
6 0.5396238244514107 0.2549444444444445 0.04341692789968652 0.18863888888888888