6 0.976125 0.2855416666666667 0.0477421875 0.21305555555555555
6 0.2314140625 0.2956388888888889 0.0513671875 0.19622222222222221
6 0.374328125 0.8421944444444445 0.0715703125 0.2677222222222222
5 0.426875 0.6369861111111111 0.0586171875 0.25854166666666667
5 0.522375 0.5002361111111111 0.049960937500000004 0.26590277777777777
5 0.4266640625 0.30456944444444445 0.0425703125 0.1986388888888889
5 0.417671875 0.18502777777777776 0.0419453125 0.15090277777777777
5 0.7435078125000001 0.4775277777777778 0.0460390625 0.198875
5 0.8796015625000001 0.5010972222222223 0.0630234375 0.18119444444444446
5 0.8187890624999999 0.3119722222222222 0.0455625 0.219625
5 0.773796875 0.37480555555555556 0.07710937500000001 0.20948611111111112
5 0.1568046875 0.7460555555555555 0.063125 0.2482916666666667
5 0.17391406250000002 0.6915694444444445 0.063109375 0.22265277777777778
2 0.264609375 0.21822222222222223 0.0326875 0.07841666666666666
0 0.21354166666666669 0.11111111111111119 0.2588806152343751 0.057508680555555663 0.2631666395399306 0.1825327932098765 0.21702067057291669 0.2328137056327161
1 0.860375 0.579625 0.0171484375 0.029819444444444444
3 0.860140625 0.5941527777777778 0.0129375 0.008875