5 0.2189453125 0.6694444444444444 0.0778671875 0.23077777777777778
6 0.40014062499999997 0.721375 0.05775 0.19670833333333332
5 0.550203125 0.4899444444444444 0.05675 0.22143055555555557
5 0.45670312500000004 0.3624861111111111 0.038140625 0.17341666666666666
5 0.36946093750000003 0.5800972222222223 0.056421874999999996 0.22180555555555553
0 0.2829453125 0.18594444444444444 0.0348515625 0.1501111111111111
7 0.0755 0.11180555555555556 0.033015625 0.09256944444444445
2 0.30192968750000004 0.24144444444444446 0.024781249999999998 0.058388888888888886
5 0.26021875 0.44629166666666664 0.0435625 0.1802638888888889
5 0.737578125 0.6286666666666666 0.0716484375 0.19173611111111113
5 0.31415625 0.4204861111111111 0.0507265625 0.18436111111111111
5 0.7897031250000001 0.6207916666666667 0.077625 0.20258333333333337
6 0.52015625 0.27281944444444445 0.0348203125 0.13747222222222222
6 0.874484375 0.29693055555555553 0.0340859375 0.1651388888888889
1 0.703109375 0.666888888888889 0.015859375000000002 0.029194444444444443
5 0.7650234375 0.5301111111111111 0.048257812500000004 0.1554861111111111
7 0.251953125 0.057111111111111106 0.03046875 0.11422222222222221