5 0.430984375 0.6187638888888889 0.059953124999999996 0.2733055555555556
6 0.3040234375 0.278375 0.051664062499999996 0.19175
6 0.46707031250000003 0.7699444444444444 0.058476562499999996 0.2155277777777778
5 0.6355703125 0.5005416666666667 0.061453125 0.21241666666666667
0 0.2496015625 0.14630555555555555 0.049375 0.16254166666666667
5 0.5398046875 0.5068194444444445 0.0773359375 0.23881944444444442
5 0.9626015625000001 0.6909305555555556 0.0747890625 0.2452638888888889
5 0.9437734375 0.3572361111111111 0.0487578125 0.2202361111111111
2 0.28109375000000003 0.21793055555555554 0.0337265625 0.07495833333333334
5 0.36934374999999997 0.54125 0.0785390625 0.1577638888888889
5 0.606421875 0.3616388888888889 0.06542187499999999 0.17166666666666666
7 0.0166015625 0.06325 0.033203125 0.11009722222222222
5 0.419734375 0.4188055555555556 0.06378906250000001 0.18880555555555556
1 0.38221875 0.6077222222222223 0.016242187499999998 0.028749999999999998