7 0.016078125 0.05556944444444444 0.03215625 0.111125
2 0.273671875 0.20843055555555554 0.033460937499999996 0.07427777777777778
5 0.1229140625 0.7313888888888889 0.0840390625 0.24091666666666667
5 0.1718515625 0.6345 0.072859375 0.22579166666666667
6 0.2334765625 0.3042777777777778 0.045078125000000004 0.17645833333333333
5 0.40875781250000004 0.3100555555555556 0.036265625 0.2003611111111111
5 0.43099218749999996 0.1996388888888889 0.07032031250000001 0.18630555555555553
6 0.39416406249999997 0.8160833333333334 0.05396093749999999 0.255625
5 0.6717500000000001 0.5905 0.06399218749999999 0.23258333333333334
5 0.5560937499999999 0.4764305555555555 0.045796875 0.2584166666666667
5 0.5957578125 0.493375 0.0532734375 0.23056944444444444
5 0.7327265625 0.4386527777777778 0.052265625 0.21680555555555556
5 0.7474140625000001 0.3637777777777778 0.0677421875 0.20594444444444446
0 0.22656250000000006 0.22067901234567913 0.22567070855034727 0.10652367862654326 0.2708129882812501 0.05660445601851865 0.2719116210937501 0.18009741512345684
5 0.788015625 0.6230416666666666 0.096859375 0.2522361111111111
1 0.8390000000000001 0.6853750000000001 0.017125 0.03194444444444444
3 0.8396640625 0.7011666666666666 0.013835937500000001 0.013055555555555556