5 0.618625 0.6343333333333334 0.059929687499999995 0.21697222222222223
5 0.18849218750000002 0.6641111111111111 0.0690546875 0.20616666666666666
5 0.3522734375 0.5755 0.0632265625 0.21204166666666666
5 0.2599296875 0.4844305555555556 0.041296875 0.20704166666666665
2 0.32899218750000003 0.24186111111111108 0.03121875 0.06711111111111111
7 0.1038046875 0.10704166666666666 0.037609375 0.082375
6 0.41426562499999997 0.7194444444444444 0.056406250000000005 0.19745833333333332
0 0.30593750000000003 0.18477777777777776 0.0390078125 0.1457638888888889
5 0.50671875 0.3799861111111111 0.044796875 0.17426388888888888
5 0.739609375 0.5925555555555555 0.075453125 0.20858333333333334
6 0.90928125 0.3058611111111111 0.042210937500000004 0.16343055555555555
5 0.6407812500000001 0.28381944444444446 0.05703125 0.16154166666666667
5 0.67959375 0.6350138888888889 0.061921875 0.21640277777777778
5 0.3295703125 0.43727777777777777 0.0436640625 0.19195833333333334
5 0.5321015625000001 0.5078055555555555 0.055390625000000006 0.21856944444444446
1 0.586953125 0.6538611111111111 0.014976562500000002 0.027722222222222224
7 0.278359375 0.049527777777777775 0.027023437500000004 0.09904166666666667