5 0.6143671875 0.7022638888888889 0.1004140625 0.24673611111111113
5 0.23509375000000002 0.5090138888888889 0.059187500000000004 0.20866666666666667
5 0.8670390625 0.6664722222222222 0.08744531250000001 0.19591666666666668
5 0.6377890625 0.46956944444444443 0.0706328125 0.21944444444444444
5 0.5076796875 0.4775277777777778 0.0451953125 0.22905555555555554
0 0.12598437499999998 0.208375 0.0451015625 0.16716666666666666
5 0.52896875 0.6639166666666666 0.0552578125 0.242875
5 0.2774453125 0.5365 0.05428125 0.19698611111111114
2 0.1516796875 0.2743055555555556 0.031921875 0.06086111111111111
6 0.4987109375 0.7638333333333334 0.0453984375 0.17893055555555556
7 0.09140625 0.07001388888888889 0.0397421875 0.12606944444444443
6 0.3272890625 0.35379166666666667 0.051953125 0.15343055555555554
5 0.8757109375000001 0.4882916666666667 0.0494453125 0.1857361111111111
5 0.3511015625 0.5469166666666666 0.063328125 0.20775000000000002
1 0.6087421875000001 0.3153333333333333 0.015625 0.02706944444444444