5 0.4843515625 0.5808333333333333 0.10389843750000001 0.26558333333333334
5 0.19034374999999998 0.7611805555555555 0.081703125 0.2796666666666667
5 0.6841015625 0.4815138888888889 0.07328124999999999 0.22991666666666666
6 0.1102109375 0.9264444444444444 0.0661015625 0.1471111111111111
6 0.532296875 0.3460416666666667 0.05859375 0.20890277777777777
7 0.9767265625 0.10263888888888889 0.046546875 0.12019444444444445
5 0.7873203125 0.5528055555555556 0.0921953125 0.24219444444444443
0 0.7117109375 0.20694444444444443 0.05632812499999999 0.16444444444444445
7 0.746078125 0.044527777777777784 0.040445312500000004 0.08906944444444444
2 0.6825234375 0.27626388888888886 0.0348046875 0.06561111111111112
1 0.6937578125 0.22623611111111108 0.0167734375 0.02997222222222222
5 0.7953828125 0.5713472222222222 0.065484375 0.1098611111111111