5 0.7392578125 0.6646944444444445 0.08397656249999999 0.22716666666666668
6 0.580796875 0.7890555555555555 0.07961718749999999 0.20140277777777776
5 0.3183828125 0.3859166666666667 0.0535859375 0.18465277777777775
5 0.30529687499999997 0.7076111111111112 0.11378906250000001 0.25893055555555555
5 0.4551640625 0.7775972222222223 0.099734375 0.23445833333333332
5 0.919546875 0.5435694444444444 0.052578124999999996 0.20902777777777778
6 0.1733203125 0.3490972222222222 0.062546875 0.1656388888888889
5 0.6230703125 0.34600000000000003 0.0672109375 0.16956944444444444
5 0.27030468750000003 0.5148611111111111 0.05940625000000001 0.19024999999999997
5 0.0184609375 0.5166527777777777 0.0361328125 0.19295833333333334
1 0.7042578125000001 0.6084861111111112 0.0171171875 0.03309722222222222