6 0.43729687500000003 0.7567361111111112 0.054921874999999995 0.20377777777777778
5 0.647734375 0.5042916666666666 0.0871328125 0.18683333333333335
0 0.357765625 0.20320833333333332 0.040921875 0.15566666666666668
5 0.578109375 0.5613194444444444 0.07353125 0.18518055555555557
5 0.51471875 0.5767916666666667 0.051617187499999995 0.19066666666666668
5 0.289921875 0.7090555555555556 0.0627109375 0.1939722222222222
5 0.35860156249999997 0.6017638888888889 0.0496015625 0.23356944444444444
5 0.4731015625 0.5162777777777778 0.0647421875 0.19983333333333334
5 0.6241953125 0.4139027777777778 0.050023437500000004 0.16980555555555557
2 0.3774453125 0.2602361111111111 0.03678125 0.06455555555555555
5 0.7343828125 0.34258333333333335 0.0653359375 0.16431944444444443
7 0.148265625 0.11901388888888889 0.035625000000000004 0.089375
5 0.3117421875 0.57925 0.057203125 0.22891666666666666
6 0.974171875 0.33619444444444446 0.0500859375 0.18213888888888888
7 0.3273671875 0.062625 0.028578125 0.12059722222222222
6 0.3318203125 0.31183333333333335 0.0341328125 0.13319444444444445
5 0.3569140625 0.45786111111111116 0.047367187500000005 0.14422222222222222
1 0.50296875 0.4911388888888889 0.017828125 0.03252777777777778