5 0.8639968652037617 0.5754722222222222 0.07335423197492162 0.2573888888888889
5 0.6928369905956112 0.48172222222222216 0.07789968652037618 0.2131388888888889
5 0.35496865203761757 0.5732777777777778 0.0663793103448276 0.2250277777777778
5 0.7509717868338558 0.6303055555555556 0.09362068965517241 0.219
2 0.42766457680250786 0.21994444444444447 0.036614420062695927 0.07163888888888889
5 0.77576802507837 0.5208611111111111 0.05537617554858934 0.23436111111111113
5 0.6083699059561128 0.6060833333333333 0.05463949843260188 0.1993611111111111
5 0.6038871473354231 0.3540277777777778 0.06081504702194357 0.18072222222222223
5 0.6598902821316615 0.6676944444444445 0.06401253918495298 0.23666666666666666
5 0.24427899686520374 0.6251666666666666 0.06529780564263322 0.18875
0 0.4065047021943574 0.16880555555555557 0.0440282131661442 0.1453888888888889
7 0.2619122257053291 0.10291666666666666 0.03249216300940439 0.06952777777777779
5 0.7040909090909091 0.30419444444444443 0.04468652037617555 0.17172222222222222
1 0.618808777429467 0.7132222222222222 0.015047021943573668 0.03269444444444444
6 0.3943103448275862 0.36786111111111114 0.04581504702194358 0.1705