0 0.2761171875 0.19330555555555556 0.0448984375 0.14429166666666668
5 0.36175 0.7221249999999999 0.0655703125 0.19563888888888892
5 0.738015625 0.48105555555555557 0.049296875000000004 0.18691666666666668
5 0.36632031249999997 0.373 0.0489453125 0.16326388888888888
5 0.94015625 0.5351388888888889 0.045492187499999996 0.19334722222222223
5 0.42230468749999994 0.5580833333333334 0.053179687499999996 0.20818055555555554
5 0.545625 0.42462500000000003 0.053570312499999995 0.17343055555555556
6 0.8604609375000001 0.308375 0.036421875 0.16479166666666667
7 0.074765625 0.11284722222222222 0.039734375 0.08288888888888889
5 0.2634375 0.49530555555555555 0.0597421875 0.20502777777777778
6 0.398890625 0.7343194444444445 0.059812500000000005 0.21230555555555558
5 0.634078125 0.4705416666666667 0.0600078125 0.20384722222222224
5 0.320890625 0.31655555555555553 0.0440390625 0.15372222222222223
2 0.3021875 0.25380555555555556 0.029226562499999997 0.06970833333333333
7 0.2501953125 0.058444444444444445 0.034648437500000004 0.11690277777777779
1 0.6216171875 0.439 0.0134609375 0.025361111111111112
5 0.21973437499999998 0.47338888888888886 0.036148437500000005 0.1986388888888889