7 0.328796875 0.05331944444444445 0.0343203125 0.106625
7 0.13272656249999998 0.11316666666666667 0.038015625 0.10597222222222222
2 0.3833671875 0.27443055555555557 0.032359375 0.07045833333333333
0 0.33680555555555564 0.1728395061728396 0.37917751736111105 0.12545211226851852 0.38091023763020837 0.24137369791666674 0.3379584418402778 0.2980082947530865
6 0.1557890625 0.565763888888889 0.032070312499999996 0.17473611111111112
6 0.67121875 0.27931944444444445 0.043828125 0.17591666666666667
6 0.7664375 0.7914861111111111 0.051976562500000004 0.0798888888888889
5 0.15890625 0.7481805555555556 0.073015625 0.24945833333333337
5 0.30656249999999996 0.5929305555555556 0.0332578125 0.24141666666666667
5 0.42978125 0.8076666666666666 0.0626875 0.27891666666666665
5 0.53315625 0.6063333333333334 0.042007812500000005 0.25279166666666664
5 0.66965625 0.7237638888888889 0.0788984375 0.24691666666666667
5 0.727390625 0.5861388888888889 0.0643125 0.20623611111111112
5 0.4918046875 0.35533333333333333 0.0424296875 0.1828888888888889
5 0.50684375 0.26695833333333335 0.044937500000000005 0.17898611111111112
5 0.7353828124999999 0.42113888888888895 0.0535390625 0.15090277777777777
5 0.818484375 0.4186666666666667 0.051898437500000005 0.17991666666666667
1 0.7962343749999999 0.47131944444444446 0.014640624999999999 0.02702777777777778
3 0.7959375 0.4828194444444444 0.012265624999999999 0.008625