0 0.27671875 0.19440277777777779 0.0461953125 0.14479166666666668
5 0.3553828125 0.7094444444444444 0.0706015625 0.20730555555555555
5 0.7366015625 0.4864305555555556 0.0556484375 0.17868055555555556
5 0.9406484374999999 0.5397222222222222 0.047546875 0.18456944444444442
5 0.4160078125 0.5572916666666666 0.0464609375 0.21665277777777778
5 0.545453125 0.42452777777777784 0.047328125 0.1691527777777778
5 0.40409375000000003 0.7349861111111112 0.053734375 0.20944444444444446
5 0.3688515625 0.37288888888888894 0.061312500000000006 0.16725
5 0.6373984375 0.4549861111111111 0.0471484375 0.20543055555555556
6 0.863140625 0.3105972222222222 0.0334921875 0.15683333333333332
5 0.2575859375 0.4966111111111111 0.0492421875 0.2118888888888889
7 0.075796875 0.11418055555555555 0.038546875 0.08284722222222222
5 0.31944531249999997 0.33 0.0477265625 0.183375
2 0.30240625 0.253125 0.027078124999999998 0.06388888888888888
5 0.21815625 0.48087500000000005 0.0411484375 0.20665277777777777
1 0.625046875 0.4432916666666667 0.0155390625 0.02601388888888889