6 0.48294531249999995 0.8680972222222222 0.086234375 0.21609722222222222
5 0.2740859375 0.6756111111111112 0.10511718750000001 0.26679166666666665
0 0.6602734375 0.19009722222222222 0.056281250000000005 0.17608333333333334
5 0.6534140625 0.48670833333333335 0.0542109375 0.23729166666666665
7 0.930578125 0.0905 0.0511328125 0.146875
5 0.31086718750000003 0.5691527777777778 0.1134375 0.23587500000000003
5 0.582953125 0.5885277777777778 0.057578125 0.27852777777777776
5 0.49367968749999996 0.657 0.07907031249999999 0.25954166666666667
6 0.6588203125 0.34208333333333335 0.0369140625 0.1535277777777778
5 0.4746015625 0.4199861111111111 0.0566015625 0.12486111111111112
5 0.4957421875 0.5369444444444444 0.07365625 0.17955555555555555
7 0.6914609375 0.05594444444444445 0.03409375 0.1118888888888889
2 0.6309218750000001 0.26725 0.04034375 0.08034722222222222
1 0.6874687500000001 0.5670833333333334 0.019828125 0.03315277777777778