5 0.4125234375 0.6308194444444445 0.072484375 0.25545833333333334
5 0.578125 0.5053055555555556 0.089265625 0.22025000000000003
5 0.8625546875 0.7028888888888889 0.1034453125 0.2595972222222222
0 0.310140625 0.1413888888888889 0.0465078125 0.16231944444444446
6 0.45024218749999995 0.7842638888888889 0.0571953125 0.20193055555555553
6 0.3161015625 0.26840277777777777 0.0385 0.15520833333333334
5 0.9259921875 0.3365972222222222 0.045875 0.19284722222222223
5 0.4937421875 0.5209444444444444 0.0536328125 0.26248611111111114
5 0.5683359375 0.34854166666666664 0.041757812500000005 0.1473611111111111
7 0.0650625 0.05919444444444444 0.0494375 0.10429166666666667
5 0.3884375 0.492375 0.0729140625 0.24018055555555556
2 0.33484375 0.2091111111111111 0.034015625 0.065875
5 0.400828125 0.36059722222222224 0.0468515625 0.07719444444444444
5 0.4203046875 0.49588888888888893 0.0548203125 0.10472222222222223
1 0.415703125 0.5072777777777778 0.0124453125 0.029916666666666664