5 0.4193359375 0.6228194444444445 0.10674999999999998 0.20397222222222225
6 0.420421875 0.7596666666666667 0.0677421875 0.19922222222222222
5 0.572375 0.44869444444444445 0.0677109375 0.21280555555555555
5 0.6776640625 0.5006944444444444 0.0619375 0.20681944444444444
0 0.1230390625 0.13723611111111111 0.0501484375 0.16495833333333332
5 0.450875 0.42133333333333334 0.0850234375 0.18719444444444444
6 0.238921875 0.28629166666666667 0.053203125 0.16852777777777778
5 0.32153125 0.5374861111111111 0.059390624999999996 0.14369444444444443
5 0.899640625 0.3582638888888889 0.053765625 0.22186111111111112
2 0.1505 0.2128611111111111 0.03225 0.07051388888888889
5 0.9719140625 0.6699722222222222 0.054414062500000006 0.25652777777777774
5 0.966421875 0.525 0.0515859375 0.21484722222222222
5 0.6385468750000001 0.3080277777777778 0.042203125 0.17652777777777778
5 0.42114062499999994 0.40341666666666665 0.062921875 0.20104166666666667
1 0.3129140625 0.5962638888888889 0.018234375 0.029541666666666667