5 0.8737656250000001 0.6565833333333333 0.074296875 0.214875
6 0.3393515625 0.3479305555555555 0.05541406250000001 0.17965277777777777
0 0.0985 0.2117638888888889 0.047875 0.1653888888888889
6 0.515859375 0.7770972222222222 0.0555859375 0.20030555555555554
5 0.6288828125 0.7058611111111112 0.071859375 0.2572083333333333
5 0.35452343750000004 0.5667361111111111 0.07257812500000001 0.2301527777777778
5 0.6515234375000001 0.47736111111111107 0.059171875 0.23327777777777778
5 0.5049140624999999 0.4979166666666667 0.050601562499999996 0.19080555555555556
5 0.2639296875 0.5348611111111111 0.067734375 0.21355555555555555
7 0.0668359375 0.07155555555555557 0.0384609375 0.13015277777777776
5 0.54865625 0.6508611111111111 0.052445312499999994 0.18548611111111113
2 0.12442968750000001 0.2744861111111111 0.0308046875 0.05733333333333333
5 0.9040625 0.5093333333333334 0.0785 0.2048888888888889
5 0.23534375000000002 0.5251666666666667 0.059367187499999995 0.20554166666666668
1 0.632234375 0.3695138888888889 0.015890625 0.029430555555555557