5 0.6306953125 0.4695972222222222 0.0844140625 0.20801388888888891
5 0.2309453125 0.5108055555555555 0.05625 0.1942361111111111
6 0.311546875 0.3453888888888889 0.046078125 0.17144444444444445
5 0.3475078125 0.5613194444444444 0.0641328125 0.21895833333333334
5 0.8615234375 0.4932916666666667 0.078375 0.2127361111111111
5 0.518375 0.6513055555555556 0.067484375 0.2228888888888889
0 0.14461718750000002 0.21404166666666669 0.04559375 0.15431944444444445
6 0.48256249999999995 0.7660555555555555 0.049078125 0.18572222222222223
5 0.58496875 0.7065694444444445 0.0751484375 0.2341527777777778
5 0.8532578125000001 0.6604861111111111 0.050046875000000005 0.20863888888888887
2 0.1711875 0.27525 0.029140624999999996 0.06490277777777777
7 0.11083593750000001 0.07165277777777779 0.0359453125 0.135625
5 0.278078125 0.5258055555555555 0.050398437500000004 0.20266666666666666
5 0.5248984375 0.42826388888888894 0.049640625 0.265625
1 0.5660390625 0.28111111111111114 0.0160546875 0.03095833333333333