5 0.193140625 0.6594444444444445 0.061125 0.22190277777777778
5 0.3552578125 0.5774444444444444 0.06391406250000001 0.21322222222222223
5 0.75303125 0.5818055555555556 0.0664921875 0.22434722222222223
7 0.09440625 0.10620833333333334 0.041015625 0.089
6 0.411046875 0.7218194444444445 0.0606796875 0.19155555555555553
5 0.49147656250000005 0.3790555555555556 0.0388984375 0.184375
0 0.2947734375 0.18431944444444445 0.0394609375 0.14522222222222222
5 0.25471093749999996 0.45897222222222217 0.052351562500000004 0.19973611111111111
2 0.3170078125 0.23656944444444447 0.028484375 0.05658333333333333
5 0.6443125000000001 0.6374305555555555 0.052015624999999996 0.20211111111111113
5 0.53859375 0.4991388888888889 0.07503125000000001 0.21913888888888888
6 0.893328125 0.30127777777777776 0.0375546875 0.16591666666666666
5 0.32528125 0.4373611111111111 0.050398437500000004 0.1676388888888889
1 0.626484375 0.6159722222222223 0.0189375 0.03145833333333333
7 0.268046875 0.06095833333333334 0.0234765625 0.10668055555555556
5 0.72059375 0.6319444444444444 0.0488515625 0.18155555555555555
5 0.6019062500000001 0.27868055555555554 0.037125000000000005 0.14297222222222222
6 0.2817421875 0.30775 0.0321875 0.11009722222222222