5 0.356828125 0.706875 0.083140625 0.2057361111111111
0 0.2524453125 0.20222222222222222 0.051625 0.1676388888888889
2 0.2777734375 0.2662777777777778 0.0358203125 0.075375
5 0.64771875 0.5166527777777777 0.0711875 0.22854166666666667
6 0.39251562500000003 0.7874027777777777 0.06737499999999999 0.22265277777777778
5 0.2718359375 0.6510555555555555 0.0931640625 0.22065277777777778
5 0.38165625 0.5108611111111111 0.061140625000000004 0.2143611111111111
5 0.856109375 0.6712361111111111 0.05938281250000001 0.1857361111111111
5 0.44018750000000006 0.5031111111111112 0.0635859375 0.20079166666666665
5 0.2940390625 0.4700416666666667 0.0723828125 0.19668055555555558
5 0.3563125 0.41908333333333336 0.0488671875 0.17783333333333332
7 0.22652343749999998 0.06543055555555556 0.03821875 0.11965277777777779
7 0.01378125 0.13302777777777777 0.0275625 0.13995833333333332
6 0.1887421875 0.3757638888888889 0.0420859375 0.184375
5 0.39396875 0.39398611111111115 0.039804687500000005 0.11713888888888889