5 0.191265625 0.7553888888888889 0.0837109375 0.2681111111111111
5 0.48309375 0.5735138888888889 0.1083984375 0.272
5 0.689078125 0.4781805555555556 0.068625 0.2274861111111111
6 0.1041484375 0.9267222222222222 0.0781015625 0.14297222222222222
5 0.7660390625 0.5606944444444444 0.10821093749999999 0.24141666666666667
6 0.5288515625 0.3439027777777778 0.066125 0.20550000000000002
0 0.7168203125 0.20558333333333334 0.0619609375 0.15844444444444444
7 0.7529140625 0.044819444444444446 0.034765625 0.08648611111111111
7 0.9828359375 0.10620833333333334 0.0343203125 0.12429166666666666
2 0.687109375 0.2778333333333333 0.041007812500000004 0.071
1 0.70415625 0.22944444444444442 0.017687500000000002 0.029611111111111112
5 0.7907968750000001 0.5673472222222222 0.0632890625 0.13468055555555555