5 0.414875 0.6700694444444444 0.0988671875 0.28580555555555553
0 0.6577734375000001 0.19563888888888892 0.053054687499999996 0.17355555555555555
5 0.5357968750000001 0.43312500000000004 0.0541015625 0.177625
7 0.91565625 0.1014861111111111 0.047296875 0.15102777777777776
5 0.0312421875 0.8847361111111111 0.06203125 0.23052777777777778
2 0.6328046875 0.26934722222222224 0.0375625 0.07547222222222223
5 0.5643828125 0.6542083333333333 0.054484374999999995 0.28119444444444447
7 0.6874296875 0.058319444444444445 0.0358828125 0.11665277777777777
6 0.6556640625 0.354375 0.038093749999999996 0.17830555555555555
5 0.42712500000000003 0.5489722222222222 0.067328125 0.22594444444444445
6 0.5412265625 0.8512638888888888 0.0571796875 0.22855555555555557
5 0.4988125 0.5800138888888889 0.059875 0.3176111111111111
5 0.6360781249999999 0.49351388888888886 0.040281250000000005 0.20445833333333335
5 0.5796328125 0.5691944444444444 0.054109375 0.28531944444444446
1 0.6441250000000001 0.4800138888888889 0.0190859375 0.03325
5 0.0657578125 0.8364583333333333 0.1244140625 0.2663611111111111