5 0.48816614420062693 0.6743611111111112 0.07489028213166145 0.22769444444444445
5 0.7029937304075234 0.5381388888888888 0.057241379310344835 0.23380555555555557
6 0.6269122257053292 0.6964444444444444 0.05581504702194357 0.2158611111111111
5 0.24623824451410659 0.5401666666666667 0.05700626959247648 0.21130555555555552
6 0.7792006269592476 0.34349999999999997 0.03695924764890282 0.17552777777777778
6 0.3206426332288401 0.3937777777777777 0.05786833855799373 0.19761111111111113
5 0.7620532915360502 0.5248611111111111 0.04454545454545455 0.20419444444444446
5 0.5542789968652038 0.57125 0.04600313479623825 0.21858333333333332
5 0.5066300940438871 0.4335 0.05332288401253919 0.20358333333333334
5 0.3771003134796238 0.4659444444444445 0.051990595611285266 0.2209722222222222
5 0.4534952978056426 0.3859166666666667 0.05188087774294671 0.1855
5 0.41780564263322884 0.40025 0.0375705329153605 0.21
2 0.7560658307210032 0.23280555555555557 0.031065830721003135 0.0626111111111111
7 0.9205172413793102 0.13422222222222221 0.029670846394984327 0.05347222222222222
0 0.7578029167234566 0.08937198067632851 0.7982789500136297 0.1281938783212561 0.7982230475671256 0.2506510416666667 0.748411305710781 0.2098146890096618
1 0.3303291536050157 0.3952777777777778 0.014012539184952977 0.027305555555555555