7 0.6687031250000001 0.06305555555555556 0.0214375 0.10141666666666665
7 0.8335625 0.11738888888888889 0.033453125 0.07736111111111112
2 0.6212734375 0.2432361111111111 0.02553125 0.060541666666666674
0 0.6284722222222222 0.12345679012345691 0.659332275390625 0.16219979745370375 0.6587015787760417 0.2618091724537037 0.6259358723958334 0.21230589313271603
6 0.49927343750000003 0.7284861111111111 0.048890625 0.1822777777777778
6 0.11710156249999999 0.2914305555555556 0.0484375 0.14768055555555556
5 0.74271875 0.6465138888888889 0.0496796875 0.23438888888888887
5 0.6449921875 0.5100833333333333 0.043460937500000005 0.19608333333333333
5 0.3917890625 0.44045833333333334 0.052671875 0.18955555555555553
5 0.227046875 0.5938611111111111 0.047843750000000004 0.2155
5 0.3816484375 0.3147361111111111 0.032390625 0.15106944444444445
5 0.3304375 0.4968472222222223 0.03240625 0.19122222222222224
5 0.2985859375 0.4854861111111111 0.036398437500000005 0.17466666666666666
5 0.2465859375 0.3136527777777778 0.06609374999999999 0.16434722222222223
5 0.335296875 0.32543055555555556 0.0508046875 0.13541666666666666
5 0.299046875 0.3212083333333334 0.059890624999999996 0.14425
1 0.23890625000000001 0.3632638888888889 0.0102421875 0.021597222222222223
3 0.2391484375 0.3731527777777778 0.007773437499999999 0.005736111111111111