6 0.3957734375 0.7970833333333333 0.0638359375 0.24241666666666667
5 0.26535156249999997 0.644 0.06543750000000001 0.2445277777777778
2 0.276875 0.2637777777777778 0.03390625 0.0745138888888889
5 0.8767421875 0.6675277777777778 0.058976562499999996 0.18175000000000002
5 0.44447656249999995 0.49988888888888894 0.05815625 0.20211111111111113
0 0.2501796875 0.20143055555555556 0.0523671875 0.17081944444444444
5 0.366234375 0.5090277777777777 0.0586640625 0.22098611111111113
5 0.40299218750000004 0.4323333333333333 0.04415625 0.19043055555555558
5 0.3578203125 0.4018472222222222 0.040749999999999995 0.14584722222222224
5 0.3010703125 0.4683888888888889 0.053359375 0.1889861111111111
5 0.6478671874999999 0.506625 0.0624296875 0.20691666666666667
7 0.22063281250000003 0.06994444444444445 0.0410390625 0.13369444444444445
5 0.36779687499999997 0.7002083333333333 0.078875 0.21975
6 0.18115625 0.3672083333333333 0.037820312499999995 0.1721388888888889
7 0.0114296875 0.1290277777777778 0.0228515625 0.13158333333333333
1 0.4623046875 0.40854166666666664 0.015515625 0.024166666666666666