7 0.49477343749999997 0.22395833333333334 0.029476562499999998 0.059013888888888894
5 0.2533671875 0.5974027777777777 0.051734375 0.179375
5 0.395796875 0.5594444444444444 0.04853125 0.15284722222222222
5 0.2557890625 0.4643472222222222 0.030679687500000004 0.11388888888888889
6 0.1294375 0.55725 0.033187499999999995 0.15154166666666666
5 0.48778125 0.6355277777777778 0.0432734375 0.19390277777777779
5 0.42012499999999997 0.4585416666666666 0.0312265625 0.123875
5 0.4942265625 0.5297361111111112 0.0370625 0.11809722222222223
5 0.679359375 0.608375 0.054906250000000004 0.1673611111111111
5 0.72275 0.5972777777777778 0.0635546875 0.15752777777777777
6 0.9791640625 0.720763888888889 0.0416640625 0.21929166666666663
6 0.6047734375 0.432875 0.028999999999999998 0.09415277777777778
5 0.6529765624999999 0.4639027777777778 0.035125 0.11915277777777779
5 0.7307890625 0.45372222222222225 0.0344921875 0.12659722222222222
0 0.494265625 0.304375 0.059710937500000005 0.06552777777777778
2 0.49528906250000004 0.33925 0.018351562499999998 0.03651388888888889
1 0.6441328125 0.6413472222222222 0.0118515625 0.020194444444444442
3 0.6443046875 0.6511388888888889 0.0100234375 0.005319444444444444