1 0.44166144200626956 0.3193888888888889 0.050815047021943574 0.09130555555555554
7 0.15352664576802508 0.7160277777777777 0.029200626959247647 0.06358333333333334
5 0.014686520376175547 0.9296666666666666 0.0254858934169279 0.14066666666666666
5 0.23841692789968655 0.9246944444444444 0.02652037617554859 0.13347222222222221
5 0.6958307210031348 0.7531666666666667 0.12421630094043887 0.48074999999999996
5 0.4462539184952978 0.7391388888888888 0.10882445141065832 0.52175
2 0.4736050156739812 0.16116666666666668 0.11034482758620691 0.21363888888888888
0 0.15589341692789968 0.7920277777777778 0.06235109717868339 0.06952777777777779
5 0.10283699059561129 0.8768055555555555 0.05982758620689656 0.2463888888888889
5 0.14379310344827587 0.9141388888888888 0.027257053291536052 0.16644444444444445
6 0.6275078369905956 0.9080555555555555 0.037884012539184955 0.18083333333333332