6 0.5930625 0.7902083333333334 0.0755390625 0.20093055555555553
5 0.29378906250000003 0.7190416666666667 0.11181250000000001 0.26105555555555554
5 0.643296875 0.3374861111111111 0.06465625 0.16668055555555555
5 0.361140625 0.5405972222222223 0.0518203125 0.18226388888888886
5 0.7453046875 0.6590694444444444 0.058171875 0.23297222222222225
5 0.3958125 0.3871944444444444 0.054570312499999996 0.170625
5 0.12646875 0.5202361111111111 0.061429687499999996 0.23233333333333334
5 0.02321875 0.6224861111111111 0.043203124999999995 0.21830555555555556
5 0.45017968750000004 0.7807777777777777 0.0895234375 0.24166666666666667
5 0.9290546875000001 0.5240833333333333 0.054414062500000006 0.20743055555555553
6 0.21883593750000002 0.3288333333333333 0.05339843749999999 0.16054166666666667
1 0.7236015625000001 0.6173611111111111 0.015859375000000002 0.02766666666666667