5 0.28309375000000003 0.726375 0.087234375 0.25581944444444443
5 0.7473671875 0.6498611111111111 0.0858203125 0.2275138888888889
5 0.9392109375000001 0.5042638888888888 0.0951328125 0.20159722222222223
5 0.0681328125 0.6285694444444444 0.098953125 0.25195833333333334
6 0.591703125 0.7912083333333333 0.0639765625 0.1874722222222222
5 0.4166796875 0.3817638888888889 0.0492578125 0.1708888888888889
5 0.44494531249999997 0.7723888888888889 0.082859375 0.2204861111111111
5 0.389890625 0.5563194444444445 0.0610234375 0.22120833333333334
5 0.159609375 0.5225416666666667 0.05689062499999999 0.2246388888888889
5 0.639578125 0.3459583333333333 0.047359374999999995 0.16683333333333333
6 0.24121874999999998 0.3332222222222222 0.0452109375 0.15455555555555556
1 0.728328125 0.5881944444444445 0.013632812499999999 0.029833333333333333