5 0.47720312500000006 0.6142361111111111 0.075390625 0.2580138888888889
5 0.80134375 0.5716944444444445 0.061617187500000004 0.27768055555555554
5 0.3065546875 0.5936805555555555 0.0595703125 0.2694722222222222
5 0.9424921875000001 0.43009722222222224 0.0605859375 0.23206944444444444
5 0.925265625 0.7335972222222223 0.0863515625 0.31719444444444445
5 0.409375 0.4545138888888889 0.05671875 0.25422222222222224
6 0.522 0.8197222222222222 0.056843750000000005 0.1323611111111111
5 0.6170859375 0.349375 0.06887499999999999 0.21505555555555556
6 0.3101171875 0.3007222222222222 0.047796875 0.18748611111111113
5 0.2829765625 0.46419444444444447 0.051164062499999996 0.2703333333333333
0 0.2563984375 0.19005555555555556 0.047984375 0.18758333333333332
2 0.291546875 0.2556805555555556 0.0386484375 0.07494444444444445
7 0.007546875 0.06391666666666668 0.01509375 0.12619444444444444
7 0.22472656249999998 0.047125 0.0344921875 0.09425