5 0.1774375 0.7834166666666665 0.09619531249999999 0.2520277777777778
5 0.27249218750000004 0.6699999999999999 0.091859375 0.2566527777777778
5 0.3180546875 0.5614444444444444 0.05659375 0.20623611111111112
6 0.24003125 0.2856666666666667 0.0633984375 0.17009722222222223
6 0.5894921875 0.814125 0.10780468750000001 0.22393055555555555
6 0.9478125000000001 0.3126805555555556 0.0605625 0.17781944444444445
5 0.84259375 0.37399999999999994 0.06365625 0.177
5 0.8045312499999999 0.5991111111111111 0.10480468750000001 0.2568611111111111
5 0.5122734375 0.5240277777777778 0.0900390625 0.19622222222222221
5 0.5740234375 0.2668055555555556 0.0508203125 0.17868055555555556
5 0.5611796874999999 0.2942222222222222 0.0633203125 0.17795833333333333
5 0.4850546875 0.39545833333333336 0.05071875 0.18905555555555556
5 0.6523359375 0.71075 0.0494609375 0.2393888888888889
1 0.782 0.45770833333333333 0.013703125 0.022194444444444444
3 0.7826328124999999 0.4690555555555556 0.012531249999999999 0.012763888888888889