0 0.27421093750000003 0.1824027777777778 0.0444453125 0.15191666666666667
5 0.428171875 0.5850138888888888 0.08932812500000001 0.19318055555555555
6 0.3988671875 0.7180416666666667 0.046796875 0.19208333333333336
5 0.3383359375 0.6733888888888888 0.070375 0.20455555555555555
5 0.7573125 0.4892222222222222 0.057921875 0.17666666666666667
5 0.37625000000000003 0.36220833333333335 0.04821875 0.15529166666666666
5 0.9126093750000001 0.5309583333333333 0.057937499999999996 0.17281944444444444
5 0.2569375 0.4362083333333333 0.0563359375 0.1818888888888889
6 0.8551953125 0.29656944444444444 0.0313046875 0.1592777777777778
5 0.5036875000000001 0.4297083333333333 0.05759375 0.21690277777777775
5 0.6725390625000001 0.5421805555555556 0.10397656250000001 0.18924999999999997
7 0.0757890625 0.10291666666666666 0.0357578125 0.07780555555555556
2 0.2986171875 0.2403611111111111 0.0246328125 0.053125
5 0.29182031249999996 0.44033333333333335 0.050507812500000006 0.1972361111111111
5 0.36907812500000003 0.26381944444444444 0.0335546875 0.13505555555555554
6 0.260296875 0.2999861111111111 0.0304765625 0.13291666666666668
1 0.73778125 0.5400138888888889 0.0163125 0.02698611111111111