6 0.45453124999999994 0.7965138888888889 0.0729453125 0.17843055555555556
5 0.7789843750000001 0.7307916666666666 0.08978125 0.28019444444444447
5 0.9116562500000001 0.352875 0.0677265625 0.19833333333333336
5 0.5374921875 0.54525 0.06636718750000001 0.27020833333333333
5 0.3589296875 0.5060555555555556 0.1023125 0.235625
7 0.0970234375 0.05708333333333333 0.048078125 0.11415277777777777
2 0.3777421875 0.2269027777777778 0.034335937500000004 0.08027777777777777
0 0.34850781249999996 0.15505555555555556 0.046265625 0.17927777777777779
5 0.4378984375 0.3934305555555555 0.056867187500000006 0.14347222222222222
5 0.486359375 0.5300138888888889 0.057890624999999994 0.25904166666666667
5 0.4565234375 0.627 0.06390625 0.23231944444444447
5 0.5359140625000001 0.34320833333333334 0.0541015625 0.16445833333333332
5 0.9824921874999999 0.7101666666666666 0.035015625 0.276125
5 0.42542187499999995 0.5253888888888889 0.04025 0.24515277777777778
1 0.4457265625 0.4075972222222223 0.01509375 0.02625