6 0.4778515625 0.8656527777777777 0.0873359375 0.2225138888888889
5 0.24830468749999998 0.6799722222222222 0.10177343750000001 0.2800138888888889
5 0.5803125 0.5845416666666666 0.064609375 0.295125
0 0.66059375 0.1862777777777778 0.057015625 0.18209722222222224
5 0.47912499999999997 0.6586527777777778 0.0803203125 0.2627777777777778
5 0.6587109375 0.4802222222222222 0.0486953125 0.2399861111111111
5 0.288546875 0.5568611111111111 0.11068750000000001 0.2124722222222222
1 0.695171875 0.5971944444444445 0.019109375 0.034208333333333334
7 0.9323124999999999 0.08923611111111111 0.05292187499999999 0.15380555555555556
5 0.49278125 0.5406111111111112 0.0672265625 0.1962361111111111
6 0.657 0.34108333333333335 0.03775 0.15594444444444444
5 0.455359375 0.4214027777777778 0.05546875 0.11595833333333333
7 0.692453125 0.0545 0.0333984375 0.109
2 0.6287421875 0.26163888888888887 0.038734375 0.07379166666666667