5 0.89378125 0.6416111111111111 0.0740703125 0.23966666666666667
5 0.728625 0.6882916666666666 0.0920625 0.2546666666666667
5 0.7173125 0.45387500000000003 0.0665390625 0.21570833333333334
6 0.6305390625 0.7967222222222222 0.09575 0.22579166666666667
5 0.349796875 0.5825555555555556 0.0814453125 0.22345833333333331
5 0.9687812499999999 0.5123472222222222 0.0624375 0.21394444444444444
5 0.21619531250000001 0.5428888888888889 0.056499999999999995 0.21080555555555555
5 0.17486718750000002 0.6053888888888889 0.0584609375 0.22672222222222224
5 0.4204296875 0.45469444444444446 0.0463359375 0.22919444444444445
5 0.649640625 0.6808194444444444 0.069078125 0.21805555555555556
1 0.7137109374999999 0.45034722222222223 0.0155 0.024444444444444446
6 0.3597578125 0.3381111111111111 0.076046875 0.17368055555555556