5 0.4775862068965517 0.4233055555555555 0.03393416927899686 0.15269444444444444
5 0.7528996865203762 0.5743055555555555 0.036551724137931035 0.13383333333333333
5 0.36557993730407523 0.5889166666666666 0.039827586206896554 0.1679166666666667
5 0.4390282131661442 0.570388888888889 0.045156739811912226 0.14347222222222222
5 0.354012539184953 0.35980555555555555 0.02652037617554859 0.12752777777777777
5 0.673526645768025 0.38649999999999995 0.0391692789968652 0.128
5 0.6890595611285266 0.45769444444444446 0.03468652037617555 0.15666666666666668
5 0.6404702194357367 0.3015277777777778 0.03073667711598746 0.14475
5 0.7277742946708464 0.41152777777777777 0.03302507836990596 0.12986111111111112
6 0.44352664576802514 0.6630555555555555 0.03669278996865204 0.11405555555555556
6 0.27584639498432606 0.3441944444444444 0.025799373040752353 0.14394444444444446
1 0.3853291536050157 0.6128333333333333 0.011442006269592476 0.02036111111111111
6 0.8502978056426332 0.5431944444444444 0.0336833855799373 0.1516111111111111
2 0.7115203761755485 0.3076666666666667 0.024655172413793103 0.05013888888888889
0 0.7223660896824317 0.20048309178743962 0.7421129634046614 0.24251302083333343 0.7406035973490529 0.3277806083937198 0.717286953114352 0.2828776041666667
7 0.9023981191222571 0.24444444444444444 0.02206896551724138 0.029944444444444444
7 0.7577115987460815 0.13524999999999998 0.018902821316614422 0.057972222222222224