5 0.4291065830721003 0.6908333333333333 0.04730407523510972 0.19647222222222224
6 0.8088244514106583 0.576861111111111 0.05330721003134796 0.22427777777777777
0 0.3425548589341693 0.3967222222222222 0.05418495297805643 0.22252777777777777
5 0.519435736677116 0.6376666666666667 0.04670846394984326 0.24708333333333335
5 0.46288401253918493 0.7637777777777777 0.0429153605015674 0.19166666666666668
2 0.3593260188087774 0.4683055555555556 0.03620689655172414 0.06608333333333333
5 0.5654075235109718 0.5966944444444444 0.045909090909090906 0.21027777777777779
6 0.03786833855799373 0.8532500000000001 0.04847962382445141 0.29347222222222225
5 0.2940752351097179 0.7867222222222223 0.04843260188087774 0.1676388888888889
5 0.3318652037617555 0.8433333333333334 0.03539184952978056 0.29536111111111113
1 0.4539968652037617 0.3591666666666667 0.02479623824451411 0.041999999999999996