5 0.6066953125000001 0.4933194444444444 0.0660859375 0.23804166666666665
5 0.8369609375 0.650513888888889 0.07059375 0.20936111111111114
5 0.554328125 0.7073611111111111 0.0708671875 0.2534444444444444
6 0.29879687499999996 0.35238888888888886 0.066140625 0.15608333333333332
2 0.191625 0.27508333333333335 0.034375 0.07158333333333333
5 0.3334921875 0.5553472222222222 0.08011718749999999 0.22395833333333334
0 0.16259375 0.2126527777777778 0.047828125 0.15202777777777776
6 0.4632734375 0.7672916666666667 0.054765625 0.18669444444444444
5 0.5139843749999999 0.4087222222222222 0.0429296875 0.2767361111111111
5 0.835796875 0.4833472222222222 0.0476484375 0.17990277777777777
7 0.1302265625 0.06825 0.038656249999999996 0.13131944444444443
5 0.268703125 0.5097638888888889 0.064796875 0.18511111111111112
5 0.485796875 0.6496805555555555 0.052765625000000003 0.21875
5 0.24628125 0.5062083333333334 0.0731171875 0.18020833333333333
1 0.5095390625 0.25619444444444445 0.0154296875 0.024416666666666663