5 0.5784687500000001 0.5839166666666666 0.06979687500000001 0.29186111111111107
6 0.467015625 0.8701111111111112 0.0786015625 0.21806944444444443
0 0.6616484375 0.18475000000000003 0.056281250000000005 0.19090277777777775
5 0.6614296875 0.48066666666666663 0.046265625 0.24375
7 0.9337031250000001 0.08718055555555557 0.05402343750000001 0.15637500000000001
5 0.47342968750000003 0.6615833333333333 0.07472656250000001 0.25763888888888886
5 0.2657109375 0.5624722222222223 0.0906171875 0.19344444444444445
5 0.22478906250000003 0.6676805555555556 0.06921875 0.247375
5 0.44860156250000005 0.48144444444444445 0.0604921875 0.24730555555555556
6 0.6579921875 0.3413055555555556 0.0387265625 0.15572222222222223
5 0.48684374999999996 0.5593194444444444 0.05865625 0.25005555555555553
1 0.7003671875 0.6251249999999999 0.01834375 0.033541666666666664
2 0.63078125 0.2615 0.0416171875 0.0742638888888889