6 0.4470078125 0.7694722222222222 0.058734375000000005 0.21469444444444447
0 0.36417968749999996 0.2021527777777778 0.041703125 0.15741666666666668
5 0.3322265625 0.5837777777777777 0.0604375 0.2120138888888889
5 0.6042109375 0.490375 0.059250000000000004 0.18651388888888887
5 0.7189375 0.33977777777777773 0.0605546875 0.14375
5 0.6323515625 0.4274861111111111 0.063359375 0.17698611111111112
5 0.35242968750000003 0.745763888888889 0.058078125 0.2336388888888889
5 0.45799218750000004 0.5263611111111112 0.0594375 0.2156527777777778
7 0.1520703125 0.1224861111111111 0.040484375 0.09461111111111112
6 0.9827265625000001 0.34379166666666666 0.0345546875 0.18654166666666666
7 0.3319296875 0.06469444444444444 0.029664062499999998 0.11968055555555555
5 0.5366171875 0.5321388888888888 0.059304687499999995 0.2370833333333333
5 0.5114140625 0.5333749999999999 0.0461953125 0.22822222222222222
5 0.36815625 0.5739305555555556 0.042640625 0.19122222222222224
2 0.38265625000000003 0.26743055555555556 0.043375000000000004 0.06909722222222223
5 0.36267187500000003 0.4637638888888889 0.0436484375 0.14972222222222223
6 0.343796875 0.31945833333333334 0.039484375 0.14416666666666667
1 0.513671875 0.4201388888888889 0.0179609375 0.029166666666666667