0 0.27609374999999997 0.19184722222222222 0.04484375 0.14030555555555554
5 0.737421875 0.47651388888888885 0.0471875 0.18829166666666666
5 0.631546875 0.4726388888888889 0.058296875000000005 0.1934861111111111
5 0.361953125 0.7226944444444445 0.0689296875 0.19429166666666664
5 0.426078125 0.5600694444444444 0.058320312500000006 0.21081944444444442
5 0.36478125 0.3727916666666667 0.05 0.1657361111111111
5 0.5433359375 0.42304166666666665 0.05134375 0.17755555555555555
5 0.9398593749999999 0.5283055555555556 0.046984375 0.1847361111111111
6 0.8594375 0.3084722222222222 0.0349765625 0.162
7 0.074515625 0.11329166666666665 0.040203125 0.08331944444444445
5 0.2623515625 0.4903888888888889 0.0528828125 0.21016666666666667
6 0.39353906250000004 0.7338333333333333 0.0663125 0.21216666666666664
2 0.301625 0.2525833333333333 0.029249999999999998 0.06786111111111111
5 0.31913281250000003 0.3208888888888889 0.04484375 0.17773611111111112
5 0.22223437499999998 0.4755694444444445 0.038859375 0.21337499999999998
7 0.2511171875 0.06534722222222222 0.03453125 0.13069444444444445
1 0.6213437500000001 0.4387361111111111 0.014015625 0.025916666666666668