5 0.3581974921630094 0.6708333333333333 0.09092476489028213 0.26061111111111107
5 0.5978683385579937 0.5475277777777778 0.11741379310344827 0.2754166666666667
5 0.9673197492163009 0.6473611111111112 0.06164576802507837 0.29430555555555554
5 0.19768025078369908 0.8135 0.09442006269592476 0.31269444444444444
5 0.4908934169278997 0.48177777777777775 0.048495297805642636 0.24913888888888888
5 0.5560815047021943 0.4130555555555555 0.0435423197492163 0.18916666666666665
6 0.9702194357366771 0.26463888888888887 0.05956112852664577 0.26358333333333334
6 0.11978056426332288 0.5736111111111111 0.06918495297805642 0.33325
5 0.4445454545454546 0.4841666666666667 0.06858934169278996 0.28477777777777774
7 0.2395297805642633 0.030333333333333334 0.052445141065830723 0.06066666666666667
2 0.4725391849529781 0.1673611111111111 0.0509717868338558 0.10044444444444443
0 0.4034346463132071 0.19323671497584544 0.40457132939212215 0.012138624698067603 0.4743429066716643 0 0.4749871158170916 0.13294931310386476 0.4090142428785608 0.20726713466183583 0.40317909227204585 0.19532193538647352
5 0.5210344827586207 0.41236111111111107 0.05528213166144201 0.29575