5 0.3567265625 0.5085277777777778 0.0663828125 0.2273611111111111
6 0.39557031249999997 0.7977361111111111 0.0641484375 0.2264861111111111
5 0.6447734374999999 0.5005138888888889 0.07866406249999999 0.212
5 0.382125 0.6884166666666667 0.0922109375 0.21794444444444444
5 0.252828125 0.6433888888888889 0.068125 0.25093055555555555
5 0.41266406250000004 0.4257638888888889 0.0452578125 0.18431944444444445
0 0.24996093749999998 0.20244444444444443 0.0445859375 0.17006944444444444
5 0.44546875 0.498 0.0714375 0.19568055555555552
5 0.890609375 0.669875 0.06038281250000001 0.17552777777777778
2 0.27549999999999997 0.26681944444444444 0.028429687500000002 0.05876388888888889
7 0.21800000000000003 0.06543055555555556 0.036148437500000005 0.13025
5 0.3536015625 0.38230555555555557 0.035921875 0.13672222222222222
5 0.3030234375 0.4612777777777778 0.0526328125 0.19854166666666664
6 0.172671875 0.3735277777777778 0.047046875 0.2066388888888889
7 0.0056796875 0.10440277777777777 0.0113671875 0.08759722222222223
1 0.4653203125 0.3798472222222222 0.014453125 0.02988888888888889