6 0.504859375 0.8620277777777777 0.072625 0.23252777777777775
5 0.5313671875 0.6701111111111111 0.09762499999999999 0.25787499999999997
0 0.6585468750000001 0.19176388888888887 0.055867187500000005 0.1706111111111111
5 0.6522578125 0.4895 0.060789062500000005 0.22711111111111112
5 0.3123046875 0.6733055555555555 0.07590625 0.2755833333333333
7 0.9269921875 0.089 0.0522578125 0.13502777777777777
6 0.6537499999999999 0.3426666666666667 0.036609375 0.15737500000000001
5 0.3437109375 0.5547083333333334 0.067734375 0.20426388888888888
5 0.58303125 0.5739305555555556 0.05842968750000001 0.27429166666666666
5 0.4867734375 0.5805416666666667 0.050984375000000005 0.28391666666666665
5 0.49946875 0.43262500000000004 0.051890625 0.164875
2 0.6292500000000001 0.2678888888888889 0.036703124999999996 0.07905555555555556
7 0.6890390625 0.057902777777777775 0.036703124999999996 0.11580555555555555
1 0.6739765625 0.5139166666666667 0.0198359375 0.03794444444444445