5 0.8871786833855799 0.5615833333333333 0.06960815047021943 0.2403888888888889
5 0.5176175548589342 0.6444444444444445 0.08739811912225705 0.32216666666666666
5 0.6536206896551724 0.5279166666666667 0.06463949843260189 0.32516666666666666
5 0.6883699059561129 0.4450277777777778 0.031363636363636364 0.24275
8 0.3730094043887147 0.8992222222222223 0.1085423197492163 0.2015833333333333
7 0.25073667711598746 0.05513888888888889 0.05178683385579937 0.11030555555555556
8 0.5436520376175549 0.9157500000000001 0.10167711598746082 0.16849999999999998
1 0.6150783699059561 0.5461944444444444 0.0214576802507837 0.034944444444444445
5 0.7075391849529781 0.42047222222222225 0.03713166144200627 0.28780555555555554
6 0.2069278996865204 0.677 0.04722570532915361 0.32016666666666665
0 0.4770342101676435 0.26086956521739135 0.47703687218890556 0.06507114281400968 0.5543233354913453 0 0.5527793631593295 0.1706908589975846 0.4897107554177458 0.263440708031401
2 0.551191222570533 0.21319444444444444 0.047774294670846394 0.08725