6 0.7587890625 0.8719166666666667 0.057515625 0.25616666666666665
5 0.1683359375 0.24329166666666666 0.0901484375 0.2304166666666667
5 0.18264843749999998 0.755125 0.0875234375 0.291125
5 0.427515625 0.5696527777777778 0.098078125 0.2689166666666667
5 0.45320312500000004 0.48018055555555555 0.059187500000000004 0.26283333333333336
5 0.35025 0.4804305555555556 0.058148437500000004 0.300375
5 0.3726875 0.31106944444444445 0.08390625 0.224
5 0.8095156250000001 0.21486111111111109 0.0634765625 0.19205555555555556
5 0.8103984375 0.12920833333333334 0.042671875 0.10718055555555556
5 0.9856796875 0.6033055555555555 0.028648437500000002 0.2899305555555556
1 0.1938359375 0.363625 0.0162890625 0.027041666666666665
3 0.1938984375 0.37737499999999996 0.012984375000000001 0.010499999999999999