6 0.6692421875 0.2738055555555555 0.048546875 0.21429166666666666
6 0.5821484375 0.9135833333333333 0.07227343750000001 0.17283333333333334
5 0.2257890625 0.8811666666666668 0.0713671875 0.2376527777777778
5 0.2533125 0.8215 0.069125 0.25101388888888887
5 0.5735859375000001 0.66775 0.0673125 0.2645138888888889
5 0.49749999999999994 0.6451805555555555 0.0974375 0.2193888888888889
5 0.2883046875 0.49677777777777776 0.050562499999999996 0.26206944444444447
5 0.43968749999999995 0.4194583333333333 0.077296875 0.22780555555555557
5 0.49234375 0.39444444444444443 0.057609375 0.20247222222222222
5 0.3384609375 0.3534583333333333 0.0606015625 0.2316111111111111
5 0.57765625 0.2909027777777778 0.047671875 0.20218055555555556
5 0.5533125 0.469875 0.0528125 0.2298611111111111
2 0.2834453125 0.2648611111111111 0.039109375 0.08527777777777777
0 0.22743055555555558 0.1373456790123458 0.27749972873263895 0.08474392361111119 0.2799207899305556 0.22966700424382713 0.23019070095486108 0.2895929783950618
1 0.5354062500000001 0.7803472222222223 0.0186171875 0.03265277777777778
3 0.5356640625 0.796 0.013367187499999999 0.011166666666666665