5 0.618125 0.6313333333333333 0.06344531249999999 0.22465277777777778
5 0.189328125 0.6637222222222222 0.0673203125 0.206625
5 0.35281250000000003 0.5763194444444444 0.06218749999999999 0.21294444444444444
6 0.4146015625 0.7196111111111111 0.05653125 0.19541666666666666
7 0.10410937499999999 0.10704166666666666 0.0381484375 0.08324999999999999
5 0.2613828125 0.48688888888888887 0.0429296875 0.2108888888888889
5 0.7396874999999999 0.5898055555555556 0.0642109375 0.21555555555555553
5 0.5149765625 0.357375 0.0470078125 0.12841666666666665
0 0.30774218750000004 0.18529166666666666 0.0338671875 0.14298611111111112
5 0.6482734375 0.28870833333333334 0.0587890625 0.16425
2 0.3304375 0.24133333333333332 0.027453125000000002 0.06273611111111112
6 0.91153125 0.3050972222222222 0.0373984375 0.16336111111111112
5 0.32384375 0.43983333333333335 0.0536953125 0.19512500000000002
5 0.6735859375000001 0.6318611111111111 0.0667109375 0.19627777777777777
5 0.5328671875000001 0.5059444444444444 0.060867187499999996 0.22080555555555553
1 0.5830625 0.6401944444444444 0.017687500000000002 0.033166666666666664
7 0.28035156250000004 0.04523611111111111 0.027890625000000002 0.09045833333333332