5 0.8893887147335422 0.5231666666666667 0.060470219435736675 0.22327777777777777
5 0.2554075235109718 0.5557777777777778 0.05390282131661442 0.1798888888888889
5 0.6632758620689655 0.49797222222222226 0.04945141065830721 0.15097222222222223
6 0.7733228840125391 0.6902222222222222 0.05258620689655172 0.20391666666666666
5 0.2068181818181818 0.5056666666666666 0.045673981191222575 0.2145
6 0.5365987460815047 0.2966944444444444 0.03147335423197492 0.15783333333333333
1 0.8753761755485894 0.5225555555555556 0.012962382445141064 0.025805555555555554
5 0.33274294670846394 0.27894444444444444 0.041238244514106584 0.17380555555555555
5 0.3229623824451411 0.33413888888888893 0.03644200626959248 0.17552777777777778
5 0.26673981191222573 0.3896111111111111 0.05509404388714733 0.1487777777777778
5 0.10830721003134795 0.6250555555555556 0.07623824451410659 0.18733333333333332
5 0.0330564263322884 0.6144166666666666 0.06609717868338558 0.19983333333333334
2 0.21084639498432603 0.24147222222222225 0.030532915360501567 0.057861111111111106
0 0.169860914713098 0.25688783212560384 0.16656000834809875 0.14384718448067638 0.20924551928581162 0.11086579106280199 0.2114150666144201 0.22224109299516917
5 0.2737774294670846 0.2986388888888889 0.041912225705329154 0.08519444444444445