5 0.594453125 0.4317638888888889 0.062484375 0.16983333333333334
6 0.45899999999999996 0.782625 0.065 0.2028888888888889
5 0.5145390625 0.6071666666666667 0.0465703125 0.21259722222222222
5 0.7215625 0.33172222222222225 0.0442421875 0.18206944444444445
7 0.1529140625 0.1218611111111111 0.041484375000000004 0.09997222222222223
0 0.37534375 0.20558333333333334 0.0421953125 0.15609722222222222
5 0.39396875 0.6073194444444444 0.07784375 0.23656944444444447
5 0.4721640625 0.4964166666666667 0.0397265625 0.23197222222222225
5 0.347796875 0.6106805555555556 0.0620078125 0.23262500000000003
5 0.47703125 0.7110833333333334 0.057820312500000005 0.13301388888888888
5 0.51534375 0.43543055555555554 0.039718750000000004 0.13277777777777777
2 0.3963359375 0.2694722222222222 0.0343515625 0.06820833333333333
6 0.9872343750000001 0.3610555555555555 0.025523437500000003 0.1637361111111111
5 0.3679375 0.4926666666666667 0.0375625 0.09088888888888888
5 0.49859375000000006 0.46698611111111116 0.030007812499999998 0.12840277777777778
1 0.47994531250000005 0.19519444444444442 0.016117187499999998 0.03159722222222222