0 0.7357523510971787 0.21700000000000003 0.03264890282131661 0.11055555555555555
5 0.4553761755485893 0.5864166666666667 0.07573667711598746 0.1530277777777778
5 0.38536050156739815 0.3557222222222222 0.028181818181818183 0.177
5 0.6638871473354232 0.4163055555555556 0.030266457680250783 0.18411111111111111
5 0.61564263322884 0.37763888888888886 0.05128526645768025 0.1695
6 0.18156739811912226 0.6630833333333334 0.05797805642633229 0.19869444444444445
5 0.5753291536050157 0.5886944444444444 0.06081504702194357 0.1828611111111111
5 0.5519905956112853 0.45622222222222225 0.03409090909090909 0.16069444444444445
5 0.47510971786833855 0.4008611111111111 0.03926332288401254 0.16708333333333333
7 0.7729937304075235 0.08686111111111111 0.024717868338557995 0.10872222222222222
5 0.3686833855799373 0.6353888888888889 0.048495297805642636 0.17697222222222223
5 0.32114420062695925 0.4858611111111111 0.05235109717868339 0.2028333333333333
5 0.521269592476489 0.62175 0.04285266457680251 0.16255555555555556
7 0.9008307210031348 0.19649999999999998 0.03004702194357367 0.07938888888888888
6 0.42313479623824446 0.30819444444444444 0.03890282131661442 0.15102777777777776
6 0.9433699059561128 0.5387777777777778 0.0325705329153605 0.19122222222222224
2 0.7190595611285266 0.26016666666666666 0.03293103448275862 0.04933333333333334