5 0.815265625 0.5963055555555555 0.062210937499999994 0.16645833333333332
6 0.8564609375 0.38148611111111114 0.03434375 0.15084722222222222
6 0.275734375 0.3491388888888889 0.0601484375 0.13655555555555554
5 0.20714843749999998 0.45033333333333336 0.0844375 0.14141666666666666
5 0.36442968750000004 0.4301666666666667 0.06739843749999999 0.138875
5 0.5608593749999999 0.6205416666666667 0.04359375 0.19170833333333334
5 0.5094296875000001 0.6944166666666667 0.046640625000000005 0.20672222222222222
6 0.7073125 0.7827500000000001 0.056984375 0.19820833333333335
5 0.6534375 0.3997083333333334 0.0308359375 0.16979166666666667
5 0.4970703125 0.4690694444444445 0.054476562500000006 0.10777777777777776
5 0.46419531249999996 0.4774583333333333 0.038796874999999995 0.17095833333333335
5 0.70778125 0.31122222222222223 0.043078125 0.159
5 0.9712265625000001 0.7239166666666667 0.054070312499999995 0.23179166666666665
0 0.8428819444444446 0.2098765432098766 0.873257107204861 0.24723307291666674 0.8692525227864584 0.3413990162037038 0.8358968098958334 0.2912868923611112
7 0.8853125000000001 0.15716666666666665 0.034515625 0.13531944444444446
2 0.83375 0.3198888888888889 0.0372890625 0.07804166666666666
1 0.14765625 0.5180694444444445 0.013539062499999999 0.021333333333333333
3 0.1482265625 0.530375 0.010515625 0.009819444444444445