5 0.40200781250000006 0.6737083333333334 0.1035859375 0.25398611111111113
0 0.6577890625 0.19358333333333333 0.0513515625 0.17327777777777778
5 0.4146640625 0.5476388888888889 0.0733125 0.19968055555555558
5 0.5605703125 0.65325 0.04584375 0.2754166666666667
5 0.0503046875 0.8477777777777777 0.100609375 0.3009027777777778
7 0.9172578124999999 0.09879166666666667 0.04790625 0.1458611111111111
6 0.6552890625 0.35423611111111114 0.0396015625 0.18390277777777778
2 0.631546875 0.269 0.0365859375 0.07706944444444444
5 0.5274140625 0.42236111111111113 0.0553359375 0.1829861111111111
7 0.687 0.058833333333333335 0.037015625 0.11766666666666667
5 0.637640625 0.49027777777777776 0.04684375 0.20808333333333331
6 0.5332265625 0.8489861111111111 0.057625 0.22247222222222224
5 0.5023203125 0.5675 0.0586640625 0.2869861111111111
5 0.5821015625 0.5575833333333333 0.04771875 0.25404166666666667
5 0.0121328125 0.8850972222222222 0.0242734375 0.22979166666666664
1 0.6487499999999999 0.4773472222222222 0.0192421875 0.030444444444444448