5 0.3474765625 0.6842777777777778 0.0673046875 0.22243055555555558
5 0.43627343749999997 0.5715416666666666 0.0615234375 0.19726388888888888
5 0.7378828125 0.47947222222222224 0.058148437500000004 0.17419444444444446
5 0.9237968750000001 0.5267222222222222 0.054609375 0.1806388888888889
5 0.641515625 0.5203055555555556 0.060750000000000005 0.18079166666666666
5 0.3359921875 0.3003472222222222 0.04978125 0.161875
0 0.2741875 0.18777777777777777 0.038078125000000004 0.14866666666666667
5 0.36999218749999996 0.3581388888888889 0.0417890625 0.1791527777777778
6 0.854109375 0.30233333333333334 0.034171875000000004 0.15769444444444444
6 0.3983359375 0.7228333333333334 0.0456875 0.19722222222222222
7 0.073765625 0.10777777777777776 0.0406015625 0.08330555555555555
5 0.280359375 0.4525 0.060421875 0.20301388888888888
5 0.2445234375 0.44940277777777776 0.047617187500000005 0.1925277777777778
2 0.2962578125 0.24334722222222224 0.0352578125 0.06283333333333334
3 0.6603203125 0.610375 0.0110390625 0.009347222222222222
5 0.5094218749999999 0.4350833333333333 0.065828125 0.20430555555555555
1 0.6601874999999999 0.5971805555555556 0.0147890625 0.025930555555555557
7 0.248359375 0.03915277777777778 0.027968749999999997 0.07830555555555556