6 0.4061875 0.7481527777777777 0.054421874999999995 0.2199722222222222
5 0.40207812499999995 0.556138888888889 0.049578125 0.229375
0 0.2901328125 0.203375 0.0393671875 0.1349861111111111
5 0.6855859375 0.4817916666666667 0.0624453125 0.1622222222222222
5 0.21276562499999999 0.5116388888888889 0.050375 0.206
5 0.35162499999999997 0.6986249999999999 0.067265625 0.22691666666666666
5 0.5053124999999999 0.4060694444444444 0.0611015625 0.19947222222222222
5 0.9274765625000001 0.5767222222222222 0.051101562499999996 0.1861388888888889
7 0.0784921875 0.12755555555555556 0.0358203125 0.08759722222222223
6 0.868171875 0.31656944444444446 0.039468750000000004 0.16586111111111113
5 0.398796875 0.3890972222222222 0.037578125000000004 0.1552638888888889
5 0.664828125 0.409625 0.047421875 0.15641666666666668
7 0.2581953125 0.07047222222222223 0.028828125 0.11419444444444445
5 0.26687500000000003 0.494875 0.057390624999999994 0.21045833333333333
5 0.3712578125 0.36227777777777775 0.0392265625 0.17476388888888889
2 0.30662500000000004 0.26061111111111107 0.037296875 0.06684722222222222
6 0.26485156249999997 0.3095 0.031421875 0.1509861111111111
1 0.6763515625000001 0.41104166666666664 0.0146328125 0.024097222222222225