6 0.4606484375 0.7742083333333333 0.05378125 0.2065972222222222
5 0.5157109375 0.5247499999999999 0.0790390625 0.23229166666666667
5 0.6178281250000001 0.4914861111111111 0.0651015625 0.21822222222222223
6 0.3110546875 0.2842222222222222 0.05207031250000001 0.18740277777777778
0 0.2714921875 0.14643055555555556 0.0557109375 0.1536388888888889
5 0.932390625 0.35418055555555555 0.056078125 0.2275
7 0.0298203125 0.06209722222222222 0.0408671875 0.11109722222222221
5 0.41360156249999996 0.6176805555555556 0.0789921875 0.26790277777777777
5 0.5869140625 0.3495 0.0633984375 0.16495833333333332
5 0.925203125 0.7014444444444444 0.1076015625 0.23447222222222222
2 0.2973671875 0.21269444444444444 0.03878125 0.0628611111111111
5 0.402734375 0.43272222222222223 0.0773671875 0.19280555555555554
5 0.3823671875 0.5341666666666667 0.06021093749999999 0.16959722222222223
1 0.3970859375 0.6091527777777778 0.0137890625 0.025916666666666668