5 0.7475078369905956 0.6725833333333333 0.0713949843260188 0.2398611111111111
6 0.8329310344827586 0.7479166666666667 0.05456112852664577 0.17697222222222223
5 0.2977899686520376 0.6325833333333333 0.06305642633228839 0.24122222222222223
5 0.6635109717868338 0.6184722222222222 0.0617398119122257 0.21597222222222223
5 0.5372100313479624 0.3046111111111111 0.06036050156739812 0.19391666666666668
5 0.31460815047021945 0.28319444444444447 0.051536050156739815 0.20527777777777778
5 0.5279310344827586 0.5395 0.0768025078369906 0.25219444444444444
5 0.4790595611285266 0.35994444444444446 0.06137931034482758 0.20269444444444445
0 0.13501567398119121 0.1808888888888889 0.04376175548589342 0.1842777777777778
5 0.1273510971786834 0.7568055555555555 0.0620846394984326 0.23925
5 0.24824451410658308 0.38441666666666663 0.045909090909090906 0.24283333333333335
2 0.1676332288401254 0.25113888888888886 0.03926332288401254 0.08341666666666667
5 0.692601880877743 0.5793611111111111 0.08432601880877742 0.2217777777777778
1 0.7873981191222571 0.6261666666666666 0.018307210031347963 0.03736111111111111