5 0.4586990595611285 0.4206388888888889 0.03405956112852665 0.15511111111111112
5 0.3197335423197492 0.3766388888888889 0.031159874608150468 0.13202777777777777
5 0.3975705329153605 0.5622777777777778 0.03153605015673981 0.18030555555555555
5 0.6304075235109717 0.3804444444444445 0.03304075235109718 0.12755555555555556
5 0.7493103448275862 0.5862777777777778 0.034999999999999996 0.12777777777777777
5 0.680705329153605 0.40475 0.03536050156739812 0.13991666666666666
5 0.40114420062695927 0.4705833333333333 0.0315987460815047 0.07294444444444445
5 0.5990909090909091 0.3021388888888889 0.028495297805642632 0.1289722222222222
0 0.7048902821316615 0.26061111111111107 0.0274294670846395 0.13125
6 0.3811598746081505 0.32858333333333334 0.037805642633228845 0.12372222222222222
1 0.39989028213166145 0.44958333333333333 0.010626959247648903 0.019944444444444445
5 0.4410501567398119 0.5571944444444444 0.06296238244514107 0.1941111111111111
6 0.39738244514106585 0.6504166666666666 0.034247648902821316 0.056861111111111105
6 0.8542633228840125 0.5707777777777777 0.032100313479623825 0.15125
5 0.6571003134796238 0.40591666666666665 0.03710031347962383 0.1306388888888889
7 0.877319749216301 0.24627777777777776 0.019592476489028215 0.04086111111111111
2 0.6848746081504702 0.3055 0.02449843260188088 0.04336111111111111
5 0.7680721003134796 0.6246111111111111 0.0314576802507837 0.05358333333333333