5 0.256640625 0.7318333333333332 0.074296875 0.2652361111111111
5 0.6897265625 0.6404861111111111 0.0574921875 0.2472361111111111
5 0.49196875 0.7137638888888889 0.06735156249999999 0.28256944444444443
6 0.633609375 0.7768333333333334 0.050187499999999996 0.20231944444444444
5 0.5452109375 0.5168194444444445 0.0689296875 0.245125
5 0.642578125 0.4597916666666667 0.06815625 0.18615277777777778
6 0.0655546875 0.345375 0.0566796875 0.19091666666666668
5 0.828 0.49988888888888894 0.083421875 0.19797222222222222
5 0.0217734375 0.436 0.041046875 0.2235138888888889
5 0.44115624999999997 0.5668472222222222 0.05632812499999999 0.23706944444444444
5 0.3998125 0.5020833333333333 0.05988281250000001 0.24294444444444444
5 0.5756953125 0.3788333333333333 0.045828125 0.1515