5 0.36052343750000004 0.6912916666666666 0.0553828125 0.2394722222222222
5 0.7133046875 0.47102777777777777 0.051796875 0.16649999999999998
5 0.9386171875 0.5485972222222222 0.050007812500000005 0.20581944444444444
0 0.282203125 0.19609722222222223 0.041281250000000005 0.1480972222222222
6 0.40522656250000005 0.7479027777777778 0.05375 0.22449999999999998
5 0.37665625 0.3859722222222222 0.0599921875 0.15618055555555557
5 0.6656484375 0.43516666666666665 0.0638671875 0.1787638888888889
6 0.8668125 0.3150277777777778 0.040828125 0.15725
2 0.305 0.25397222222222227 0.0265703125 0.06076388888888889
5 0.40604687500000003 0.5482222222222223 0.0496875 0.18618055555555557
7 0.25389062500000004 0.06815277777777778 0.029078125 0.12175
7 0.07710937500000001 0.12048611111111111 0.038125 0.09086111111111111
5 0.254234375 0.49762500000000004 0.070984375 0.2038888888888889
5 0.3296640625 0.34954166666666664 0.056578125 0.176875
1 0.6384531250000001 0.5116805555555556 0.0121953125 0.01965277777777778
5 0.5286796875 0.40720833333333334 0.042210937500000004 0.19647222222222224
5 0.21106250000000001 0.5036527777777777 0.062257812499999995 0.2053472222222222