0 0.2883828125 0.20551388888888888 0.0358203125 0.14548611111111112
5 0.5069375 0.4042083333333333 0.057085937499999996 0.20168055555555556
5 0.3472109375 0.7023333333333334 0.06964843750000001 0.237625
6 0.4072890625 0.7497083333333333 0.0520390625 0.21706944444444443
5 0.4014921875 0.5568333333333334 0.048265625 0.23005555555555554
5 0.40280468750000004 0.3913472222222222 0.037421875 0.1540138888888889
5 0.9272890625000001 0.5781527777777777 0.052890625000000004 0.18636111111111112
7 0.0783828125 0.12987500000000002 0.0379453125 0.08586111111111111
5 0.2141484375 0.5161111111111112 0.05159375000000001 0.1995833333333333
5 0.6829140625 0.48000000000000004 0.058882812500000006 0.16075
6 0.86896875 0.31808333333333333 0.038671875 0.1626111111111111
5 0.664015625 0.40641666666666665 0.0474375 0.14583333333333334
7 0.259328125 0.07275000000000001 0.029679687500000003 0.11370833333333334
5 0.2677734375 0.4956388888888889 0.0562109375 0.21044444444444446
5 0.3741875 0.35980555555555555 0.038078125000000004 0.17906944444444445
2 0.3122578125 0.2632638888888889 0.028203125000000002 0.06245833333333333
8 0.38644531249999997 0.28368055555555555 0.0313515625 0.13411111111111113
1 0.6795312499999999 0.4100833333333333 0.013890625 0.024694444444444446