5 0.2403605015673981 0.6900000000000001 0.07959247648902822 0.16522222222222221
5 0.3922884012539185 0.6723888888888889 0.06380877742946708 0.2500833333333333
5 0.6045611285266458 0.5633611111111111 0.0485423197492163 0.23011111111111113
5 0.09293103448275862 0.5160833333333333 0.05119122257053291 0.24027777777777778
6 0.4542319749216301 0.7748333333333334 0.059341692789968654 0.08349999999999999
6 0.7179937304075235 0.4250555555555556 0.048495297805642636 0.21483333333333335
6 0.09230407523510972 0.3358055555555556 0.034702194357366774 0.16197222222222224
5 0.46109717868338557 0.6441944444444444 0.05670846394984326 0.17972222222222223
5 0.5083542319749216 0.5392777777777777 0.05172413793103448 0.1800277777777778
5 0.48318181818181816 0.40341666666666665 0.06137931034482758 0.17869444444444443
5 0.5498119122257052 0.5252222222222223 0.04526645768025078 0.17122222222222222
5 0.5723197492163009 0.4434444444444444 0.03518808777429467 0.13327777777777777
4 0.6684169278996865 0.3008888888888889 0.0434012539184953 0.07038888888888889
7 0.9368025078369905 0.10536111111111111 0.03496865203761755 0.06822222222222221
0 0.6726182363363773 0.14009661835748793 0.725698940302576 0.16880849939613532 0.7224672464903913 0.32865338164251207 0.6646108763799918 0.29149682971014496