5 0.7878840125391849 0.5375555555555556 0.09056426332288402 0.2659722222222222
2 0.22761755485893417 0.24466666666666667 0.041974921630094045 0.08580555555555555
5 0.5227586206896552 0.33869444444444446 0.08655172413793104 0.1925277777777778
5 0.8875705329153605 0.4725 0.06424764890282132 0.27652777777777776
5 0.2760658307210031 0.5120555555555556 0.09821316614420063 0.2318611111111111
5 0.4454075235109718 0.42141666666666666 0.060250783699059555 0.22180555555555553
6 0.14192789968652036 0.32858333333333334 0.05648902821316614 0.2189722222222222
5 0.3543573667711599 0.4370277777777778 0.060893416927899686 0.21344444444444446
5 0.8350470219435736 0.49569444444444444 0.06495297805642633 0.22086111111111112
5 0.3984012539184953 0.45755555555555555 0.07170846394984326 0.20258333333333337
0 0.17922856753441463 0.2644927536231884 0.17850183572986242 0.126953125 0.21098381916996042 0.05648494112318845 0.21737799424151566 0.20733790006038655