5 0.39384375 0.5832638888888889 0.0575078125 0.26180555555555557
5 0.677875 0.5489583333333333 0.079125 0.24583333333333332
5 0.8833593750000001 0.4022361111111111 0.056078125 0.22015277777777775
5 0.870390625 0.695388888888889 0.0670625 0.27947222222222223
5 0.325078125 0.5771111111111111 0.059843749999999994 0.23609722222222224
0 0.2643515625 0.19368055555555555 0.051078124999999995 0.16754166666666667
6 0.44459375 0.810125 0.05271875 0.15680555555555556
5 0.3315390625 0.45418055555555553 0.0515625 0.2097638888888889
5 0.538796875 0.341375 0.046617187500000004 0.17397222222222222
7 0.015609375 0.09786111111111111 0.0312265625 0.11222222222222222
5 0.385703125 0.43013888888888885 0.04328125 0.18219444444444446
5 0.41917968749999995 0.4342222222222222 0.040421875 0.18818055555555557
6 0.30646874999999996 0.29941666666666666 0.0447265625 0.16583333333333333
7 0.2313359375 0.057861111111111106 0.0360390625 0.11573611111111111
2 0.295796875 0.26066666666666666 0.0381875 0.07512500000000001