5 0.5267421875 0.6646388888888889 0.062765625 0.2388611111111111
6 0.4682734375 0.7958611111111111 0.0624140625 0.18041666666666667
5 0.380578125 0.6064027777777778 0.06300781250000001 0.2563472222222222
5 0.6404062500000001 0.77475 0.082921875 0.25804166666666667
5 0.765796875 0.3313333333333333 0.0451171875 0.18693055555555557
7 0.15126562500000001 0.10241666666666666 0.0431640625 0.11302777777777777
0 0.388078125 0.19179166666666667 0.0454765625 0.15536111111111112
5 0.43136718749999997 0.6242083333333334 0.06503125 0.26129166666666664
2 0.4080859375 0.2605972222222222 0.036625000000000005 0.07097222222222223
5 0.4823515625 0.46652777777777776 0.056781250000000005 0.24023611111111112
5 0.4557734375 0.5426805555555556 0.05625 0.21881944444444446
7 0.350125 0.05763888888888889 0.02753125 0.10862499999999999
5 0.455984375 0.4112222222222222 0.044140625 0.13258333333333333
1 0.42264843750000003 0.16658333333333333 0.0187265625 0.02901388888888889
5 0.507671875 0.4426111111111111 0.0309609375 0.20844444444444446