5 0.8582578125 0.4922916666666666 0.08364843749999999 0.20558333333333334
6 0.3111328125 0.3495972222222222 0.0527734375 0.17058333333333334
5 0.235796875 0.5105416666666667 0.0531015625 0.2014861111111111
5 0.6231796875 0.4744305555555555 0.074546875 0.2050138888888889
0 0.149640625 0.20948611111111112 0.047484375 0.1695
5 0.5049921875 0.6379722222222222 0.069421875 0.2071111111111111
5 0.8465703124999999 0.6555 0.0481875 0.2201111111111111
5 0.3417109375 0.5664305555555555 0.07109375 0.21588888888888888
2 0.1785625 0.27320833333333333 0.0304765625 0.06231944444444444
5 0.5703984375 0.7122361111111111 0.06725 0.25080555555555556
6 0.4759375 0.7633333333333334 0.045179687499999996 0.16455555555555557
7 0.119140625 0.07165277777777779 0.0370390625 0.14116666666666666
5 0.27921874999999996 0.5219027777777777 0.053921874999999994 0.21340277777777777
5 0.5150859375 0.4117361111111111 0.040531250000000005 0.2692638888888889
1 0.5478828124999999 0.2731388888888889 0.0191953125 0.024055555555555556