5 0.510203125 0.5294583333333333 0.08915625 0.21984722222222222
5 0.816921875 0.406125 0.0607421875 0.212
5 0.7129218749999999 0.6574027777777778 0.1022734375 0.2704583333333333
5 0.43297656250000005 0.43901388888888887 0.05421875 0.23054166666666667
0 0.25906250000000003 0.17426388888888888 0.047093750000000004 0.16622222222222224
5 0.2803671875 0.6605972222222222 0.0586015625 0.2999861111111111
6 0.7401953125 0.8958194444444445 0.058374999999999996 0.19979166666666665
6 0.31328125 0.30872222222222223 0.04415625 0.19545833333333332
2 0.287375 0.247875 0.0410625 0.08148611111111112
7 0.222921875 0.045375000000000006 0.0328359375 0.09076388888888888
5 0.2297421875 0.41616666666666663 0.0640625 0.2612361111111111