5 0.22193749999999998 0.6845694444444445 0.0700234375 0.2062222222222222
5 0.355984375 0.5771944444444445 0.0530390625 0.23755555555555555
6 0.42409375000000005 0.7385 0.0598984375 0.20127777777777775
5 0.5494453125 0.5842916666666667 0.0541875 0.19166666666666668
5 0.5034921875 0.4998194444444444 0.06331250000000001 0.22269444444444444
0 0.3397578125 0.19083333333333335 0.0419375 0.15002777777777776
5 0.5899375 0.40511111111111114 0.0487265625 0.16406944444444443
5 0.622171875 0.5791944444444445 0.055625 0.2107638888888889
5 0.7098359375000001 0.5398333333333334 0.0666171875 0.19995833333333332
7 0.1357890625 0.11536111111111111 0.0322890625 0.08679166666666667
5 0.7453046875 0.34320833333333334 0.0532734375 0.14783333333333332
6 0.953 0.3176111111111111 0.0375234375 0.1611388888888889
2 0.36628125 0.25151388888888887 0.026984374999999998 0.06251388888888888
5 0.2959453125 0.5498611111111111 0.0503515625 0.21768055555555554
5 0.355015625 0.4351388888888889 0.047734375 0.15956944444444446
1 0.519921875 0.6190833333333333 0.0178671875 0.033125
7 0.315046875 0.050263888888888886 0.024742187500000002 0.10051388888888889