5 0.4394200626959248 0.39144444444444443 0.03126959247648903 0.1333888888888889
5 0.7676959247648903 0.5345277777777778 0.04385579937304075 0.16780555555555554
5 0.4713793103448276 0.5541944444444444 0.04482758620689655 0.18069444444444444
5 0.5650156739811912 0.48236111111111113 0.04641065830721003 0.17174999999999999
5 0.8062852664576802 0.5175000000000001 0.043840125391849526 0.1512777777777778
5 0.3531191222570533 0.42630555555555555 0.02995297805642633 0.14716666666666667
6 0.03904388714733542 0.46058333333333334 0.04247648902821317 0.11902777777777779
5 0.49916927899686525 0.5030833333333333 0.04195924764890282 0.1718888888888889
5 0.17609717868338556 0.6236388888888889 0.03644200626959248 0.16983333333333334
5 0.3168495297805643 0.39975 0.036112852664576804 0.12769444444444444
5 0.4847021943573668 0.38552777777777775 0.025532915360501566 0.12141666666666667
6 0.6721003134796238 0.3565277777777778 0.03114420062695925 0.12361111111111112
2 0.7400470219435736 0.2846111111111111 0.025815047021943573 0.049916666666666665
6 0.6283228840125392 0.6786111111111112 0.03816614420062696 0.18572222222222223
0 0.7428104129753306 0.18115942028985507 0.776852340875017 0.2121310763888889 0.7771318531075372 0.2982808725845411 0.7393391372495574 0.26229430857487934
7 0.8655799373040752 0.20872222222222223 0.02609717868338558 0.04061111111111111
7 0.7867084639498433 0.11452777777777777 0.022366771159874607 0.06719444444444445