5 0.6594453125 0.5333055555555556 0.0886171875 0.17954166666666668
5 0.4351015625 0.5901388888888889 0.068859375 0.18994444444444444
5 0.3397734375 0.6715833333333333 0.0646875 0.20422222222222222
5 0.9151796875 0.5238611111111111 0.0580390625 0.15159722222222222
5 0.3730859375 0.36241666666666666 0.0473203125 0.1550138888888889
0 0.27532812500000003 0.18502777777777776 0.0420546875 0.14845833333333333
6 0.3987734375 0.7208888888888888 0.048734375 0.19275
5 0.5002187499999999 0.4396805555555555 0.0565078125 0.20352777777777778
5 0.2544296875 0.4408333333333333 0.053593749999999996 0.18568055555555554
5 0.75215625 0.4762222222222222 0.056015625 0.17609722222222224
6 0.855484375 0.2968472222222222 0.031742187500000005 0.15768055555555555
7 0.0748046875 0.10329166666666667 0.0357109375 0.07698611111111112
2 0.29865624999999996 0.24027777777777778 0.0245546875 0.05341666666666667
5 0.2934296875 0.45594444444444443 0.0502421875 0.19481944444444446
6 0.2598828125 0.302375 0.030117187499999996 0.13544444444444445
5 0.363609375 0.26625 0.0386875 0.1342638888888889
1 0.700984375 0.5523194444444445 0.0138671875 0.026375