6 0.8134639498432602 0.7460833333333332 0.0564576802507837 0.18866666666666668
5 0.47031347962382447 0.3593333333333334 0.05184952978056426 0.21844444444444444
5 0.535987460815047 0.5282777777777778 0.07515673981191223 0.2599722222222222
5 0.7704858934169279 0.6432777777777778 0.06363636363636364 0.22683333333333333
0 0.11175548589341693 0.178 0.043463949843260186 0.20866666666666667
5 0.2807680250783699 0.629 0.054968652037617555 0.24708333333333335
5 0.6452037617554859 0.5353611111111111 0.0674294670846395 0.2616111111111111
5 0.29278996865203766 0.2751388888888889 0.044874608150470216 0.2038888888888889
5 0.13147335423197493 0.7523888888888889 0.0752664576802508 0.24727777777777776
5 0.6931661442006269 0.6088611111111111 0.08175548589341693 0.2024166666666667
5 0.21148902821316615 0.3843611111111111 0.06304075235109717 0.2433611111111111
5 0.5403918495297806 0.29430555555555554 0.045987460815047024 0.23302777777777778
2 0.14407523510971787 0.24569444444444447 0.03667711598746081 0.07125
7 0.06918495297805642 0.029666666666666668 0.03667711598746081 0.05930555555555556