0 0.2664576802507837 0.29594444444444445 0.03970219435736677 0.15002777777777776
5 0.6868495297805642 0.5373611111111111 0.06032915360501568 0.19541666666666666
5 0.36310344827586205 0.5962777777777778 0.04250783699059561 0.22858333333333336
5 0.573808777429467 0.5126111111111111 0.033871473354231976 0.1943611111111111
5 0.5172884012539185 0.5635 0.04200626959247649 0.2005
1 0.3096394984326019 0.5264166666666666 0.013432601880877743 0.020027777777777776
5 0.5824921630094044 0.6898611111111111 0.07252351097178684 0.20730555555555555
5 0.4592319749216301 0.5969444444444445 0.04377742946708464 0.1938888888888889
5 0.4065203761755486 0.5503611111111111 0.0484012539184953 0.21663888888888888
5 0.4710815047021944 0.45725000000000005 0.02763322884012539 0.11741666666666667
5 0.443166144200627 0.5073611111111112 0.03446708463949843 0.2103611111111111
2 0.2918181818181818 0.3451666666666667 0.030266457680250783 0.058083333333333334
7 0.2380721003134796 0.13933333333333334 0.03319749216300941 0.09025000000000001
7 0.10394984326018808 0.2533888888888889 0.026614420062695925 0.05511111111111111
6 0.8594984326018809 0.7401388888888889 0.07799373040752351 0.2338888888888889
6 0.6150156739811912 0.4263888888888889 0.03199059561128527 0.15469444444444444