0 0.7245859375 0.18226388888888886 0.05825 0.18293055555555557
5 0.5211718750000001 0.3688194444444445 0.087828125 0.18304166666666666
5 0.3423671875 0.7672916666666667 0.12403125 0.227625
5 0.046867187500000004 0.6985277777777777 0.0921953125 0.2740138888888889
5 0.6955078125 0.6472222222222223 0.10875781250000001 0.2279027777777778
7 0.9760781250000001 0.08665277777777777 0.047843750000000004 0.13422222222222221
7 0.7538828125 0.036375000000000005 0.034437499999999996 0.07275000000000001
2 0.6914374999999999 0.24986111111111112 0.041835937499999996 0.0766111111111111
6 0.4004921875 0.89575 0.0925859375 0.20850000000000002
5 0.8945390625 0.5577916666666667 0.11294531249999999 0.22416666666666668
1 0.67528125 0.6938888888888889 0.0207890625 0.035680555555555556