5 0.260109375 0.7264722222222222 0.07357812500000001 0.25763888888888886
5 0.6935234375 0.6399305555555556 0.064109375 0.25729166666666664
5 0.6468671875 0.4597777777777778 0.0711171875 0.18924999999999997
5 0.5451875 0.5147361111111112 0.072859375 0.24331944444444445
6 0.6336796875 0.7715138888888889 0.0482421875 0.1862638888888889
6 0.0678828125 0.34868055555555555 0.0556796875 0.17143055555555556
5 0.8367109375 0.48912500000000003 0.0775546875 0.1749027777777778
5 0.49291406249999997 0.7143472222222222 0.07572656250000001 0.27744444444444444
5 0.5818984375 0.3858055555555555 0.0483515625 0.166875
5 0.44192187499999996 0.563625 0.059046875 0.23136111111111113
5 0.40257031249999997 0.4998611111111111 0.057437499999999996 0.25045833333333334
5 0.0225234375 0.42995833333333333 0.0450390625 0.22198611111111113
1 0.2578125 0.5994832041343668 0.25950445130813954 0.6002768188791989 0.26259666265443316 0.6003689236111112 0.26697487054869184 0.6025920542635659 0.2661147006722384 0.6052176699773901 0.26451927007630816 0.6072439740794573 0.26315165674963664 0.6113293867086563 0.2619948276253634 0.6159939236111112 0.2617925599563954 0.6202900415859173 0.26205018509265987 0.6254491682816538 0.26221483807231105 0.6280520732396642 0.25904384879178777 0.6297099584140827 0.2560332542242006 0.628246376372739 0.25454286087390987 0.6261759124677002 0.2532838333484738 0.6230986050549094 0.2528537484102471 0.6205083171834626 0.2540737418241279 0.6142388868701549 0.2553568995276163 0.6088652697028424 0.2555854265079942 0.6048315871285529 0.2551219851471657 0.5999184936208011