5 0.6837931034482758 0.4657222222222222 0.020940438871473354 0.07580555555555556
5 0.5374451410658307 0.4702777777777778 0.02409090909090909 0.08519444444444445
5 0.6175078369905956 0.4725 0.023260188087774296 0.07105555555555555
5 0.350423197492163 0.5758611111111112 0.023855799373040755 0.0975
5 0.4489968652037617 0.4657222222222222 0.02346394984326019 0.07058333333333333
5 0.6481661442006269 0.5203055555555556 0.01774294670846395 0.09447222222222222
6 0.43554858934169277 0.602388888888889 0.026065830721003134 0.07430555555555556
5 0.44912225705329156 0.5603333333333333 0.013683385579937304 0.09894444444444443
5 0.4331974921630094 0.5036666666666666 0.02134796238244514 0.07980555555555556
5 0.6112382445141066 0.49450000000000005 0.015078369905956112 0.07597222222222223
5 0.749153605015674 0.4706388888888889 0.016786833855799373 0.091
6 0.7836990595611285 0.5430555555555555 0.01909090909090909 0.08125
2 0.7185736677115987 0.4111666666666667 0.015595611285266457 0.030055555555555558
6 0.5360658307210031 0.4015833333333333 0.017225705329153605 0.06886111111111111
2 0.06764890282131661 0.43474999999999997 0.015376175548589343 0.04097222222222222