5 0.870626959247649 0.5111666666666667 0.04846394984326019 0.227
5 0.6042476489028213 0.48133333333333334 0.06688087774294671 0.19661111111111113
6 0.7454075235109717 0.7072777777777778 0.0686050156739812 0.2917777777777778
5 0.12995297805642633 0.5206666666666666 0.04697492163009404 0.22552777777777777
5 0.34901253918495295 0.5488611111111111 0.059263322884012544 0.15913888888888889
5 0.32208463949843263 0.7000555555555555 0.07330721003134796 0.19541666666666666
6 0.521269592476489 0.29608333333333337 0.05260188087774295 0.17697222222222223
5 0.3091065830721003 0.2563888888888889 0.03910658307210031 0.15605555555555556
5 0.29849529780564266 0.37424999999999997 0.03327586206896552 0.18419444444444444
5 0.27467084639498435 0.3428611111111111 0.04460815047021944 0.19744444444444445
5 0.2679937304075235 0.25808333333333333 0.03606583072100314 0.08341666666666667
0 0.14015710072595275 0.14194992690058475 0.18212302528460647 0.11464044225146199 0.18866459227025242 0.22943507858187132 0.1404761229582577 0.2592230902777777
2 0.1827115987460815 0.2381388888888889 0.03377742946708464 0.064