5 0.579012539184953 0.6763333333333333 0.07032915360501567 0.23858333333333334
5 0.38358934169278996 0.60575 0.05799373040752351 0.2985833333333333
6 0.6534482758620689 0.4591388888888889 0.05394984326018809 0.22569444444444445
5 0.3362539184952978 0.5328055555555555 0.05606583072100314 0.2359166666666667
5 0.5048589341692791 0.6621944444444444 0.06415360501567398 0.23619444444444446
6 0.5184326018808777 0.9484166666666667 0.07018808777429467 0.10319444444444444
5 0.4607836990595612 0.6133333333333334 0.050203761755485896 0.23897222222222222
1 0.5355329153605016 0.5423611111111111 0.017601880877742948 0.030722222222222224
5 0.4298902821316614 0.5148611111111111 0.040956112852664574 0.1877222222222222
5 0.04172413793103449 0.49730555555555556 0.04615987460815047 0.30086111111111113
5 0.28865203761755487 0.8548333333333333 0.06959247648902821 0.27349999999999997
4 0.6145924764890283 0.2967222222222222 0.055689655172413796 0.04752777777777777
7 0.8271159874608152 0.17838888888888887 0.03912225705329154 0.0645
0 0.6160556085593568 0.12681159420289856 0.6790150734291946 0.18052253170289853 0.6748436861114898 0.34096184329710155 0.6103828412498297 0.2854015700483092