5 0.5714375 0.43356944444444445 0.06253125000000001 0.18223611111111113
5 0.5134921875 0.7663472222222222 0.0652265625 0.2324027777777778
5 0.5162656250000001 0.6070555555555556 0.0602421875 0.14825
5 0.3528515625 0.6044861111111112 0.061320312499999995 0.24072222222222223
7 0.15524218750000002 0.11705555555555555 0.037515625000000004 0.09954166666666667
5 0.72825 0.3291527777777778 0.045406249999999995 0.18990277777777775
6 0.459078125 0.78425 0.05340625 0.20074999999999998
2 0.40091406249999995 0.2695694444444445 0.028484375 0.06601388888888889
0 0.37882812499999996 0.2000972222222222 0.038125 0.1516388888888889
5 0.4007421875 0.6152638888888889 0.0479921875 0.2642083333333333
5 0.4779765625 0.5464861111111111 0.0530390625 0.21713888888888888
5 0.48719531250000003 0.436125 0.055109375 0.11416666666666667
1 0.464375 0.14613888888888887 0.01625 0.028402777777777777
7 0.34738281249999997 0.059083333333333335 0.026796874999999998 0.11816666666666667
5 0.373453125 0.494875 0.026203125 0.09393055555555554