0 0.27714062500000003 0.1943611111111111 0.0445078125 0.1456527777777778
5 0.3610859375 0.7181805555555556 0.0627890625 0.1947222222222222
5 0.736984375 0.4850972222222222 0.0496171875 0.18190277777777777
5 0.4196015625 0.5589444444444445 0.0504765625 0.21637499999999998
5 0.366921875 0.3693611111111111 0.051007812500000006 0.16719444444444445
5 0.9399921875 0.5348888888888889 0.0449765625 0.18715277777777778
5 0.5462734375 0.42902777777777773 0.051828125 0.1778611111111111
5 0.63625 0.4604583333333333 0.055640625 0.198
6 0.8612578125000001 0.3097361111111111 0.0342734375 0.160875
6 0.4012421875 0.7382638888888888 0.0482890625 0.20054166666666665
7 0.075453125 0.11448611111111112 0.0389765625 0.08436111111111111
5 0.2622421875 0.4955833333333333 0.06059375 0.21219444444444444
5 0.3214375 0.3258611111111111 0.044234375 0.16940277777777776
2 0.3020390625 0.25352777777777774 0.0281328125 0.06629166666666667
5 0.22072656249999997 0.474625 0.036015625 0.19761111111111113
1 0.622859375 0.4396527777777778 0.014359374999999999 0.024416666666666663
7 0.25065624999999997 0.06370833333333333 0.0292109375 0.12741666666666665