5 0.4926018808777429 0.6373055555555556 0.057053291536050155 0.21177777777777776
5 0.3979310344827586 0.697388888888889 0.06177115987460814 0.20319444444444446
5 0.24984326018808778 0.4564166666666667 0.05330721003134796 0.14869444444444443
5 0.3388871473354232 0.4881666666666667 0.040626959247648906 0.19119444444444444
5 0.7979467084639498 0.6323333333333333 0.05189655172413793 0.2046111111111111
6 0.5985579937304075 0.7336111111111112 0.04996865203761755 0.12752777777777777
5 0.4051724137931034 0.396 0.038714733542319746 0.1314722222222222
5 0.3725548589341693 0.47350000000000003 0.04592476489028213 0.20544444444444443
5 0.8408934169278997 0.6717222222222222 0.046222570532915355 0.15988888888888889
2 0.6818181818181818 0.30358333333333337 0.030673981191222572 0.0685
7 0.7370846394984326 0.08213888888888889 0.019905956112852664 0.09908333333333334
7 0.837884012539185 0.20380555555555557 0.02932601880877743 0.05733333333333333
5 0.41015673981191225 0.3258888888888889 0.031175548589341694 0.09619444444444446
0 0.6854624889259917 0.1714881491545893 0.7289386201785472 0.20500264190821257 0.7280521670982691 0.3147220335144928 0.6810541817159602 0.27648041213768115