0 0.177265625 0.21834722222222222 0.046875 0.16665277777777776
5 0.5333671875 0.7002777777777778 0.0786796875 0.23256944444444444
2 0.20567968749999999 0.27625 0.0304765625 0.06944444444444445
5 0.3402734375 0.5489722222222222 0.060164062500000004 0.21768055555555554
6 0.2806171875 0.3524305555555556 0.0458046875 0.15015277777777777
5 0.8295781249999999 0.6625555555555556 0.0605703125 0.1996527777777778
5 0.583484375 0.5019583333333334 0.0576640625 0.21637499999999998
5 0.512953125 0.430125 0.047515625 0.24691666666666667
5 0.8109531249999999 0.476625 0.0414296875 0.19033333333333333
5 0.4600625 0.6279722222222222 0.0516796875 0.20256944444444444
5 0.270421875 0.5095694444444444 0.06499218749999999 0.20656944444444442
7 0.1453359375 0.073125 0.036867187499999995 0.144125
5 0.246421875 0.4893194444444445 0.051398437500000005 0.19075
5 0.4434453125 0.7644027777777778 0.0473984375 0.18031944444444445
1 0.4795546875 0.24090277777777777 0.014671875000000001 0.026541666666666665