0 0.64178125 0.19365277777777778 0.0465625 0.13698611111111111
5 0.4807734375 0.7036805555555555 0.0849140625 0.23568055555555556
6 0.5641796875 0.751986111111111 0.0638203125 0.22856944444444444
5 0.5080546874999999 0.541138888888889 0.05828124999999999 0.16286111111111112
5 0.3347265625 0.4529722222222222 0.0491015625 0.16318055555555555
5 0.3874765625 0.47629166666666667 0.05475 0.19593055555555555
5 0.4621015625 0.48381944444444447 0.042390625 0.17247222222222222
7 0.8487578125 0.11555555555555556 0.0341484375 0.09181944444444444
5 0.5526484375 0.40177777777777773 0.044390625 0.16980555555555557
5 0.32801562500000003 0.34273611111111113 0.035796875 0.12866666666666668
7 0.66925 0.06298611111111112 0.022953124999999998 0.11568055555555556
5 0.4955625 0.2665277777777778 0.0418515625 0.18165277777777777
6 0.6447890625 0.3177916666666667 0.038296875 0.163125
5 0.23030468750000002 0.3154166666666667 0.0403984375 0.18141666666666667
2 0.6226406250000001 0.24788888888888888 0.0374609375 0.054125
6 0.1200859375 0.3013888888888889 0.0386015625 0.18890277777777775
5 0.45437500000000003 0.5910555555555556 0.0337578125 0.2432361111111111
1 0.491140625 0.5313888888888889 0.015703125000000002 0.026361111111111113