5 0.8702265625000001 0.33487500000000003 0.058812500000000004 0.1975138888888889
5 0.7663828125000001 0.5173194444444444 0.08745312499999999 0.21172222222222223
5 0.6247812500000001 0.6243194444444444 0.09721874999999999 0.23820833333333333
5 0.6125625 0.42011111111111116 0.0884140625 0.19440277777777779
5 0.4979609375 0.4196666666666667 0.0838125 0.19002777777777777
5 0.46040625 0.5861944444444445 0.0848828125 0.2522638888888889
5 0.5831484375 0.8592361111111111 0.10379687500000001 0.22194444444444447
5 0.31189062500000003 0.39995833333333336 0.082765625 0.20963888888888887
5 0.1750546875 0.8261666666666667 0.10011718750000001 0.3051111111111111
5 0.0525390625 0.5311388888888889 0.0933515625 0.24281944444444445
1 0.72140625 0.6254722222222222 0.020148437499999998 0.03151388888888889
3 0.7221015625 0.642 0.013578125 0.007625000000000001
7 0.9781484375 0.02511111111111111 0.043710937500000005 0.050208333333333334
0 0.9436953125 0.18075 0.0532578125 0.18843055555555555
2 0.9133046874999999 0.25580555555555556 0.042960937500000004 0.06931944444444443