6 0.6950626959247649 0.7018055555555556 0.04992163009404389 0.15666666666666668
5 0.5072100313479624 0.49572222222222223 0.047398119122257054 0.177
5 0.39639498432601883 0.4122222222222222 0.04 0.16583333333333333
5 0.6780721003134796 0.5870833333333333 0.04672413793103448 0.16441666666666666
6 0.5443730407523512 0.3798888888888889 0.040266457680250785 0.15258333333333332
5 0.7563949843260188 0.5867222222222223 0.06481191222570533 0.18266666666666667
5 0.6283855799373042 0.4228611111111111 0.04330721003134796 0.17377777777777778
5 0.3367398119122257 0.6699444444444445 0.045078369905956116 0.14763888888888888
0 0.2252037617554859 0.2604444444444445 0.034858934169278995 0.14494444444444443
5 0.3012382445141066 0.4291111111111111 0.02943573667711599 0.18205555555555558
5 0.49686520376175547 0.3814166666666667 0.04272727272727273 0.15041666666666667
5 0.2812382445141066 0.4359722222222222 0.025078369905956112 0.19244444444444445
7 0.19713166144200625 0.1093611111111111 0.02377742946708464 0.10925
5 0.34866771159874604 0.5738611111111112 0.037664576802507836 0.07525
1 0.7640061088336951 0.574074074074074 0.7607877933847762 0.5746179999109687 0.7571055695382204 0.5795161146723647 0.7555772621774777 0.5843711048789173 0.7555026914536613 0.5901623152599714 0.7573300666646572 0.5952315371260684 0.7620751195643437 0.6006582754629629 0.7649402052688691 0.6010756098646723 0.767072143015031 0.5998820334757835 0.7702755443191865 0.5947794248575499 0.7712496734587252 0.5895279669693733 0.7710510798468773 0.5825139667913105 0.7690227561590708 0.578365662838319
2 0.24860501567398122 0.3065833333333333 0.03221003134796238 0.06072222222222222
7 0.0616614420062696 0.21963888888888888 0.02404388714733542 0.05038888888888889