5 0.29293749999999996 0.5902083333333333 0.13471093750000002 0.3606111111111111
5 0.496375 0.5368472222222221 0.1063984375 0.33544444444444443
5 0.6189765625 0.56425 0.1388671875 0.5053194444444444
5 0.405578125 0.5155694444444444 0.068125 0.3834583333333333
5 0.702671875 0.5064027777777778 0.06365625 0.2989583333333333
0 0.1174609375 0.26343055555555556 0.106640625 0.14020833333333332
2 0.135 0.32725 0.040773437499999995 0.05536111111111111
7 0.10162500000000001 0.12541666666666668 0.0572734375 0.11902777777777779
7 0.009234375 0.24820833333333334 0.01846875 0.07218055555555555
5 0.373578125 0.5338194444444445 0.039773437499999995 0.19749999999999998
6 0.29234375 0.476625 0.0179296875 0.05830555555555555