5 0.3612068965517241 0.5776111111111111 0.06968652037617555 0.22208333333333335
5 0.7402664576802508 0.6551388888888888 0.08481191222570533 0.23294444444444445
5 0.6843887147335423 0.4756944444444444 0.0747962382445141 0.2122777777777778
5 0.23888714733542318 0.6391666666666667 0.06567398119122257 0.2038888888888889
5 0.5994200626959247 0.3595277777777778 0.04512539184952978 0.16880555555555557
5 0.6270689655172413 0.5888611111111112 0.06495297805642633 0.1921111111111111
5 0.8154545454545454 0.5794166666666667 0.060924764890282125 0.27708333333333335
5 0.7762539184952978 0.4939444444444444 0.05300940438871474 0.21536111111111111
0 0.3781504702194357 0.1638888888888889 0.04467084639498432 0.1506111111111111
2 0.39952978056426336 0.22161111111111112 0.0313166144200627 0.06158333333333334
6 0.51358934169279 0.6805277777777778 0.04971786833855799 0.16330555555555556
1 0.7195924764890282 0.6444444444444445 0.016269592476489028 0.03283333333333333
5 0.6486363636363636 0.31216666666666665 0.054764890282131655 0.13397222222222221
6 0.37539184952978055 0.3648611111111111 0.04926332288401254 0.15969444444444444
7 0.23525078369905958 0.10744444444444444 0.03300940438871473 0.06027777777777778