5 0.7998359374999999 0.6649166666666667 0.0614140625 0.18618055555555557
0 0.2204140625 0.22165277777777778 0.0465078125 0.16404166666666667
5 0.4699375 0.6958194444444444 0.07490625 0.22923611111111114
2 0.2538125 0.27943055555555557 0.0306953125 0.06981944444444445
5 0.4044609375 0.6294166666666666 0.05535156249999999 0.23295833333333332
5 0.741609375 0.5114166666666667 0.059476562499999996 0.2370833333333333
6 0.4166953125 0.7766944444444445 0.0631328125 0.19168055555555555
5 0.5148125 0.5207916666666667 0.06591406250000001 0.23491666666666663
7 0.19609375 0.07931944444444444 0.0338515625 0.14952777777777776
5 0.29615625 0.47325 0.077828125 0.2369861111111111
5 0.3492109375 0.49648611111111113 0.044187500000000005 0.2536388888888889
6 0.247984375 0.3727361111111111 0.043476562499999996 0.17823611111111112
1 0.3869296875 0.28638888888888886 0.016273437499999998 0.023666666666666666