5 0.6930078125 0.6278611111111111 0.078828125 0.20668055555555556
5 0.367671875 0.5821666666666667 0.057406250000000006 0.21891666666666668
5 0.757453125 0.5710833333333334 0.049812499999999996 0.2279027777777778
6 0.40210156250000006 0.7195138888888888 0.060812500000000005 0.19209722222222222
5 0.478890625 0.36923611111111115 0.0448671875 0.1656388888888889
5 0.5453828125 0.5045972222222223 0.061265625000000004 0.21466666666666667
0 0.28816406250000004 0.18481944444444443 0.035414062499999996 0.1468611111111111
7 0.0809921875 0.11065277777777778 0.03603125 0.09305555555555556
5 0.3184765625 0.4251666666666667 0.050765625 0.18058333333333335
5 0.20189062500000002 0.6544444444444444 0.054656249999999997 0.2299027777777778
5 0.24983593750000002 0.45079166666666665 0.0465234375 0.17226388888888888
2 0.3085546875 0.24115277777777777 0.024328125 0.05959722222222222
6 0.8820625 0.2966944444444444 0.029445312499999998 0.15580555555555556
6 0.26709375 0.29801388888888886 0.034640625 0.15916666666666665
7 0.260828125 0.05470833333333333 0.02471875 0.10940277777777777
5 0.57090625 0.274 0.04084375 0.1517222222222222
5 0.7798359375 0.6286944444444444 0.086234375 0.18794444444444444
1 0.672140625 0.6403333333333333 0.017546875 0.033694444444444444