5 0.8915625 0.5502361111111111 0.08 0.29491666666666666
5 0.21749999999999997 0.7715555555555556 0.0860390625 0.29620833333333335
5 0.174359375 0.2826388888888889 0.0744140625 0.2165277777777778
5 0.2870078125 0.2801527777777778 0.053171875 0.12819444444444444
5 0.3086171875 0.43977777777777777 0.0686328125 0.25608333333333333
5 0.3683125 0.4442083333333333 0.0838515625 0.23719444444444446
5 0.4473671875 0.55975 0.10653125000000001 0.25530555555555556
6 0.692484375 0.8511805555555556 0.070734375 0.2671805555555556
5 0.7005703125 0.2346388888888889 0.048703125 0.2007638888888889
5 0.7289453124999999 0.18038888888888888 0.0394921875 0.20954166666666668
2 0.8708203125 0.19455555555555556 0.035046875 0.07738888888888888
0 0.8836805555555557 0.020061728395061824 0.9305046929253473 0.07971040702160492 0.9264322916666667 0.22353636188271608 0.8745829264322917 0.15096932870370372
1 0.1515859375 0.38665277777777773 0.0153671875 0.034138888888888885
3 0.15209375 0.4030972222222223 0.0148046875 0.010638888888888889