5 0.2968046875 0.6580972222222222 0.0564453125 0.22519444444444442
5 0.40991406250000006 0.5809305555555555 0.052171875 0.210375
6 0.39903125 0.7202638888888889 0.0512578125 0.19040277777777778
5 0.8166249999999999 0.5449166666666666 0.050093750000000006 0.17401388888888888
5 0.40028125000000003 0.3577777777777778 0.0482890625 0.16140277777777776
0 0.274390625 0.18230555555555555 0.0387265625 0.1465972222222222
6 0.8584765624999999 0.30074999999999996 0.0353203125 0.16381944444444446
5 0.7259218749999999 0.5533333333333333 0.0512109375 0.22361111111111112
5 0.30678125 0.4330972222222222 0.0414375 0.20625
7 0.0768671875 0.10598611111111111 0.033328125 0.08537499999999999
2 0.2984453125 0.23831944444444444 0.0249296875 0.05213888888888889
5 0.522328125 0.45444444444444443 0.0552265625 0.20451388888888888
5 0.8776796875 0.5498472222222222 0.0516484375 0.1547361111111111
6 0.2581015625 0.29741666666666666 0.0326796875 0.13143055555555555
5 0.41423437500000004 0.2554722222222222 0.037859375 0.11477777777777778
1 0.8777968749999999 0.5499305555555556 0.014960937499999999 0.03040277777777778
5 0.2799921875 0.41824999999999996 0.0368828125 0.1837361111111111