5 0.41849218749999995 0.6223194444444444 0.105734375 0.19925
5 0.6668984375 0.5028888888888888 0.07485937499999999 0.216625
5 0.57159375 0.44587499999999997 0.061820312499999995 0.2108472222222222
6 0.41871875000000003 0.7631944444444444 0.07428125 0.19826388888888888
0 0.118 0.13848611111111112 0.056195312500000004 0.15565277777777778
6 0.2418515625 0.27881944444444445 0.046125 0.1703611111111111
5 0.31935156249999996 0.539611111111111 0.0611796875 0.14431944444444444
5 0.9006953125000001 0.3582222222222222 0.0513828125 0.22133333333333335
5 0.45113281250000004 0.42241666666666666 0.082625 0.18741666666666668
5 0.9656484375 0.5286944444444445 0.0542265625 0.21837499999999999
5 0.4155234375 0.40195833333333336 0.0700703125 0.21516666666666664
5 0.973421875 0.664375 0.0531484375 0.23763888888888887
5 0.6300234375 0.33143055555555556 0.05315625 0.17854166666666668
2 0.1467421875 0.21230555555555558 0.0292890625 0.06406944444444444
1 0.31190625 0.597 0.0172265625 0.02822222222222222