2 0.11529687500000001 0.2759583333333333 0.0347265625 0.06747222222222223
5 0.8735234374999999 0.6522916666666666 0.059687500000000004 0.2152638888888889
6 0.3409609375 0.3465833333333333 0.049960937500000004 0.16356944444444443
5 0.663859375 0.47712499999999997 0.0667578125 0.21115277777777777
5 0.5572890625 0.6557499999999999 0.06490625 0.21172222222222223
5 0.35264843749999997 0.57075 0.062210937499999994 0.22972222222222222
5 0.26770312500000004 0.5389583333333333 0.059335937500000005 0.21266666666666667
5 0.5018281250000001 0.5007916666666666 0.0536953125 0.19840277777777776
5 0.6364765625000001 0.709486111111111 0.068140625 0.25059722222222225
0 0.086015625 0.2119861111111111 0.050570312500000006 0.15543055555555554
7 0.0528359375 0.06593055555555555 0.037203125 0.1300138888888889
5 0.22317187500000002 0.5294444444444444 0.0500859375 0.21754166666666666
6 0.520421875 0.7753749999999999 0.05425 0.1922361111111111
5 0.9052187500000001 0.4949722222222222 0.06559374999999999 0.19381944444444446
5 0.24671875000000001 0.529 0.06265625 0.20841666666666667