6 0.3364453125 0.34380555555555553 0.06735156249999999 0.17493055555555556
5 0.8696249999999999 0.6600138888888889 0.0748515625 0.20676388888888889
0 0.10882812500000001 0.21509722222222222 0.050890625 0.16626388888888888
5 0.6262578125 0.7005972222222222 0.0761484375 0.2398472222222222
5 0.8860390625000001 0.49951388888888887 0.055398437499999995 0.19545833333333332
5 0.543578125 0.662875 0.0506484375 0.23131944444444447
5 0.3516328125 0.5604861111111111 0.066125 0.22845833333333335
5 0.5035078125 0.49547222222222226 0.0503671875 0.20120833333333335
5 0.6403828125000001 0.4811388888888889 0.066859375 0.22705555555555554
5 0.2694921875 0.5340833333333334 0.0585546875 0.19476388888888888
7 0.07396875 0.06702777777777777 0.0329140625 0.13405555555555554
2 0.13486718749999999 0.2740138888888889 0.03303125 0.07126388888888889
6 0.510796875 0.7706944444444445 0.06096875 0.19015277777777778
5 0.23428906249999998 0.5183472222222222 0.0526640625 0.20912499999999998
1 0.6257578125000001 0.34691666666666665 0.015234375 0.027180555555555555