5 0.83753125 0.4087222222222222 0.050062499999999996 0.22486111111111112
6 0.70359375 0.8711388888888889 0.0616953125 0.25772222222222224
6 0.0836171875 0.5575416666666667 0.0457109375 0.22312500000000002
6 0.6526640625 0.26175000000000004 0.051851562500000004 0.1932638888888889
5 0.7068359375 0.42456944444444444 0.0759140625 0.19481944444444446
5 0.68653125 0.5735 0.05923437499999999 0.22415277777777776
5 0.7589609375 0.7338749999999999 0.0474296875 0.19615277777777776
5 0.4106875 0.6145138888888889 0.0466875 0.2598888888888889
5 0.2436171875 0.6091666666666667 0.049734375 0.2677222222222222
5 0.14409375 0.7793611111111111 0.065984375 0.25934722222222223
5 0.33996875000000004 0.8063750000000001 0.05840625000000001 0.29793055555555553
2 0.297953125 0.24662499999999998 0.0350078125 0.07658333333333334
7 0.242484375 0.03943055555555556 0.028367187500000002 0.07884722222222222
7 0.030226562499999998 0.082 0.0465625 0.11769444444444443
5 0.44035156249999996 0.33655555555555555 0.0515859375 0.20395833333333332
5 0.4161171875 0.23880555555555555 0.054453125000000005 0.19058333333333333
0 0.24828423394097224 0.13853925540123468 0.2950100368923611 0.0881980613425927 0.29682752821180564 0.20936414930555555 0.2515530056423611 0.267771026234568
1 0.8043125 0.47830555555555554 0.014875 0.02745833333333333
3 0.804359375 0.4908194444444444 0.01059375 0.008861111111111111