0 0.31521943573667716 0.17169444444444446 0.04393416927899687 0.13969444444444445
5 0.49083072100313474 0.40402777777777776 0.06641065830721003 0.1867222222222222
5 0.8106896551724139 0.3948611111111111 0.04001567398119123 0.20247222222222222
5 0.2980721003134796 0.5781944444444445 0.058840125391849525 0.2651388888888889
6 0.7259717868338558 0.7436388888888888 0.05211598746081505 0.1731111111111111
6 0.06509404388714733 0.5835833333333333 0.05942006269592476 0.24158333333333332
5 0.6103918495297805 0.5110277777777777 0.05379310344827586 0.24075
7 0.0988244514106583 0.07644444444444444 0.04133228840125392 0.0801388888888889
5 0.5456112852664577 0.3278888888888889 0.06369905956112852 0.1887222222222222
7 0.28032915360501565 0.026027777777777775 0.0391692789968652 0.05202777777777778
5 0.4521003134796238 0.4845833333333333 0.057115987460815046 0.2554444444444444
5 0.33786833855799375 0.6684166666666667 0.04866771159874608 0.2807222222222222
2 0.3412382445141066 0.2548888888888889 0.04053291536050157 0.07738888888888888
5 0.3712382445141066 0.4376388888888889 0.05280564263322884 0.22308333333333333
5 0.391128526645768 0.39736111111111116 0.05034482758620689 0.23433333333333334
6 0.6507523510971787 0.3168611111111111 0.04349529780564263 0.17477777777777778