5 0.514140625 0.3792361111111111 0.076875 0.19184722222222222
5 0.030093750000000002 0.6989583333333333 0.0601953125 0.28894444444444445
5 0.68634375 0.6448611111111111 0.10311718750000001 0.22415277777777776
0 0.6978984374999999 0.18830555555555556 0.0633046875 0.19452777777777777
5 0.330484375 0.7723472222222223 0.100609375 0.22644444444444442
1 0.6556953125 0.7536666666666666 0.0206640625 0.03193055555555555
7 0.9583671875 0.08765277777777777 0.045328125000000004 0.12736111111111112
7 0.7315234375 0.033819444444444444 0.0360625 0.06513888888888889
2 0.6695 0.26006944444444446 0.041007812500000004 0.07866666666666666
5 0.8850625000000001 0.5654305555555555 0.11870312499999999 0.2316111111111111
6 0.3774140625 0.900236111111111 0.0726953125 0.1995138888888889