6 0.47308593749999994 0.7191666666666666 0.051546875000000006 0.1867916666666667
5 0.5739140625 0.4833888888888889 0.0589609375 0.17723611111111112
5 0.6675703125 0.48172222222222216 0.045453125 0.197625
6 0.35621875 0.3173888888888889 0.034546875 0.1516388888888889
6 0.8618593750000001 0.3175 0.04246875 0.15991666666666668
5 0.49191406249999997 0.35281944444444446 0.0413515625 0.18883333333333335
5 0.3676171875 0.5124861111111111 0.054429687500000004 0.2038333333333333
7 0.16978125 0.12638888888888888 0.0388984375 0.09613888888888888
5 0.53271875 0.4490833333333333 0.0484453125 0.2132777777777778
5 0.5821953125 0.3472361111111111 0.033890625 0.14076388888888888
5 0.727140625 0.46609722222222216 0.058734375000000005 0.18297222222222223
0 0.361015625 0.1935138888888889 0.0397109375 0.1355972222222222
7 0.335984375 0.07280555555555555 0.028414062499999997 0.11891666666666667
5 0.41425 0.5030694444444445 0.0513671875 0.1929861111111111
2 0.383296875 0.24641666666666664 0.0323515625 0.059930555555555556
5 0.5778046875 0.2609166666666667 0.030265625 0.12930555555555553
1 0.6646484375 0.4777222222222222 0.010203125 0.02365277777777778