5 0.2179921875 0.6648055555555555 0.0723203125 0.22923611111111114
6 0.397203125 0.724125 0.061765625000000005 0.196375
5 0.2578984375 0.4402083333333333 0.0428984375 0.1857638888888889
2 0.3027265625 0.2397638888888889 0.024984375 0.05536111111111111
5 0.5494687500000001 0.4884583333333333 0.055578125 0.21473611111111113
5 0.373515625 0.5776666666666667 0.061968749999999996 0.20081944444444444
0 0.28438281249999997 0.18536111111111112 0.033890625 0.14623611111111112
5 0.46001562500000004 0.3635555555555555 0.035546875 0.16475
5 0.7268984374999999 0.6267638888888889 0.060125 0.19498611111111108
7 0.08159374999999999 0.10588888888888888 0.032875 0.08616666666666667
1 0.6935234375 0.6954166666666667 0.017734375 0.03193055555555555
5 0.316046875 0.42194444444444446 0.048546875 0.1848888888888889
5 0.7891250000000001 0.6152083333333334 0.066515625 0.18708333333333332
6 0.877578125 0.2954583333333333 0.030640624999999998 0.15765277777777778
7 0.2534453125 0.05469444444444445 0.0228046875 0.10940277777777777
5 0.7711406249999999 0.5635 0.0591328125 0.22472222222222224
5 0.5294765625 0.2700138888888889 0.0404609375 0.14215277777777777