6 0.3985546875 0.7197916666666667 0.058546875 0.19184722222222222
5 0.43584375 0.36025 0.0556640625 0.1677638888888889
5 0.24578906250000002 0.6560138888888889 0.0490078125 0.24143055555555556
5 0.3876953125 0.5836111111111111 0.063796875 0.21631944444444445
0 0.2761171875 0.17993055555555557 0.03790625 0.1502638888888889
5 0.7591953124999999 0.5506666666666666 0.0581953125 0.1987361111111111
7 0.07664062499999999 0.10684722222222223 0.03675 0.0927638888888889
6 0.8637734375000001 0.29691666666666666 0.036117187499999995 0.16405555555555557
5 0.31296875 0.42020833333333335 0.053968749999999996 0.17901388888888886
5 0.54603125 0.4736111111111111 0.053140625 0.2095972222222222
5 0.274234375 0.43234722222222227 0.044265624999999996 0.1630138888888889
5 0.8048671875 0.6097361111111111 0.091234375 0.17733333333333334
5 0.8202421875000001 0.5755694444444445 0.08671875 0.15731944444444443
7 0.2957109375 0.23575000000000002 0.032390625 0.06126388888888889
5 0.479328125 0.26105555555555554 0.033765625 0.1452361111111111
7 0.24867187500000001 0.05266666666666667 0.020859375 0.10534722222222222
1 0.7953125 0.610111111111111 0.0198046875 0.035236111111111114