5 0.6230721003134796 0.65325 0.1002037617554859 0.23805555555555558
6 0.7914733542319748 0.7347777777777778 0.07642633228840125 0.2155
5 0.07081504702194358 0.5636666666666666 0.07653605015673981 0.2431388888888889
0 0.12315047021943573 0.12322222222222222 0.045987460815047024 0.17069444444444445
5 0.391128526645768 0.32613888888888887 0.03874608150470219 0.21600000000000003
5 0.44332288401253916 0.26508333333333334 0.03932601880877743 0.19555555555555557
5 0.6786833855799373 0.32769444444444445 0.05467084639498433 0.1881388888888889
5 0.5845454545454546 0.3731666666666667 0.039231974921630094 0.21022222222222225
5 0.1534169278996865 0.33075 0.04695924764890282 0.22041666666666665
5 0.7408934169278997 0.6998888888888889 0.05440438871473354 0.23816666666666667
1 0.7147962382445141 0.7057222222222223 0.017241379310344827 0.033694444444444444
5 0.1907523510971787 0.28330555555555553 0.04184952978056426 0.1963611111111111
2 0.1472257053291536 0.1931111111111111 0.029843260188087774 0.067