5 0.6126959247648902 0.4931388888888889 0.017021943573667712 0.07125
5 0.6974764890282131 0.4805833333333333 0.02233542319749216 0.06169444444444445
5 0.38094043887147333 0.5555833333333333 0.018448275862068965 0.0763611111111111
5 0.6454545454545455 0.5061388888888889 0.018793103448275863 0.07616666666666667
5 0.6876489028213166 0.5333888888888889 0.015078369905956112 0.07922222222222222
5 0.49156739811912226 0.5604166666666667 0.020893416927899686 0.08461111111111111
5 0.42043887147335424 0.5080833333333333 0.01763322884012539 0.07411111111111111
5 0.4034326018808777 0.54425 0.01907523510971787 0.05227777777777778
5 0.5152351097178683 0.49561111111111106 0.023244514106583073 0.07094444444444445
6 0.5681347962382446 0.44869444444444445 0.01592476489028213 0.06408333333333334
6 0.7844670846394984 0.5389722222222222 0.013808777429467085 0.06341666666666666
5 0.7708934169278997 0.4810833333333333 0.01799373040752351 0.08055555555555556
2 0.7454545454545455 0.4459166666666667 0.016175548589341695 0.03194444444444444
2 0.2125548589341693 0.4480555555555556 0.014858934169278998 0.026555555555555558
6 0.42446708463949845 0.5869444444444445 0.014796238244514107 0.048277777777777774