5 0.667359375 0.4814583333333333 0.045429687499999996 0.19931944444444444
6 0.357015625 0.316875 0.033695312500000005 0.14706944444444445
5 0.5324140625 0.4480555555555556 0.0468984375 0.20706944444444444
6 0.4732265625 0.7208611111111111 0.050875000000000004 0.19444444444444445
5 0.49331250000000004 0.35211111111111115 0.04159375 0.18375000000000002
7 0.169421875 0.1255138888888889 0.0422890625 0.09941666666666667
5 0.7243046875 0.4620416666666667 0.061140625000000004 0.18394444444444444
6 0.8617265625 0.3166111111111111 0.04215625 0.1602361111111111
5 0.372515625 0.513875 0.066203125 0.20626388888888889
5 0.571359375 0.4759722222222222 0.0536328125 0.16759722222222223
5 0.5805625 0.35047222222222224 0.0343046875 0.13931944444444444
0 0.3607421875 0.1961111111111111 0.0360859375 0.14258333333333334
5 0.4122734375 0.49890277777777775 0.053734375 0.19015277777777778
7 0.336125 0.07305555555555555 0.0283125 0.11979166666666667
1 0.6638828125 0.47687500000000005 0.010437499999999999 0.02334722222222222
5 0.5715859375 0.26908333333333334 0.023554687499999998 0.13897222222222222
2 0.3841796875 0.24834722222222222 0.028359375 0.05166666666666667