5 0.8851953124999999 0.6678888888888889 0.0701640625 0.1977361111111111
5 0.67775 0.7067638888888889 0.1054453125 0.25205555555555553
5 0.3463359375 0.5783611111111111 0.0916015625 0.2296111111111111
5 0.21678906250000002 0.5266527777777777 0.06490625 0.203375
5 0.5785390625 0.6752777777777778 0.057437499999999996 0.24956944444444445
5 0.6738125 0.48144444444444445 0.04940625 0.20684722222222224
5 0.926578125 0.5085694444444445 0.06398437500000001 0.2287638888888889
5 0.489953125 0.4999166666666667 0.060804687499999996 0.2010972222222222
6 0.3479921875 0.3421388888888889 0.0606015625 0.17129166666666668
2 0.0725546875 0.27175 0.037617187499999996 0.06230555555555555
5 0.5477109375 0.7745277777777777 0.0647109375 0.18755555555555553
5 0.2659609375 0.5305277777777778 0.06415625 0.21130555555555552
0 0.040875 0.207125 0.050765625 0.1604861111111111
7 0.0140078125 0.06416666666666668 0.0237890625 0.12036111111111111