5 0.7606426332288402 0.4748055555555556 0.045031347962382444 0.19869444444444445
6 0.6361128526645767 0.6729444444444445 0.05128526645768025 0.20627777777777778
6 0.6201880877742947 0.29808333333333337 0.03858934169278997 0.1645
5 0.6386363636363637 0.4744444444444445 0.07189655172413793 0.15763888888888888
5 0.4207680250783699 0.2846111111111111 0.036912225705329156 0.17527777777777778
5 0.29989028213166147 0.36811111111111117 0.03391849529780564 0.1651388888888889
5 0.24148902821316615 0.5415277777777777 0.04330721003134796 0.18163888888888888
5 0.33722570532915364 0.5081388888888889 0.04876175548589341 0.19855555555555557
5 0.16032915360501568 0.54725 0.04025078369905956 0.20333333333333334
5 0.4073981191222571 0.34730555555555553 0.030924764890282133 0.1468611111111111
5 0.3312225705329154 0.3675833333333334 0.03813479623824451 0.14577777777777776
2 0.2986206896551724 0.24044444444444446 0.03435736677115988 0.06061111111111111
5 0.10938871473354234 0.5926111111111111 0.05927899686520376 0.20938888888888887
6 0.06504702194357367 0.5194166666666666 0.04163009404388714 0.19825
0 0.2582799509336241 0.26328502415458943 0.2544386542524193 0.143653759057971 0.2932802064876653 0.10824747131642513 0.29726259029576124 0.2229534646739131
1 0.7507993730407523 0.46397222222222223 0.008808777429467085 0.024055555555555556