5 0.2676171875 0.7120833333333334 0.06118749999999999 0.2497638888888889
5 0.432453125 0.7751527777777778 0.0817421875 0.22695833333333332
5 0.4375078125 0.559 0.051007812500000006 0.22090277777777778
5 0.232921875 0.5101666666666667 0.0638046875 0.23577777777777775
5 0.9309609375000001 0.4878472222222222 0.0771484375 0.19744444444444445
6 0.5851875 0.7883055555555556 0.0754453125 0.19729166666666667
5 0.649453125 0.33958333333333335 0.0779765625 0.15130555555555555
5 0.14171875 0.6199583333333334 0.07359375 0.22940277777777776
5 0.470296875 0.38695833333333335 0.051796875 0.17180555555555557
6 0.27149999999999996 0.31880555555555556 0.05234375 0.18344444444444447
5 0.7408828125 0.6474027777777778 0.05541406250000001 0.23441666666666666
1 0.7052265625 0.7203194444444444 0.01471875 0.03248611111111111
3 0.70528125 0.7349166666666667 0.0109765625 0.010166666666666668