5 0.28807031250000004 0.6243055555555556 0.052125 0.27873611111111113
5 0.9630000000000001 0.5922361111111112 0.07097656249999999 0.29704166666666665
5 0.6349296875 0.6396666666666667 0.078265625 0.26437499999999997
5 0.7557343750000001 0.38093055555555555 0.058234375000000005 0.21936111111111112
5 0.9791640625 0.7885277777777778 0.04009375 0.31281944444444443
0 0.25389062500000004 0.19240277777777778 0.042890625 0.15030555555555555
5 0.4624453125 0.5030416666666666 0.0802109375 0.20416666666666666
6 0.6599140625000001 0.8793472222222222 0.066109375 0.24130555555555558
5 0.24104687500000002 0.4327916666666667 0.058421875 0.26702777777777775
5 0.42888281250000004 0.43844444444444447 0.0486875 0.23191666666666666
6 0.310203125 0.3092222222222222 0.0444765625 0.1989861111111111
5 0.982796875 0.4171666666666667 0.034398437500000004 0.17845833333333336
7 0.22228124999999999 0.04738888888888888 0.0374140625 0.09479166666666666
7 0.0080390625 0.08094444444444444 0.016078125 0.11859722222222223
2 0.2869921875 0.2492638888888889 0.036296875 0.08023611111111112