5 0.4414576802507837 0.5898611111111111 0.060250783699059555 0.2534166666666667
6 0.3193573667711599 0.512 0.05278996865203762 0.25194444444444447
5 0.5520846394984327 0.5591388888888889 0.0631974921630094 0.24286111111111114
5 0.7988557993730407 0.7116388888888889 0.05291536050156739 0.15133333333333332
0 0.2833385579937304 0.27847222222222223 0.058463949843260185 0.18955555555555553
6 0.2767868338557994 0.8910277777777778 0.08136363636363636 0.21394444444444444
8 0.09302507836990596 0.9651111111111111 0.07827586206896552 0.06922222222222223
5 0.7109090909090909 0.5847777777777778 0.0535423197492163 0.29447222222222225
2 0.32142633228840123 0.36247222222222225 0.03396551724137931 0.08575
1 0.3444200626959248 0.7345 0.015830721003134797 0.03244444444444444
7 0.015846394984326016 0.23866666666666667 0.03037617554858934 0.10661111111111111
8 0.034388714733542325 0.9376944444444444 0.06877742946708465 0.12463888888888888
8 0.1534169278996865 0.9683611111111111 0.05393416927899686 0.06325
7 0.2393887147335423 0.04702777777777778 0.03717868338557993 0.09402777777777778