7 0.564717868338558 0.15294444444444444 0.059075235109717864 0.13180555555555556
2 0.563526645768025 0.42527777777777775 0.03675548589341693 0.06705555555555556
5 0.6806896551724138 0.7349166666666667 0.09675548589341693 0.2658055555555556
0 0.5617868338557994 0.34894444444444445 0.14683385579937305 0.13919444444444445
5 0.1865830721003135 0.7119444444444445 0.07115987460815047 0.29586111111111113
5 0.9194514106583073 0.7235833333333334 0.056159874608150466 0.22008333333333335
5 0.8045924764890283 0.7031944444444445 0.06587774294670846 0.2711388888888889
5 0.8648902821316614 0.6951111111111111 0.06567398119122257 0.28633333333333333
5 0.6101724137931035 0.7242500000000001 0.07308777429467085 0.2890833333333333
5 0.4153134796238245 0.7250833333333333 0.0564576802507837 0.24730555555555556
5 0.3353448275862069 0.73025 0.09664576802507836 0.25516666666666665
1 0.7366771159874609 0.7004830917874396 0.7343451853618647 0.7133010643115945 0.7365067466266868 0.7247225996376813 0.74268263595475 0.7293789628623191 0.7487067900708737 0.7296525890700486 0.752723780155377 0.7232506793478264 0.7551941358866022 0.7171271135265703 0.7562775785402753 0.7104468599033817 0.7558064007768844 0.7034882623792272 0.7509375638885104 0.700148135567633 0.746696964017991 0.6970863526570048 0.7427704826563991 0.6965296648550725