6 0.59040625 0.793125 0.0889921875 0.19697222222222222
5 0.749578125 0.6605694444444444 0.07684375 0.23877777777777776
5 0.929734375 0.5343194444444445 0.078703125 0.21743055555555557
5 0.4516171875 0.7857500000000001 0.0907265625 0.23329166666666667
5 0.345296875 0.3848333333333333 0.04796875 0.18266666666666667
5 0.0503046875 0.5403055555555555 0.0631796875 0.2314861111111111
5 0.6170703125 0.3467777777777778 0.0571328125 0.1672361111111111
6 0.1887421875 0.343 0.061140625000000004 0.16047222222222224
5 0.29953124999999997 0.7246111111111111 0.0819375 0.23723611111111112
5 0.3014140625 0.5235000000000001 0.0572265625 0.1849861111111111
1 0.69428125 0.6950555555555555 0.016492187499999998 0.029513888888888888
8 0.9154765625 0.31027777777777776 0.049984375 0.17366666666666666