5 0.9583281250000001 0.7774861111111111 0.07811718749999999 0.2710138888888889
5 0.5909609375 0.8227222222222222 0.080234375 0.21641666666666665
5 0.5956328125 0.6618611111111111 0.04196875 0.2095138888888889
5 0.6619609375 0.41037500000000005 0.0615 0.20347222222222222
6 0.020398437499999998 0.7185277777777779 0.040796874999999996 0.2117361111111111
5 0.5180625 0.46652777777777776 0.07846093750000001 0.1861388888888889
5 0.5770078125 0.3989027777777778 0.05953125 0.17744444444444446
6 0.61034375 0.3274861111111111 0.0605625 0.16115277777777778
5 0.1835 0.6327777777777778 0.0791796875 0.21
5 0.19640625 0.5287916666666667 0.082875 0.193375
7 0.1171640625 0.09038888888888888 0.032945312500000004 0.0943611111111111
2 0.17250000000000001 0.2972361111111111 0.0295859375 0.06761111111111111
0 0.1267361111111111 0.205246913580247 0.1662665473090278 0.16119912229938269 0.1712917751736111 0.26549238040123474 0.13054402669270834 0.31024546682098775
1 0.24582031249999997 0.7194166666666667 0.01571875 0.028916666666666667
3 0.2463125 0.7337777777777779 0.011203125 0.011097222222222222