5 0.24695312500000002 0.4212916666666666 0.044390625 0.13745833333333332
5 0.31749218749999997 0.5565972222222222 0.040031250000000004 0.17301388888888888
5 0.347328125 0.7055416666666667 0.036109375 0.20380555555555557
5 0.5759218749999999 0.7464027777777777 0.0388671875 0.1893888888888889
5 0.66721875 0.5694722222222222 0.051976562500000004 0.15818055555555555
5 0.5397421875 0.5620277777777778 0.0458359375 0.160375
5 0.49684375000000003 0.566 0.0501796875 0.13627777777777778
5 0.4839296875 0.37274999999999997 0.02915625 0.14722222222222223
5 0.5662499999999999 0.3056388888888889 0.026734374999999998 0.13691666666666666
5 0.70365625 0.3764166666666666 0.0226875 0.12463888888888888
7 0.722828125 0.15466666666666667 0.0213828125 0.11701388888888889
5 0.841796875 0.6791944444444444 0.033359375000000004 0.18956944444444446
7 0.872671875 0.20558333333333334 0.028999999999999998 0.07784722222222222
0 0.70034375 0.27015277777777774 0.0316953125 0.14073611111111112
2 0.679265625 0.31266666666666665 0.023195312500000002 0.05268055555555556
5 0.12684375 0.3416666666666667 0.0229140625 0.12777777777777777
5 0.15025 0.3930277777777778 0.02521875 0.10869444444444445
1 0.1499453125 0.45594444444444443 0.011515625 0.01977777777777778
3 0.1500078125 0.4672777777777778 0.0087734375 0.005111111111111111