6 0.39425 0.7903888888888889 0.063890625 0.23318055555555553
5 0.269953125 0.6459583333333333 0.07796875 0.23663888888888887
5 0.8721171875 0.6644861111111111 0.059429687499999995 0.1832222222222222
5 0.3616328125 0.7038888888888889 0.097921875 0.2185277777777778
0 0.2510703125 0.20199999999999999 0.050515624999999995 0.17026388888888888
2 0.277609375 0.2688611111111111 0.030570312500000002 0.06344444444444444
5 0.6450234375 0.5128472222222222 0.072390625 0.2323472222222222
5 0.372015625 0.5110972222222222 0.06665625 0.21808333333333335
5 0.442265625 0.5033194444444444 0.05728124999999999 0.18869444444444447
5 0.35759375000000004 0.4109722222222222 0.0414765625 0.16695833333333332
5 0.2999921875 0.4703611111111111 0.0625625 0.20080555555555557
7 0.2216953125 0.06591666666666667 0.0388359375 0.12940277777777778
5 0.40179687499999994 0.42763888888888885 0.041171875000000004 0.18386111111111111
7 0.011882812500000001 0.1300138888888889 0.023765625000000002 0.12729166666666666
6 0.18234375 0.37354166666666666 0.0396171875 0.184375