5 0.4327429467084639 0.5468333333333334 0.03620689655172414 0.19449999999999998
5 0.30115987460815047 0.5299444444444444 0.048510971786833855 0.1607777777777778
5 0.49898119122257056 0.6320833333333333 0.04915360501567398 0.15458333333333332
0 0.75858934169279 0.2076666666666667 0.033589341692789966 0.12202777777777778
5 0.44333855799373045 0.33416666666666667 0.029608150470219436 0.16866666666666666
5 0.3767398119122257 0.5564166666666667 0.04481191222570533 0.16997222222222222
5 0.6870689655172414 0.3895555555555556 0.03010971786833856 0.18644444444444447
5 0.5122884012539185 0.37150000000000005 0.03278996865203762 0.1525
6 0.18308777429467085 0.6749722222222222 0.04550156739811912 0.17980555555555558
5 0.6478526645768025 0.3620833333333333 0.03452978056426333 0.18050000000000002
7 0.7850470219435737 0.08363888888888889 0.028009404388714736 0.12644444444444444
6 0.9651880877742947 0.5348055555555555 0.04231974921630094 0.1876944444444444
6 0.4675235109717868 0.3076111111111111 0.03703761755485893 0.14780555555555555
5 0.3670689655172414 0.46227777777777773 0.03297805642633229 0.11855555555555555
5 0.5297648902821317 0.4714722222222222 0.04963949843260188 0.17794444444444446
7 0.9260344827586207 0.19244444444444445 0.03133228840125392 0.07991666666666666
2 0.7363166144200627 0.2589722222222222 0.030705329153605014 0.05816666666666667