6 0.24430468749999998 0.28029166666666666 0.0493671875 0.15009722222222222
5 0.17803906249999998 0.7747361111111111 0.0904609375 0.24081944444444442
5 0.2708125 0.67075 0.08154687499999999 0.2303888888888889
6 0.94284375 0.3082083333333333 0.045414062500000005 0.16579166666666667
6 0.5911484375 0.8137083333333334 0.1024375 0.22619444444444448
5 0.8050078125000001 0.5943333333333334 0.09959375000000001 0.2411388888888889
5 0.8387890625000001 0.37416666666666665 0.063 0.17426388888888888
5 0.3221484375 0.5624444444444444 0.044937500000000005 0.20513888888888887
5 0.485046875 0.39384722222222224 0.0420625 0.192
5 0.6460546875000001 0.7098055555555556 0.0421015625 0.2405972222222222
5 0.5156875000000001 0.5070972222222222 0.095359375 0.2111111111111111
5 0.577640625 0.26881944444444444 0.045914062500000005 0.17344444444444443
5 0.563203125 0.2987361111111111 0.0638984375 0.17772222222222223
1 0.782171875 0.4583333333333333 0.013109375000000001 0.022777777777777775
3 0.781921875 0.47 0.0100546875 0.006486111111111111