5 0.6483359375 0.5050555555555556 0.09325781250000001 0.18519444444444444
6 0.43734375 0.7578194444444445 0.0551640625 0.20358333333333334
0 0.3579609375 0.20480555555555557 0.0365 0.1521111111111111
5 0.2970859375 0.7144305555555556 0.0671171875 0.20983333333333334
5 0.5813515625 0.5545555555555555 0.0636328125 0.17806944444444445
5 0.3587265625 0.6010694444444444 0.050453125 0.2374722222222222
5 0.515953125 0.57325 0.0562734375 0.20458333333333334
5 0.47175 0.5189444444444444 0.05965625 0.1986388888888889
5 0.7350859375 0.3419027777777778 0.06834375000000001 0.16988888888888887
7 0.148125 0.11913888888888889 0.0356953125 0.08911111111111111
5 0.62446875 0.40980555555555553 0.047875 0.163875
2 0.37732031250000003 0.2601805555555556 0.0371796875 0.06179166666666667
5 0.3105546875 0.577875 0.0616328125 0.22369444444444445
7 0.3280078125 0.0639861111111111 0.0298203125 0.12445833333333334
6 0.3316328125 0.3123888888888889 0.034796875 0.13359722222222223
6 0.9740078125 0.33770833333333333 0.050375 0.17790277777777777
5 0.3575859375 0.45751388888888894 0.034835937500000004 0.12613888888888888
1 0.5054375 0.4875277777777777 0.018921874999999998 0.035166666666666666