5 0.2099921875 0.6569444444444444 0.060257812499999994 0.22955555555555557
5 0.7119375 0.6265694444444444 0.0567890625 0.19727777777777777
5 0.36959375 0.5795972222222222 0.05915625 0.20169444444444445
6 0.3986640625 0.7227361111111111 0.0633671875 0.19658333333333333
5 0.4690703125 0.36906944444444445 0.0445625 0.16143055555555555
5 0.256890625 0.4493333333333333 0.0446171875 0.18172222222222223
7 0.0834609375 0.10415277777777777 0.035625000000000004 0.084125
5 0.5491875 0.49895833333333334 0.057109375 0.22147222222222224
0 0.285796875 0.1838888888888889 0.033734375 0.14500000000000002
2 0.3053125 0.24168055555555554 0.026218750000000002 0.06391666666666668
5 0.7599609375 0.5669583333333333 0.04428125 0.23172222222222222
6 0.8792421875 0.2977777777777778 0.036640624999999996 0.16656944444444446
5 0.31960937500000003 0.43022222222222223 0.044210937500000005 0.17766666666666667
1 0.683921875 0.6695416666666667 0.0171015625 0.02861111111111111
5 0.5425390625000001 0.2718888888888889 0.0396640625 0.14941666666666667
7 0.2544765625 0.064125 0.0233984375 0.11997222222222222
5 0.7840234374999999 0.6303888888888889 0.0727421875 0.19133333333333333