5 0.266625 0.6592777777777777 0.06316406249999999 0.23308333333333334
6 0.3971328125 0.7229444444444444 0.058835937500000005 0.18690277777777778
0 0.275484375 0.18272222222222223 0.0426328125 0.15411111111111112
5 0.8362187499999999 0.5823055555555555 0.084671875 0.1963611111111111
5 0.40085156250000004 0.5858749999999999 0.06778125 0.20377777777777778
7 0.0760625 0.10530555555555554 0.0372734375 0.08427777777777777
5 0.2862265625 0.4310555555555556 0.0496328125 0.18069444444444444
5 0.42447656250000004 0.3558888888888889 0.042765625 0.16079166666666667
5 0.540234375 0.46365277777777775 0.0542578125 0.22116666666666668
6 0.8627343749999999 0.2981666666666667 0.0348671875 0.1657361111111111
2 0.2993515625 0.2396527777777778 0.025687500000000002 0.05580555555555555
5 0.4505078125 0.27443055555555557 0.0408828125 0.14020833333333332
5 0.307859375 0.4117777777777778 0.0524296875 0.18770833333333334
3 0.815046875 0.6910277777777778 0.0087734375 0.007972222222222223
7 0.24807031249999997 0.052083333333333336 0.02146875 0.10416666666666667
5 0.8110156249999999 0.5708888888888889 0.03765625 0.18344444444444447
5 0.75215625 0.5621388888888889 0.059750000000000004 0.23406944444444444
1 0.8141718750000001 0.6768194444444444 0.015742187499999998 0.028444444444444446