5 0.253625 0.7324305555555556 0.07053125 0.2517361111111111
5 0.68409375 0.6383611111111112 0.055265625 0.24791666666666667
6 0.6306796875 0.7768194444444444 0.054460937499999994 0.19719444444444442
5 0.81871875 0.5025138888888889 0.0900390625 0.21794444444444444
5 0.43822656249999997 0.5692083333333333 0.061328125 0.241125
6 0.059726562500000004 0.3506666666666666 0.060125 0.19094444444444442
5 0.49119531250000004 0.7151944444444445 0.065078125 0.27455555555555555
5 0.0187734375 0.4374444444444444 0.035328125 0.22425
5 0.5485859375000001 0.516 0.062734375 0.2442638888888889
5 0.643234375 0.47020833333333334 0.0589375 0.19749999999999998
5 0.3987265625 0.5059583333333334 0.0643046875 0.23915277777777777