6 0.3990703125 0.719 0.055125 0.19247222222222224
5 0.221390625 0.6581388888888889 0.0668125 0.23319444444444445
5 0.37829687500000003 0.5780416666666667 0.05728124999999999 0.22143055555555557
5 0.44746874999999997 0.36318055555555556 0.04065625 0.15691666666666668
5 0.26661718749999996 0.4377083333333333 0.0408359375 0.17619444444444443
0 0.2758359375 0.18034722222222221 0.0361015625 0.14994444444444444
7 0.07388281249999999 0.10945833333333334 0.03315625 0.09256944444444445
5 0.30946093750000003 0.4199583333333333 0.057351562499999995 0.1775138888888889
5 0.49674218750000004 0.26430555555555557 0.0566796875 0.15594444444444444
6 0.8682421874999999 0.2990555555555555 0.033640625 0.16131944444444446
5 0.7933671875 0.6112777777777778 0.0721640625 0.1947777777777778
5 0.5506328125 0.4898194444444445 0.0608515625 0.22091666666666668
2 0.299109375 0.23705555555555557 0.035890624999999995 0.06527777777777778
5 0.769359375 0.5152222222222222 0.0475625 0.12331944444444445
5 0.762984375 0.61625 0.069453125 0.2051527777777778
6 0.25984375000000004 0.27902777777777776 0.0322578125 0.1515138888888889
7 0.24964843750000001 0.05566666666666666 0.023 0.11133333333333333
1 0.7414375 0.606625 0.018664062500000002 0.03673611111111111