7 0.01796875 0.08433333333333333 0.0359296875 0.131625
7 0.23039843750000003 0.03438888888888889 0.038921875 0.06877777777777778
2 0.29075 0.25280555555555556 0.038093749999999996 0.07968055555555555
6 0.43596874999999996 0.8873472222222222 0.057703125 0.22530555555555556
6 0.69290625 0.2881944444444444 0.0479375 0.19677777777777777
5 0.8081406250000001 0.3700277777777778 0.04684375 0.22152777777777777
5 0.646671875 0.43222222222222223 0.0780625 0.21320833333333333
5 0.4198359375 0.36666666666666664 0.065671875 0.20863888888888887
5 0.4903046875 0.8186805555555556 0.09171875 0.2453888888888889
5 0.42407812500000003 0.6004166666666667 0.092953125 0.21318055555555557
5 0.37184375 0.5155972222222223 0.0718125 0.26511111111111113
5 0.4358671875 0.25504166666666667 0.062703125 0.1860138888888889
0 0.23871527777777782 0.14043209876543214 0.2857394748263889 0.08877073688271607 0.2889234754774306 0.21741174768518515 0.24113294813368058 0.27774763695987653
5 0.331296875 0.5103472222222222 0.0792578125 0.2151388888888889
5 0.3313203125 0.3809444444444444 0.044578125 0.12609722222222222
5 0.363 0.3922083333333333 0.0367578125 0.07145833333333333
1 0.5629921875 0.8913333333333333 0.0195703125 0.03626388888888889
3 0.5638671875 0.9081944444444444 0.013835937500000001 0.008333333333333333