5 0.673078125 0.63975 0.0935625 0.2632777777777778
5 0.2797421875 0.6377638888888889 0.0577421875 0.296125
6 0.678890625 0.8939999999999999 0.0660390625 0.2120138888888889
5 0.431078125 0.4394583333333334 0.058265625 0.23494444444444443
5 0.776984375 0.3892083333333334 0.082796875 0.22941666666666669
5 0.47765625 0.5138888888888888 0.0910234375 0.2389861111111111
0 0.26008593750000003 0.1754027777777778 0.05532812499999999 0.18331944444444445
6 0.3163125 0.3045555555555556 0.041078125 0.20819444444444446
5 0.9865 0.46149999999999997 0.026992187499999997 0.25122222222222224
7 0.0080390625 0.07413888888888889 0.016078125 0.14827777777777779
7 0.221 0.03929166666666666 0.03875 0.07858333333333332
2 0.2898125 0.24866666666666665 0.041140625 0.08204166666666667
5 0.2319453125 0.4326111111111111 0.058687500000000004 0.26981944444444445