5 0.6940390625 0.557236111111111 0.03765625 0.2375
5 0.27428125 0.5702083333333333 0.04609375 0.19
5 0.8855703125 0.5124583333333333 0.038406249999999996 0.1962916666666667
8 0.8670625 0.6712916666666666 0.0421640625 0.2433611111111111
5 0.401484375 0.4233611111111111 0.037351562500000005 0.1999027777777778
5 0.507515625 0.2949583333333333 0.043789062499999996 0.15340277777777778
5 0.4973515625 0.203375 0.037109375 0.04959722222222222
5 0.46859375 0.36533333333333334 0.04209375 0.17906944444444445
5 0.4306328125 0.31251388888888887 0.037609375 0.16470833333333335
5 0.388390625 0.22409722222222223 0.0401796875 0.16247222222222224
5 0.352140625 0.38740277777777776 0.04803125 0.18751388888888887
5 0.11397656249999999 0.5813472222222222 0.0459453125 0.206625
5 0.18910156250000001 0.7947361111111112 0.05190625 0.23816666666666667
1 0.1477109375 0.6557499999999999 0.016046875 0.023166666666666665
3 0.1478203125 0.6716388888888889 0.0175078125 0.009666666666666667
7 0.934953125 0.09054166666666666 0.0373203125 0.10568055555555556
7 0.7497499999999999 0.049416666666666664 0.0373359375 0.09884722222222223
1 0.7038835797991072 0.14117528521825398 0.704439435686384 0.11893911210317464 0.7052176339285714 0.08837503100198414 0.7394300188337054 0.1344711061507937 0.7393253871372767 0.23995148189484128 0.7023903982979911 0.18712410094246035 0.7039751325334821 0.14370969742063494
2 0.69875 0.22188888888888889 0.035898437500000005 0.06281944444444444