5 0.5310188087774295 0.28733333333333333 0.05125391849529781 0.21933333333333332
6 0.7886677115987462 0.742638888888889 0.057633228840125394 0.18622222222222223
5 0.7872413793103448 0.5963055555555555 0.05628526645768025 0.16152777777777777
5 0.7051724137931034 0.61425 0.05982758620689656 0.20222222222222222
5 0.17037617554858936 0.7448333333333333 0.05887147335423198 0.2658055555555556
2 0.07456112852664577 0.22991666666666666 0.03330721003134796 0.09333333333333334
5 0.49891849529780563 0.44219444444444445 0.049529780564263326 0.19755555555555557
5 0.2531191222570533 0.6413055555555556 0.06056426332288401 0.2381388888888889
5 0.23079937304075235 0.2639166666666667 0.05169278996865203 0.20777777777777778
5 0.39699059561128525 0.4485 0.04164576802507837 0.24233333333333332
5 0.44288401253918497 0.3759166666666667 0.04721003134796238 0.2201111111111111
1 0.8268495297805643 0.6198333333333333 0.01700626959247649 0.025833333333333337
0 0.03815047021943574 0.14447222222222222 0.04713166144200627 0.15994444444444444
5 0.11434169278996865 0.3667222222222222 0.050235109717868334 0.23777777777777775
6 0.4694200626959248 0.2578333333333333 0.04474921630094044 0.2088888888888889