0 0.2526171875 0.20180555555555557 0.049671875 0.1688611111111111
5 0.35647656250000004 0.707486111111111 0.08134375 0.20325000000000001
5 0.2775078125 0.6535555555555556 0.07728125 0.2095972222222222
6 0.390125 0.7874166666666668 0.066671875 0.22141666666666665
5 0.38444531249999997 0.5063888888888889 0.05753125 0.2266111111111111
5 0.8524921875 0.6655694444444444 0.0579921875 0.18129166666666666
5 0.649265625 0.5204861111111111 0.061492187499999997 0.22434722222222223
2 0.278515625 0.2665277777777778 0.0344921875 0.07429166666666667
5 0.356921875 0.42733333333333334 0.045703125 0.18869444444444447
5 0.29812500000000003 0.47211111111111115 0.06391406250000001 0.198625
7 0.2270390625 0.064125 0.0355 0.1255
5 0.44439062500000004 0.5011666666666666 0.05535156249999999 0.19904166666666667
7 0.013507812499999999 0.13254166666666667 0.0270078125 0.136
5 0.3941796875 0.3928055555555555 0.041296875 0.10493055555555555
6 0.1910234375 0.3790416666666667 0.0411171875 0.1886527777777778
6 0.9870546875 0.38302777777777774 0.025890625 0.1862638888888889