5 0.4064890282131661 0.4423611111111111 0.09929467084639498 0.24391666666666667
5 0.6756739811912226 0.5318055555555555 0.10233542319749217 0.2405
5 0.46197492163009407 0.39375 0.08266457680250784 0.2687222222222222
2 0.7900313479623825 0.21636111111111112 0.045830721003134796 0.10155555555555557
5 0.6087304075235109 0.6100833333333333 0.1006269592476489 0.2721388888888889
5 0.38808777429467084 0.9565555555555556 0.0968025078369906 0.08419444444444445
6 0.9067398119122257 0.41550000000000004 0.05525078369905956 0.29719444444444443
5 0.5235736677115987 0.4089166666666667 0.08081504702194357 0.2550277777777778
5 0.47507836990595614 0.6676944444444445 0.07376175548589342 0.25325000000000003
5 0.5570376175548589 0.5621111111111111 0.06733542319749217 0.22569444444444445
0 0.8007359956385445 0.004830917874396137 0.8660593353891236 0.06264624849033816 0.8634958089137251 0.24325841636473428 0.7931758552541912 0.17507831370772944