5 0.082765625 0.3837083333333333 0.09084375 0.21808333333333335
5 0.7393125 0.6334861111111111 0.11325 0.24145833333333333
5 0.9205 0.5441388888888888 0.10882812500000001 0.21316666666666664
5 0.233109375 0.6824166666666667 0.10904687500000002 0.22283333333333333
6 0.497140625 0.7945138888888889 0.0653671875 0.159
5 0.4023203125 0.7384861111111112 0.0926875 0.21288888888888888
2 0.909453125 0.24570833333333333 0.035953125 0.07009722222222223
5 0.5580859375 0.340375 0.06364062499999999 0.16291666666666665
7 0.9733124999999999 0.04079166666666667 0.0391875 0.08156944444444444
0 0.9430781250000001 0.17859722222222224 0.06299218749999999 0.15604166666666666
1 0.660484375 0.6558055555555555 0.019390625 0.03154166666666667
6 0.91309375 0.30995833333333334 0.044351562500000004 0.13244444444444445