5 0.45504702194357366 0.7287777777777779 0.04158307210031348 0.1451111111111111
5 0.5850940438871474 0.6649444444444444 0.04009404388714733 0.18536111111111112
5 0.5663636363636363 0.5326666666666666 0.02783699059561129 0.14172222222222222
5 0.49938871473354235 0.43641666666666673 0.03326018808777429 0.1602777777777778
5 0.7766457680250783 0.64425 0.04322884012539185 0.21316666666666664
5 0.22771159874608152 0.5578055555555556 0.04112852664576802 0.12908333333333333
5 0.3688401253918495 0.5119166666666667 0.04470219435736677 0.14497222222222222
5 0.7239655172413793 0.6784166666666667 0.0488871473354232 0.20983333333333334
6 0.7301880877742947 0.4609166666666667 0.033824451410658304 0.15522222222222223
5 0.5809717868338559 0.4583333333333333 0.03357366771159875 0.13347222222222221
5 0.28231974921630093 0.4755555555555555 0.03827586206896552 0.16352777777777777