5 0.1955390625 0.6574861111111111 0.056171875 0.22680555555555557
0 0.29307812499999997 0.18216666666666667 0.042265625 0.14695833333333333
5 0.6551328125 0.6316666666666667 0.0468203125 0.19625
5 0.4902421875 0.37954166666666667 0.0389609375 0.18948611111111113
6 0.4101875 0.7220277777777778 0.060929687499999996 0.1951111111111111
5 0.5406328125 0.49976388888888884 0.0707890625 0.20636111111111113
5 0.25671875 0.46720833333333334 0.05903125 0.2142777777777778
7 0.09176562499999999 0.1131111111111111 0.0341015625 0.09069444444444444
5 0.36217968749999996 0.5733055555555555 0.0503515625 0.20030555555555554
2 0.3170390625 0.24266666666666667 0.028445312499999997 0.06413888888888888
5 0.321140625 0.44356944444444446 0.053765625 0.1851388888888889
5 0.76084375 0.5847222222222223 0.061617187500000004 0.23538888888888887
5 0.59571875 0.28279166666666666 0.036078125 0.17070833333333332
5 0.7339687500000001 0.6332222222222222 0.06692187499999999 0.18319444444444447
8 0.6674453125 0.28265277777777775 0.039828125 0.13
6 0.894171875 0.3070138888888889 0.036843749999999995 0.159875
7 0.2660546875 0.05636111111111111 0.0255625 0.11273611111111112
1 0.6343046875 0.6120694444444444 0.018671874999999998 0.033541666666666664