5 0.3582578125 0.7012222222222222 0.0696796875 0.2314861111111111
0 0.2852265625 0.20225 0.0366484375 0.14380555555555558
6 0.40835156250000004 0.7482083333333334 0.057851562499999995 0.20633333333333334
5 0.9314609375 0.5626666666666666 0.0450859375 0.1859583333333333
6 0.867015625 0.3151527777777778 0.0396484375 0.15694444444444444
5 0.6635390625 0.4311527777777778 0.052234375 0.163875
5 0.4036171875 0.5528055555555556 0.048046875 0.21030555555555555
5 0.38690625 0.3873611111111111 0.05278125 0.1641527777777778
5 0.699296875 0.47906944444444444 0.06498437500000001 0.15398611111111113
7 0.2549296875 0.06854166666666667 0.029476562499999998 0.11781944444444445
5 0.5099375 0.414125 0.0565390625 0.20343055555555556
7 0.079390625 0.1267222222222222 0.0359609375 0.08854166666666667
2 0.307265625 0.259 0.0263984375 0.059680555555555556
5 0.207171875 0.5056388888888889 0.040703125 0.2232638888888889
5 0.3496640625 0.3427222222222222 0.0384765625 0.1597083333333333
5 0.26242187499999997 0.5018333333333334 0.0715 0.2145277777777778
1 0.6581640625 0.42461111111111116 0.012898437500000002 0.022916666666666665