6 0.340859375 0.345625 0.054203125 0.17365277777777777
5 0.8722421875 0.6560694444444445 0.06546874999999999 0.21325
5 0.6304375 0.7042361111111112 0.06787499999999999 0.25445833333333334
6 0.51853125 0.7757638888888888 0.0517109375 0.19566666666666666
0 0.0953046875 0.2104722222222222 0.046140625000000005 0.16133333333333333
5 0.353375 0.5689722222222222 0.06778125 0.22954166666666667
5 0.503703125 0.4991527777777778 0.050796875 0.20359722222222223
5 0.656484375 0.48055555555555557 0.0586015625 0.22581944444444446
5 0.2699140625 0.5468888888888889 0.056781250000000005 0.21222222222222223
5 0.2286640625 0.5256805555555556 0.0472578125 0.20569444444444443
2 0.1231640625 0.2768611111111111 0.03025 0.06508333333333333
7 0.060875 0.06927777777777779 0.0352890625 0.13841666666666666
5 0.901375 0.5007916666666666 0.0699453125 0.19566666666666666
5 0.5493046875 0.6507222222222222 0.0536875 0.19594444444444445
1 0.6339609375 0.37651388888888887 0.015187500000000001 0.02318055555555556