5 0.227875 0.7562083333333334 0.1203125 0.2625138888888889
5 0.52390625 0.5803472222222222 0.06832812499999999 0.24341666666666664
6 0.1570390625 0.935 0.056320312500000004 0.1299861111111111
0 0.675203125 0.20247222222222222 0.059273437500000005 0.18254166666666669
7 0.9552109375000001 0.09920833333333334 0.053859375 0.1358611111111111
6 0.548203125 0.35926388888888894 0.0616015625 0.19956944444444444
7 0.711296875 0.043000000000000003 0.034546875 0.08600000000000001
5 0.702015625 0.47600000000000003 0.0803203125 0.22645833333333334
2 0.643140625 0.2855416666666667 0.046406249999999996 0.08043055555555555
5 0.8082578125 0.5621111111111111 0.04628125 0.25433333333333336
1 0.6187343750000001 0.27252777777777776 0.0165859375 0.03331944444444444
5 0.8014687500000001 0.5620277777777778 0.1232421875 0.1171111111111111