5 0.213328125 0.5244722222222222 0.071640625 0.20047222222222222
5 0.675484375 0.7065555555555556 0.11182812499999999 0.24906944444444445
5 0.34721875 0.5794305555555556 0.0895390625 0.22454166666666664
0 0.048570312500000004 0.20693055555555556 0.049859375 0.15755555555555556
5 0.6728984375 0.4794861111111111 0.056640625 0.2068333333333333
5 0.92490625 0.512875 0.06687499999999999 0.2341805555555556
5 0.5755312499999999 0.6717083333333334 0.0624453125 0.24972222222222223
5 0.4880234375 0.4963472222222222 0.061367187499999996 0.1991388888888889
5 0.267015625 0.5294444444444444 0.0620234375 0.21052777777777779
5 0.8828984375 0.6695138888888889 0.073765625 0.20426388888888888
5 0.5489375 0.7775416666666667 0.0606796875 0.19336111111111112
6 0.337328125 0.34361111111111114 0.04996875 0.153875
2 0.0745 0.2736388888888889 0.03278125 0.05338888888888889
7 0.015492187499999999 0.0626388888888889 0.025468750000000002 0.11900000000000001