5 0.532828125 0.6915555555555556 0.0618046875 0.23966666666666667
6 0.46921875 0.796875 0.06725 0.17225
5 0.70490625 0.763 0.089140625 0.23838888888888887
7 0.1489765625 0.09695833333333334 0.041734375000000004 0.11011111111111112
6 0.781875 0.32890277777777777 0.044429687499999995 0.18715277777777778
5 0.47826562499999997 0.45529166666666665 0.066078125 0.21670833333333334
5 0.38801562500000003 0.5889722222222222 0.05938281250000001 0.2673888888888889
0 0.381921875 0.19531944444444443 0.0405625 0.16770833333333332
5 0.4345078125 0.4799166666666667 0.045578125000000004 0.12002777777777777
5 0.40758593750000005 0.6070277777777778 0.0624140625 0.25943055555555555
5 0.3721875 0.5443611111111111 0.0489921875 0.20459722222222224
2 0.409484375 0.2625972222222222 0.031570312499999996 0.07895833333333334
7 0.349609375 0.04670833333333334 0.026828125 0.085
5 0.44643750000000004 0.40218055555555554 0.0288125 0.12752777777777777
5 0.4456875 0.6376944444444445 0.0523203125 0.27737500000000004
1 0.405296875 0.2153888888888889 0.01528125 0.03079166666666667