5 0.7394375 0.6457361111111111 0.0875078125 0.23551388888888888
5 0.580125 0.3378055555555556 0.08930468750000001 0.171875
5 0.1384453125 0.3791805555555555 0.067 0.21600000000000003
5 0.918015625 0.5516388888888889 0.06859375 0.20929166666666665
5 0.4310625 0.7524027777777778 0.096703125 0.22962500000000002
1 0.6591953125 0.7111944444444444 0.019898437499999998 0.03243055555555556
5 0.03365625 0.48218055555555556 0.0624921875 0.19406944444444443
6 0.521046875 0.7894305555555555 0.06734375000000001 0.15963888888888889
2 0.9743203125000001 0.2520277777777778 0.042312499999999996 0.066375
6 0.0288359375 0.34280555555555553 0.0571328125 0.17997222222222223
5 0.2636640625 0.712125 0.1182421875 0.2568611111111111