5 0.8362187499999999 0.7114722222222222 0.0975234375 0.2528888888888889
6 0.4518359375 0.794861111111111 0.0732421875 0.18168055555555557
5 0.9163359375000001 0.3375 0.07475000000000001 0.21656944444444445
5 0.48484375 0.5354583333333333 0.0658125 0.27979166666666666
0 0.3385078125 0.15694444444444444 0.06929687500000001 0.18637499999999999
5 0.38073437499999996 0.4947638888888889 0.0831484375 0.2384027777777778
7 0.08885937499999999 0.05570833333333333 0.04571875 0.11141666666666666
5 0.427171875 0.37854166666666667 0.04890625 0.1135138888888889
5 0.43804687500000006 0.6331805555555555 0.062242187500000004 0.25975000000000004
5 0.5540703125 0.3575138888888889 0.05609375 0.17308333333333334
5 0.5723671875 0.508875 0.07466406249999999 0.23841666666666667
2 0.363671875 0.22086111111111112 0.038656249999999996 0.0705
5 0.43267187500000004 0.4789305555555555 0.046078125 0.154125
1 0.443984375 0.4747916666666667 0.015765625 0.03131944444444445