5 0.8834687499999999 0.6480555555555556 0.07713281250000001 0.24130555555555558
5 0.4698828125 0.4941666666666667 0.056960937499999996 0.19469444444444445
5 0.2443828125 0.5351527777777778 0.053492187499999996 0.22913888888888886
5 0.6031328125 0.6644583333333334 0.07084375000000001 0.22059722222222225
6 0.5717109375 0.7823888888888889 0.060171875 0.1995138888888889
5 0.6829531249999999 0.47 0.05971875 0.20706944444444444
5 0.3449140625 0.5801805555555556 0.0625234375 0.2287361111111111
5 0.9514921875000001 0.503 0.093640625 0.2237777777777778
5 0.207125 0.5457361111111111 0.0545390625 0.20359722222222223
5 0.6854921875 0.6975555555555556 0.06265625 0.24183333333333334
1 0.6574921875 0.5486388888888889 0.015265625 0.024055555555555556
6 0.352203125 0.34468055555555555 0.054171875 0.16973611111111112
2 0.0152734375 0.2774166666666667 0.030539062500000002 0.06997222222222223