5 0.1796171875 0.7458611111111111 0.09391406249999999 0.2804861111111111
5 0.4621328125 0.5724444444444445 0.0805078125 0.25701388888888893
5 0.6837187499999999 0.47527777777777774 0.0764296875 0.24580555555555555
5 0.7598906249999999 0.5382916666666666 0.065546875 0.25295833333333334
0 0.7349765625 0.2033472222222222 0.06526562500000001 0.17079166666666667
2 0.7061796874999999 0.2750694444444445 0.040578125 0.07511111111111111
6 0.092046875 0.9283611111111111 0.055070312499999996 0.14327777777777778
6 0.5152812499999999 0.34147222222222223 0.055546874999999996 0.21625
7 0.772375 0.05219444444444444 0.028664062499999997 0.10438888888888888
7 0.98946875 0.079375 0.0210546875 0.15875
5 0.7757968749999999 0.5103888888888889 0.027734375 0.07634722222222222
1 0.733390625 0.23581944444444444 0.01546875 0.03254166666666666