5 0.201109375 0.6337361111111112 0.039375 0.19031944444444446
5 0.41295312500000003 0.5245833333333333 0.0342421875 0.12941666666666668
5 0.29650781249999997 0.46037500000000003 0.0235625 0.11519444444444445
5 0.375921875 0.4272916666666666 0.0261484375 0.10459722222222223
5 0.5051171875 0.4749861111111111 0.0293359375 0.13825
5 0.6531171875 0.518625 0.0423515625 0.13291666666666668
5 0.7299609375 0.44584722222222223 0.029375000000000002 0.12936111111111112
5 0.570234375 0.8865694444444445 0.0623515625 0.22684722222222223
5 0.800828125 0.6805555555555556 0.042625 0.21195833333333336
5 0.6506640625 0.41894444444444445 0.0183359375 0.08790277777777777
6 0.62571875 0.38783333333333336 0.024 0.08123611111111112
7 0.513234375 0.212 0.026476562500000002 0.059805555555555556
0 0.5109765625 0.27068055555555554 0.0427890625 0.04445833333333333
2 0.510921875 0.2943472222222222 0.0148984375 0.030055555555555558
6 0.19446875 0.5205833333333333 0.0347734375 0.09673611111111112
1 0.7713593750000001 0.7190694444444444 0.013820312500000001 0.028402777777777777
3 0.7709921875 0.7319722222222222 0.0115859375 0.011180555555555556