5 0.405390625 0.5569444444444445 0.074953125 0.22447222222222224
5 0.931890625 0.5045277777777778 0.0941171875 0.18900000000000003
5 0.7478125 0.6459722222222223 0.096828125 0.2227361111111111
5 0.0721875 0.6317222222222222 0.0608984375 0.24104166666666668
5 0.2764609375 0.7206388888888889 0.060109375 0.2519027777777778
5 0.6415546875 0.3478472222222222 0.046367187500000004 0.1688611111111111
5 0.1718046875 0.5197222222222222 0.0632734375 0.2224583333333333
6 0.5846171874999999 0.7810277777777779 0.05178125 0.18361111111111109
5 0.4319296875 0.773888888888889 0.0583984375 0.22122222222222224
6 0.25091406250000003 0.33318055555555554 0.055343750000000004 0.15816666666666665
5 0.42621093749999994 0.37555555555555553 0.0430546875 0.17456944444444444
1 0.7256015625 0.5952361111111111 0.015125 0.02786111111111111