2 0.2641328125 0.276125 0.0336171875 0.07227777777777777
5 0.3769609375 0.6491111111111111 0.061679687500000004 0.2361111111111111
5 0.723484375 0.5039166666666667 0.083265625 0.2279027777777778
7 0.20573437499999997 0.05588888888888889 0.036375000000000005 0.11176388888888888
0 0.23602343750000002 0.21679166666666666 0.042007812500000005 0.16797222222222222
5 0.801375 0.6614583333333334 0.046765625 0.18423611111111113
5 0.5030546874999999 0.48754166666666665 0.0320859375 0.22488888888888886
5 0.4405234375 0.692875 0.049789062499999995 0.251
5 0.291984375 0.4532777777777778 0.0672890625 0.21856944444444446
5 0.35529687499999996 0.45905555555555555 0.0437421875 0.236
6 0.231921875 0.3793472222222222 0.040859374999999996 0.17090277777777776
7 0.0112578125 0.13497222222222224 0.022515625 0.08622222222222221
6 0.39896875 0.7765000000000001 0.051226562499999996 0.18970833333333334
5 0.479015625 0.507125 0.0333125 0.21555555555555553
1 0.37915625 0.30775 0.015421874999999998 0.02711111111111111