6 0.1084375 0.41837500000000005 0.043265625 0.1711111111111111
6 0.562734375 0.8381527777777779 0.0594921875 0.24422222222222223
6 0.67428125 0.3824305555555556 0.04559375 0.17343055555555556
5 0.720265625 0.7656805555555555 0.06553125 0.269
5 0.7381953125 0.5744166666666667 0.044101562500000004 0.23526388888888888
5 0.676640625 0.5611388888888889 0.056406250000000005 0.2241388888888889
5 0.6005859375 0.6519722222222223 0.053609375 0.25456944444444446
5 0.5131015624999999 0.3811388888888889 0.0400859375 0.07091666666666667
5 0.53325 0.507125 0.057820312500000005 0.2241388888888889
5 0.371046875 0.45033333333333336 0.06153125 0.15683333333333332
5 0.4313515625 0.5901388888888889 0.050492187499999994 0.23020833333333332
5 0.3078828125 0.45206944444444447 0.059578125 0.15104166666666666
0 0.6657986111111112 0.16820987654320993 0.7071092393663195 0.1986581307870371 0.7067701551649306 0.32787181712962965 0.6610276963975694 0.28293788580246915
7 0.7155078125000001 0.096875 0.028242187499999998 0.15670833333333334
7 0.9178906250000001 0.16608333333333333 0.038906249999999996 0.12230555555555556
2 0.6563749999999999 0.3108472222222222 0.0384453125 0.066125
1 0.3074765625 0.5386805555555556 0.0157265625 0.025277777777777777
3 0.3083046875 0.5514722222222223 0.0115234375 0.009194444444444444