5 0.516375 0.6169027777777778 0.04596875 0.19202777777777777
7 0.1578203125 0.11737500000000001 0.04196875 0.10405555555555555
5 0.5868125 0.429625 0.0702265625 0.1801527777777778
0 0.3766953125 0.2027638888888889 0.044179687499999995 0.16001388888888887
2 0.3990703125 0.2704722222222222 0.0300234375 0.0638611111111111
5 0.487109375 0.5348611111111111 0.040828125 0.2179722222222222
5 0.7253515625 0.32084722222222223 0.043539062499999996 0.1877361111111111
5 0.3964765625 0.6094583333333333 0.058765625 0.23268055555555556
5 0.354421875 0.6132500000000001 0.0681015625 0.24263888888888888
6 0.458859375 0.7835833333333333 0.051015624999999995 0.2036388888888889
5 0.5064375 0.45390277777777777 0.034171875000000004 0.16584722222222223
5 0.496 0.7527222222222223 0.0662578125 0.2356388888888889
6 0.987453125 0.3584583333333333 0.025093749999999998 0.16665277777777776
5 0.3709296875 0.48711111111111116 0.0278046875 0.0770138888888889
1 0.4720625 0.16620833333333335 0.016578125 0.028847222222222222
5 0.476125 0.49494444444444446 0.048734375 0.22426388888888887