5 0.26672656250000004 0.7532500000000001 0.088265625 0.2515833333333333
5 0.5516328125000001 0.5803194444444444 0.0755703125 0.26629166666666665
6 0.190796875 0.9405416666666667 0.060757812499999994 0.11847222222222221
7 0.9272890625000001 0.08690277777777777 0.049828125 0.12584722222222222
0 0.6441640625 0.19594444444444445 0.06603125 0.1868611111111111
7 0.675296875 0.04563888888888889 0.0326171875 0.09126388888888888
2 0.61096875 0.28184722222222225 0.041499999999999995 0.07456944444444444
5 0.823578125 0.5498333333333333 0.070265625 0.2575694444444444
6 0.55171875 0.34988888888888886 0.04390625 0.22972222222222222
5 0.6724140625 0.4665694444444445 0.0749453125 0.231125
1 0.5500625 0.372375 0.015867187499999998 0.02847222222222222