0 0.584201388888889 0.044753086419753174 0.6184963650173612 0.09135681905864207 0.6172044542100694 0.2005509741512346 0.5809122721354166 0.14563440393518515
7 0.8098828125 0.04466666666666666 0.0312265625 0.08931944444444445
6 0.0229765625 0.22806944444444446 0.0372734375 0.17836111111111108
6 0.73490625 0.6313194444444444 0.046203125 0.25645833333333334
5 0.6284453125 0.5190555555555556 0.050296875 0.20477777777777778
5 0.4255 0.19093055555555555 0.045453125 0.15963888888888889
5 0.42386718749999996 0.43804166666666666 0.054328125000000005 0.1847361111111111
5 0.36721875000000004 0.7135 0.064296875 0.2232916666666667
5 0.36225 0.5247222222222222 0.054359375 0.18831944444444446
5 0.2817734375 0.505375 0.049296875000000004 0.19295833333333334
5 0.2258046875 0.4657361111111111 0.0748671875 0.18272222222222223
5 0.236328125 0.36380555555555555 0.06293750000000001 0.18133333333333335
5 0.42355468749999997 0.32581944444444444 0.039828125 0.123875
2 0.5748671875 0.17901388888888886 0.0299375 0.06790277777777778
6 0.5148125 0.7055277777777778 0.057398437499999996 0.24130555555555558
1 0.3033671875 0.5504027777777778 0.014390625 0.024972222222222222
3 0.3028203125 0.5628888888888889 0.011265625 0.008486111111111111