5 0.12442187499999999 0.3385277777777778 0.02228125 0.12612500000000001
5 0.148609375 0.39459722222222227 0.030906250000000003 0.10402777777777779
5 0.24724218750000002 0.41475 0.0400625 0.11886111111111111
5 0.318578125 0.5486388888888889 0.0342890625 0.1505138888888889
5 0.34842968750000003 0.7022638888888889 0.031 0.19155555555555553
5 0.5729609375 0.7394305555555556 0.03134375 0.16866666666666666
5 0.8404140625000001 0.6720694444444444 0.0297890625 0.17515277777777777
5 0.6685390625000001 0.5542916666666666 0.0532265625 0.12941666666666668
5 0.542203125 0.5549444444444445 0.04925 0.13997222222222222
5 0.5013046875 0.5616388888888889 0.0481796875 0.11633333333333334
5 0.485734375 0.36584722222222227 0.027460937499999998 0.14372222222222222
5 0.566125 0.29875 0.025484374999999997 0.1252638888888889
5 0.7044765625 0.3694305555555556 0.018328125 0.11616666666666667
1 0.15039843749999998 0.45595833333333335 0.0104765625 0.018847222222222224
3 0.1509609375 0.4666111111111111 0.0080234375 0.006263888888888888
7 0.8733203125 0.1977361111111111 0.027890625000000002 0.06013888888888889
7 0.7222500000000001 0.1433611111111111 0.01815625 0.09030555555555556
0 0.7008281249999999 0.26545833333333335 0.03334375 0.12813888888888889
2 0.6792812500000001 0.3139444444444444 0.02709375 0.050513888888888886