6 0.4226875 0.7348611111111112 0.058796875000000005 0.20094444444444445
5 0.2141953125 0.6805555555555556 0.07090625 0.2029722222222222
5 0.3568828125 0.5797222222222221 0.054070312499999995 0.22943055555555555
5 0.711390625 0.5421527777777778 0.07714062499999999 0.2159861111111111
5 0.63078125 0.5890277777777778 0.053179687499999996 0.22344444444444445
5 0.5663515625 0.5899166666666666 0.0545390625 0.2094027777777778
5 0.579375 0.4057222222222222 0.0489921875 0.1603611111111111
5 0.5093203125 0.496125 0.060328124999999996 0.22459722222222223
7 0.1297109375 0.11519444444444445 0.03496875 0.0925
5 0.735484375 0.33290277777777777 0.0561015625 0.15683333333333332
1 0.5273671875 0.6502361111111111 0.016468749999999997 0.026083333333333333
0 0.33771874999999996 0.19315277777777776 0.0367734375 0.1451111111111111
5 0.2888046875 0.5485277777777777 0.0460625 0.216875
7 0.304875 0.06243055555555556 0.027492187499999998 0.10697222222222222
6 0.9503984375 0.3202083333333334 0.03575 0.16641666666666666
2 0.35954687500000004 0.2514444444444444 0.025953125 0.06513888888888889
6 0.3144609375 0.30294444444444446 0.0322578125 0.1403472222222222
5 0.348546875 0.45325 0.053531249999999996 0.19016666666666665