5 0.1938984375 0.6573888888888889 0.0571328125 0.22005555555555556
5 0.3516328125 0.5795 0.07257812500000001 0.21511111111111111
5 0.6521328125 0.636 0.0510859375 0.20068055555555556
5 0.49059375000000005 0.3773611111111111 0.038570312499999995 0.17497222222222222
7 0.09343749999999999 0.10698611111111112 0.0408828125 0.08594444444444445
6 0.4106875 0.7224861111111112 0.0590859375 0.19476388888888888
0 0.2926171875 0.18412499999999998 0.0375390625 0.14434722222222224
5 0.7559921875 0.5792222222222223 0.060953125 0.21927777777777777
5 0.252828125 0.45949999999999996 0.052734375 0.1976527777777778
5 0.54128125 0.5009861111111111 0.076625 0.21616666666666665
2 0.3174296875 0.24094444444444443 0.028125 0.06384722222222222
5 0.3236875 0.4375416666666666 0.05040625 0.1661111111111111
6 0.89240625 0.3015555555555556 0.03746875 0.16308333333333333
7 0.2650703125 0.052958333333333336 0.0222890625 0.10591666666666667
1 0.630375 0.6130555555555556 0.0193828125 0.03230555555555556
5 0.721265625 0.6272083333333333 0.051265625 0.1759861111111111
6 0.27957031250000003 0.3074722222222222 0.0342109375 0.11356944444444445
5 0.5977578125 0.27926388888888887 0.031070312500000002 0.14001388888888888