5 0.575 0.5934166666666667 0.062320312499999996 0.21293055555555557
5 0.6367578125 0.5952361111111111 0.0499765625 0.20616666666666666
5 0.71759375 0.5556388888888889 0.0566796875 0.2229722222222222
5 0.20778124999999997 0.6731805555555556 0.066484375 0.21647222222222223
6 0.420453125 0.7310694444444444 0.057499999999999996 0.20366666666666663
5 0.5108046875000001 0.4927638888888889 0.0561875 0.21784722222222222
7 0.12396093749999999 0.11538888888888889 0.035734375 0.09254166666666666
5 0.35378125 0.5783055555555555 0.055109375 0.21097222222222223
5 0.5703046875 0.40088888888888885 0.05452343750000001 0.15688888888888888
0 0.32771875 0.1921388888888889 0.04159375 0.15030555555555555
5 0.283203125 0.5247222222222222 0.044101562500000004 0.21429166666666666
5 0.7201640625 0.31556944444444446 0.0462734375 0.15713888888888888
6 0.9402968749999999 0.31216666666666665 0.0379140625 0.16270833333333334
2 0.35485937500000003 0.24730555555555556 0.028445312499999997 0.05694444444444444
6 0.309078125 0.2993472222222222 0.030625000000000003 0.13509722222222223
7 0.3038125 0.05376388888888889 0.02609375 0.10754166666666667
1 0.5456953125 0.5827777777777778 0.018359375 0.03302777777777778
5 0.343234375 0.45202777777777775 0.050539062499999995 0.18580555555555556