5 0.5183125000000001 0.6421527777777778 0.051375000000000004 0.21029166666666665
5 0.548 0.4353611111111111 0.056078125 0.19173611111111113
5 0.36234375 0.6104583333333333 0.059335937500000005 0.22708333333333333
7 0.15596875 0.10966666666666666 0.035703125 0.09418055555555556
5 0.737515625 0.3297361111111111 0.052531249999999995 0.19179166666666667
5 0.5673359375 0.7680833333333333 0.05923437499999999 0.23675000000000002
5 0.4102265625 0.6187777777777778 0.064125 0.23897222222222222
6 0.4616953125 0.7919027777777777 0.05325 0.19847222222222222
2 0.40507031250000003 0.26511111111111113 0.03546875 0.06402777777777778
5 0.48363281249999995 0.44780555555555557 0.057351562499999995 0.17069444444444445
0 0.384296875 0.196625 0.0373984375 0.15365277777777778
5 0.46882812500000004 0.5550555555555555 0.05044531249999999 0.18884722222222222
5 0.3767578125 0.5101388888888889 0.04240625 0.10931944444444444
5 0.388390625 0.6141805555555555 0.0707265625 0.2279861111111111
7 0.351015625 0.05909722222222222 0.0317265625 0.11819444444444444
1 0.44908593750000003 0.13152777777777777 0.0177578125 0.033902777777777775