5 0.42000000000000004 0.6232916666666667 0.1055234375 0.2065972222222222
5 0.4360234375 0.41415277777777776 0.0921171875 0.20915277777777777
6 0.2373515625 0.28480555555555553 0.062390625 0.17001388888888888
6 0.42113281249999995 0.759125 0.06607031249999999 0.20593055555555556
5 0.6779765624999999 0.5005277777777778 0.0570390625 0.20365277777777777
5 0.5688359375 0.44362500000000005 0.0641328125 0.19818055555555555
0 0.1253984375 0.13893055555555556 0.050749999999999997 0.14980555555555555
2 0.1548125 0.21122222222222223 0.032968750000000005 0.07029166666666667
1 0.31634375000000003 0.5974583333333333 0.01571875 0.026
5 0.3228203125 0.5361805555555555 0.059781249999999994 0.14533333333333334
5 0.9002734374999999 0.3511527777777778 0.051640624999999996 0.2323472222222222
5 0.9680078125 0.5247222222222222 0.051828125 0.20694444444444443
5 0.9755625 0.6590416666666666 0.0461015625 0.27366666666666667