6 0.49680468749999995 0.8654583333333333 0.08349999999999999 0.22788888888888892
0 0.6598203125000001 0.192 0.058265625 0.17008333333333334
6 0.6553125 0.34334722222222225 0.037 0.15736111111111112
5 0.297359375 0.6671388888888888 0.08490625 0.2809861111111111
5 0.334484375 0.5675972222222222 0.080921875 0.2253611111111111
5 0.5827656250000001 0.5794027777777778 0.0595625 0.2750277777777778
7 0.9275859375 0.08831944444444445 0.0523359375 0.13879166666666667
5 0.6550390625 0.4860694444444445 0.0619375 0.2136527777777778
5 0.5192890625000001 0.6624305555555555 0.079 0.25909722222222226
5 0.4915625 0.4236666666666667 0.058125 0.15469444444444444
7 0.6892031249999999 0.05645833333333333 0.0363046875 0.11291666666666667
2 0.632546875 0.26952777777777776 0.0371484375 0.07723611111111112
5 0.4876953125 0.5823055555555555 0.04925 0.28329166666666666
1 0.679328125 0.5296111111111111 0.01803125 0.033305555555555554