5 0.7584453124999999 0.5563055555555556 0.05591406249999999 0.22618055555555555
5 0.256921875 0.6580972222222222 0.056703125 0.23590277777777777
5 0.8362109375 0.5859305555555555 0.09225781250000001 0.19981944444444444
6 0.397640625 0.7225555555555556 0.057078125 0.18908333333333333
5 0.4291484375 0.36144444444444446 0.044875 0.15880555555555556
5 0.3980078125 0.5873333333333334 0.0687578125 0.21484722222222222
0 0.2760625 0.1812222222222222 0.0392109375 0.14954166666666666
5 0.54365625 0.46765277777777775 0.05485156249999999 0.2184861111111111
6 0.863859375 0.2970555555555556 0.037578125000000004 0.16354166666666667
7 0.0769453125 0.10677777777777778 0.0362421875 0.09023611111111111
5 0.28634375 0.4302638888888889 0.0514765625 0.17319444444444446
5 0.45973437500000003 0.27491666666666664 0.037078125 0.13955555555555557
2 0.299625 0.23897222222222222 0.024531249999999998 0.053875
5 0.312453125 0.4205277777777777 0.054765625 0.190625
7 0.25027343750000003 0.06127777777777777 0.022343750000000002 0.10541666666666667
1 0.8088046875 0.6470277777777778 0.013507812499999999 0.02454166666666667