5 0.9144043887147335 0.5804722222222222 0.06866771159874609 0.19525
6 0.937539184952978 0.7821666666666667 0.0791692789968652 0.2741944444444444
5 0.7963636363636364 0.5429722222222222 0.07951410658307209 0.26230555555555557
5 0.5376645768025078 0.5758611111111112 0.06753918495297806 0.1947222222222222
5 0.20711598746081503 0.5683055555555556 0.09595611285266457 0.23205555555555557
0 0.29148902821316613 0.14166666666666666 0.06816614420062696 0.14705555555555555
5 0.6929467084639499 0.40502777777777776 0.05531347962382445 0.14208333333333334
5 0.6997492163009404 0.5972777777777778 0.08032915360501568 0.21730555555555556
5 0.07078369905956113 0.6249444444444444 0.06473354231974922 0.24730555555555556
5 0.4983699059561128 0.5332777777777777 0.06683385579937304 0.19886111111111113
5 0.6410971786833856 0.4049722222222222 0.04689655172413793 0.15477777777777776
6 0.8113636363636363 0.2709722222222222 0.0553448275862069 0.21344444444444446
2 0.3156739811912226 0.194 0.04253918495297806 0.07397222222222222
5 0.7368965517241379 0.44208333333333333 0.05768025078369905 0.14747222222222223