6 0.46952343750000003 0.7958472222222223 0.06453125 0.17629166666666668
5 0.527859375 0.6725555555555556 0.061554687500000003 0.241875
5 0.3663515625 0.5782638888888889 0.054453125000000005 0.2517083333333333
7 0.1495859375 0.10426388888888888 0.045375 0.11427777777777778
5 0.6605000000000001 0.7725138888888889 0.0685859375 0.2521111111111111
5 0.77171875 0.3323888888888889 0.042749999999999996 0.1807638888888889
0 0.38690625 0.19183333333333333 0.04409375 0.15961111111111112
5 0.4498984375 0.5434444444444444 0.057523437499999996 0.2207222222222222
2 0.40737500000000004 0.25872222222222224 0.037890625 0.07033333333333333
5 0.5032578125 0.4457083333333334 0.036578125 0.20226388888888888
5 0.47621874999999997 0.46558333333333335 0.0614765625 0.23380555555555557
7 0.3509140625 0.06008333333333333 0.0263046875 0.10565277777777776
5 0.3969296875 0.5959444444444444 0.0434921875 0.246125
5 0.433875 0.6322083333333334 0.06071093749999999 0.2601527777777778
5 0.45203906250000003 0.4114722222222222 0.0419140625 0.1333611111111111
1 0.418625 0.17827777777777779 0.01565625 0.02765277777777778