6 0.4606484375 0.7742083333333333 0.05378125 0.2065972222222222
5 0.5157109375 0.5247499999999999 0.0790390625 0.23229166666666667
5 0.6105703124999999 0.49324999999999997 0.0651015625 0.21822222222222223
6 0.3110546875 0.2842222222222222 0.05207031250000001 0.18740277777777778
0 0.2714921875 0.14643055555555556 0.0557109375 0.1536388888888889
5 0.932390625 0.35418055555555555 0.056078125 0.2275
7 0.0298203125 0.06209722222222222 0.0408671875 0.11109722222222221
5 0.41628125000000005 0.6268472222222222 0.084359375 0.24955555555555556
5 0.5818046875 0.35394444444444445 0.053171875 0.15606944444444446
5 0.925203125 0.7014444444444444 0.1076015625 0.23447222222222222
2 0.2973671875 0.21269444444444444 0.03878125 0.0628611111111111
5 0.402734375 0.43272222222222223 0.0773671875 0.19280555555555554
5 0.3823671875 0.5341666666666667 0.06021093749999999 0.16959722222222223
1 0.39884375 0.616361111111111 0.00834375 0.02640277777777778