0 0.186859375 0.2199861111111111 0.043640625 0.16406944444444443
2 0.2136171875 0.27847222222222223 0.03815625 0.06859722222222223
5 0.79528125 0.48640277777777774 0.0496875 0.19255555555555554
5 0.5088046875 0.7053888888888888 0.0626875 0.24037499999999998
5 0.8152734374999999 0.6590277777777778 0.044296875 0.1886527777777778
5 0.3409375 0.5462222222222222 0.06015625 0.20920833333333333
5 0.284265625 0.5133194444444444 0.04775 0.20808333333333331
7 0.15817187500000002 0.0775 0.0338671875 0.14980555555555555
6 0.26556250000000003 0.3575277777777778 0.042953124999999995 0.1605
6 0.4364296875 0.7685555555555555 0.050984375000000005 0.184375
5 0.51246875 0.43895833333333334 0.0509765625 0.24033333333333332
5 0.24794531250000001 0.48280555555555554 0.04365625 0.16644444444444445
5 0.56978125 0.4792638888888889 0.06079687499999999 0.16994444444444445
5 0.45241406250000005 0.64375 0.0517109375 0.2063472222222222
0 0.45777343750000005 0.24012499999999998 0.016398437499999998 0.02822222222222222