5 0.37121875000000004 0.5156666666666666 0.06281250000000001 0.21070833333333333
5 0.668359375 0.48137499999999994 0.0465703125 0.19768055555555558
6 0.3569765625 0.3169166666666667 0.0327421875 0.14448611111111112
6 0.8614609375000001 0.31666666666666665 0.0435234375 0.15979166666666667
6 0.47278906249999997 0.7212916666666668 0.050124999999999996 0.19620833333333335
7 0.1719453125 0.12694444444444444 0.037765625000000004 0.09493055555555555
5 0.4946328125 0.34894444444444445 0.037820312499999995 0.17308333333333334
5 0.5777109375 0.35673611111111114 0.0406796875 0.1319861111111111
5 0.7221484375 0.4545416666666666 0.054476562500000006 0.171
5 0.533390625 0.4376388888888889 0.0442890625 0.194625
5 0.5721328125 0.4622083333333334 0.0468359375 0.14148611111111112
0 0.36059375 0.19570833333333332 0.036171875 0.1404027777777778
7 0.3360859375 0.07322222222222222 0.0279296875 0.12090277777777778
5 0.419859375 0.5080833333333333 0.04975 0.20202777777777778
5 0.5711171875 0.2753611111111111 0.0239140625 0.14763888888888888
1 0.6640859375 0.47681944444444446 0.0124765625 0.02272222222222222