2 0.00659375 0.2778055555555556 0.0131875 0.06255555555555556
5 0.2018046875 0.5585277777777777 0.0383671875 0.21775
5 0.2391953125 0.5190694444444445 0.056765625 0.19786111111111113
5 0.3445859375 0.3462361111111111 0.03096875 0.1612361111111111
5 0.4613125 0.49259722222222224 0.057851562499999995 0.197
5 0.3422265625 0.5810138888888888 0.065546875 0.24537499999999998
5 0.6803125 0.4616666666666666 0.039765625 0.19415277777777776
5 0.6913750000000001 0.7024861111111111 0.0604921875 0.24179166666666668
5 0.6049140625 0.6645833333333333 0.0653046875 0.22847222222222222
5 0.5758828125 0.7869722222222222 0.0580078125 0.20936111111111114
5 0.9537421875 0.5059027777777778 0.0871796875 0.22361111111111112
1 0.6517890625 0.5782083333333333 0.0140546875 0.023916666666666666
3 0.652578125 0.5935 0.01125 0.008680555555555556
5 0.8844687499999999 0.6485694444444445 0.0691640625 0.23168055555555556