5 0.351 0.6990277777777778 0.0624453125 0.21831944444444445
5 0.43471093749999995 0.5684583333333334 0.05828124999999999 0.19608333333333333
5 0.7386484375 0.4769444444444444 0.054671875 0.18655555555555556
5 0.9333515625000001 0.5271805555555555 0.0465 0.19409722222222223
6 0.8556796875 0.30356944444444445 0.036046875 0.171
5 0.3647421875 0.36861111111111106 0.0451484375 0.16976388888888888
5 0.22516406249999998 0.4644027777777778 0.047593750000000004 0.20245833333333335
0 0.27630468750000003 0.19112500000000002 0.0455703125 0.13980555555555554
7 0.07273437499999999 0.11320833333333334 0.041257812500000005 0.09215277777777776
5 0.3249765625 0.311 0.0369296875 0.13995833333333332
6 0.40182812500000004 0.7339166666666667 0.045796875 0.20754166666666668
5 0.6280390625 0.49536111111111114 0.0605703125 0.19649999999999998
5 0.5306171875000001 0.42580555555555555 0.06446093750000001 0.20183333333333334
2 0.3001171875 0.24855555555555556 0.029390624999999997 0.06076388888888889
5 0.2735703125 0.47265277777777776 0.051671875 0.2170138888888889
7 0.2504453125 0.06383333333333334 0.025578125 0.11719444444444443
1 0.6373203125 0.4777083333333333 0.013703125 0.026111111111111113