6 0.3176484375 0.35565277777777776 0.0421953125 0.1659027777777778
5 0.6365859375 0.47029166666666666 0.0767421875 0.20679166666666665
5 0.236484375 0.5068611111111111 0.0687734375 0.198625
5 0.5218671875 0.6537083333333333 0.0674375 0.2323472222222222
0 0.134296875 0.21322222222222223 0.051500000000000004 0.15166666666666667
2 0.1623203125 0.27449999999999997 0.033078125 0.07179166666666667
5 0.60215625 0.6967361111111111 0.083296875 0.2163888888888889
5 0.3458359375 0.5643472222222222 0.068546875 0.22440277777777776
5 0.8671640625 0.4895416666666667 0.0626015625 0.18616666666666665
7 0.10153125 0.06743055555555555 0.03625 0.13394444444444445
6 0.49069531250000004 0.770875 0.049125 0.1829861111111111
5 0.8561562500000001 0.6565416666666667 0.058515625 0.21112499999999998
5 0.27842968749999997 0.5303055555555556 0.051851562500000004 0.19695833333333335
5 0.5255625 0.43819444444444444 0.06489062500000001 0.22722222222222221
1 0.5839453125 0.29205555555555557 0.0161953125 0.028569444444444446