5 0.7594765625 0.5574027777777778 0.05603125 0.22765277777777776
5 0.3969765625 0.5895138888888889 0.0716875 0.2133611111111111
5 0.25196874999999996 0.6608055555555555 0.054640625 0.23841666666666667
6 0.397671875 0.7232361111111112 0.056296875 0.1909722222222222
5 0.43235156249999995 0.3608611111111111 0.047843750000000004 0.15465277777777778
0 0.2760703125 0.1804861111111111 0.0385 0.15047222222222223
5 0.54521875 0.47118055555555555 0.052765625000000003 0.21386111111111109
5 0.8283046875 0.5872777777777778 0.0768515625 0.19068055555555555
6 0.8637812500000001 0.2972638888888889 0.0375234375 0.16558333333333333
7 0.07703125 0.1067638888888889 0.0361875 0.09131944444444444
5 0.29000781249999996 0.4314444444444444 0.057703125 0.17255555555555555
2 0.299609375 0.2390138888888889 0.0244609375 0.0546388888888889
5 0.311453125 0.4206388888888889 0.0550546875 0.18575000000000003
6 0.46664843749999996 0.2670416666666667 0.032882812500000004 0.13120833333333334
7 0.24739062500000003 0.05284722222222222 0.0225859375 0.10568055555555556
1 0.8073671875 0.6305555555555555 0.019125 0.03358333333333333