5 0.4436796875 0.4256666666666667 0.0600859375 0.2024166666666667
5 0.030406250000000003 0.3593333333333334 0.0565859375 0.16162500000000002
5 0.118875 0.6575416666666667 0.07080468749999999 0.2142361111111111
5 0.5840156249999999 0.46597222222222223 0.0670859375 0.19312500000000002
5 0.6751328125 0.3828888888888889 0.044109375 0.14963888888888888
5 0.8399609375000001 0.5320833333333334 0.049234375000000004 0.19819444444444442
5 0.786 0.34149999999999997 0.047445312499999996 0.183
5 0.5782812500000001 0.6631666666666667 0.05695312500000001 0.2469722222222222
5 0.305125 0.5777777777777777 0.04153125 0.22141666666666665
5 0.25890625 0.43074999999999997 0.0686484375 0.19881944444444447
5 0.3159375 0.4363194444444444 0.042234375000000005 0.12263888888888888
5 0.408875 0.7167083333333333 0.058828124999999995 0.19581944444444446
1 0.803796875 0.6361527777777778 0.0173671875 0.02786111111111111
3 0.8047187499999999 0.6511388888888889 0.0125546875 0.010597222222222221