0 0.312109375 0.1818888888888889 0.0390078125 0.14843055555555557
5 0.1891796875 0.6622361111111111 0.063078125 0.1989861111111111
6 0.41968750000000005 0.7207500000000001 0.058421875 0.1885
5 0.734984375 0.5926944444444444 0.074453125 0.22294444444444445
5 0.350578125 0.5730138888888889 0.0551015625 0.21522222222222223
5 0.6653125 0.6275972222222223 0.062875 0.20833333333333334
5 0.2658203125 0.5027777777777778 0.0401640625 0.19937500000000002
6 0.9177031250000001 0.30797222222222226 0.0374453125 0.15643055555555554
5 0.601578125 0.6180833333333333 0.050421875000000005 0.21184722222222221
5 0.5265546875 0.507125 0.0585859375 0.2087361111111111
7 0.112984375 0.11163888888888888 0.0349453125 0.09275
5 0.524 0.3602222222222222 0.0449453125 0.12027777777777778
2 0.33692968749999996 0.24122222222222223 0.03315625 0.06951388888888889
5 0.3315703125 0.4361111111111111 0.043953124999999996 0.18956944444444446
5 0.6659921875 0.29105555555555557 0.047390625 0.16379166666666667
1 0.5761484375 0.6139166666666667 0.0174375 0.03125
7 0.2852890625 0.057430555555555554 0.025265625000000003 0.11486111111111111