5 0.21825 0.6654861111111111 0.074875 0.22620833333333334
6 0.3985390625 0.7243472222222221 0.0616015625 0.19825
5 0.5494921875000001 0.48818055555555556 0.055515625 0.21581944444444442
5 0.45796875000000004 0.3619027777777778 0.0353046875 0.17043055555555556
0 0.28407031250000003 0.1857638888888889 0.033945312500000005 0.14731944444444445
7 0.0809609375 0.11027777777777778 0.0332265625 0.08902777777777778
2 0.30225 0.2422638888888889 0.0253515625 0.059111111111111114
5 0.7332421874999999 0.6236805555555556 0.06315625 0.1902638888888889
5 0.373578125 0.5788888888888889 0.061289062500000005 0.20304166666666668
5 0.2590234375 0.44534722222222217 0.042476562499999995 0.18
5 0.31706249999999997 0.4205277777777777 0.047296875 0.18293055555555557
1 0.6985703125 0.6828333333333333 0.0173984375 0.030027777777777778
5 0.781234375 0.6130555555555556 0.07470312500000001 0.1899861111111111
6 0.8755468750000001 0.29954166666666665 0.03440625 0.1560138888888889
5 0.5260625 0.267125 0.0453515625 0.14420833333333333
7 0.25284375 0.05504166666666667 0.021593750000000002 0.11008333333333334
5 0.765125 0.5293611111111111 0.045859375 0.15190277777777778