5 0.4102265625 0.5655 0.06351562499999999 0.2192638888888889
5 0.2716171875 0.710125 0.06403125 0.25325000000000003
6 0.25709375 0.3304861111111111 0.06015625 0.15908333333333335
6 0.58540625 0.7837777777777778 0.057765625 0.18780555555555556
5 0.08453125 0.6255000000000001 0.0728515625 0.23455555555555554
5 0.933640625 0.5051111111111111 0.07334375 0.20523611111111112
5 0.6418359375 0.3436527777777778 0.05647656250000001 0.15856944444444446
5 0.18650781249999998 0.5255555555555556 0.0735078125 0.23229166666666667
5 0.430265625 0.7758611111111111 0.0550390625 0.22470833333333332
5 0.44309374999999995 0.3776805555555556 0.059703125 0.17293055555555556
5 0.74721875 0.6472777777777778 0.0952890625 0.22565277777777779
1 0.7213203125 0.604375 0.017265625 0.03451388888888889