0 0.276015625 0.19113888888888889 0.0441328125 0.14026388888888888
5 0.7362656249999999 0.47468055555555555 0.0467265625 0.18791666666666668
5 0.540109375 0.4209444444444444 0.051000000000000004 0.18502777777777776
5 0.42696875 0.561625 0.059640625 0.21397222222222223
5 0.36335937500000004 0.3715277777777778 0.0491328125 0.17020833333333332
5 0.6307890625 0.4737361111111111 0.05834375000000001 0.18731944444444446
5 0.9388984375 0.5254722222222222 0.0486640625 0.17665277777777777
6 0.85821875 0.30827777777777776 0.035867187499999995 0.1623888888888889
5 0.3673671875 0.7252361111111111 0.0731015625 0.20729166666666668
7 0.0745703125 0.11343055555555556 0.0402421875 0.08441666666666667
6 0.40197656249999997 0.7413472222222222 0.047671875 0.20593055555555556
5 0.263921875 0.4899722222222222 0.053296875 0.20829166666666665
2 0.301296875 0.2517083333333333 0.029406250000000002 0.0659861111111111
5 0.3201328125 0.3165138888888889 0.042890625 0.17172222222222222
5 0.221484375 0.4736944444444445 0.034499999999999996 0.22006944444444443
7 0.24792968750000002 0.06247222222222222 0.030117187499999996 0.12495833333333334
1 0.6228828125 0.44277777777777777 0.0137890625 0.02425