6 0.4378515625 0.7565277777777778 0.055890625000000006 0.19266666666666665
5 0.6593359375000001 0.505375 0.0702890625 0.192375
5 0.5875390625 0.5627222222222222 0.0672421875 0.17759722222222224
5 0.2840625 0.7107916666666666 0.0789765625 0.181
5 0.48470312499999996 0.516 0.06544531249999999 0.2066388888888889
0 0.35640625 0.2031527777777778 0.0377265625 0.1574722222222222
5 0.5143203125 0.5820694444444444 0.0551875 0.17401388888888888
5 0.35828125 0.5936250000000001 0.058367187499999994 0.22669444444444445
5 0.6229375 0.41723611111111114 0.05015625 0.1723888888888889
7 0.14851562499999998 0.1185 0.03878125 0.09191666666666667
5 0.749234375 0.34308333333333335 0.06159375 0.16470833333333335
5 0.31051562499999996 0.57575 0.0572890625 0.22601388888888888
2 0.3765703125 0.26065277777777773 0.0325625 0.06990277777777777
6 0.9727265624999999 0.33391666666666664 0.049328125 0.18369444444444444
7 0.3265 0.0652361111111111 0.0276484375 0.1243888888888889
5 0.36036718749999996 0.4473888888888889 0.0552265625 0.14655555555555555
1 0.4976484375 0.5185138888888888 0.018757812500000002 0.03425