5 0.4373359375 0.6862083333333333 0.0749609375 0.2675
0 0.6585468750000001 0.1983611111111111 0.0512734375 0.17019444444444445
7 0.9149609375000001 0.10119444444444445 0.0467109375 0.14794444444444443
6 0.6554609375 0.3521388888888889 0.040375 0.1691388888888889
6 0.5550859375 0.8408749999999999 0.061 0.22840277777777776
5 0.444046875 0.5403749999999999 0.06544531249999999 0.19591666666666668
5 0.5026484375 0.5744305555555556 0.057523437499999996 0.2985
5 0.5450546875 0.4450277777777778 0.052937500000000005 0.173125
2 0.6339375 0.2708888888888889 0.036539062500000004 0.0745138888888889
7 0.6869765625 0.05855555555555555 0.037851562500000005 0.1171111111111111
5 0.6310234375 0.494375 0.03940625 0.20672222222222222
5 0.576078125 0.6440555555555556 0.058820312500000006 0.28941666666666666
5 0.052554687499999996 0.864986111111111 0.0633359375 0.2700416666666667
5 0.094796875 0.8359861111111111 0.10721093749999999 0.2906527777777778
5 0.5772265625 0.5093333333333334 0.0464921875 0.16765277777777776
1 0.6381484375 0.49094444444444446 0.014937500000000001 0.029875000000000002