5 0.62725 0.4330416666666667 0.083828125 0.16418055555555555
6 0.45199999999999996 0.77375 0.06251562499999999 0.22084722222222222
5 0.39642187500000003 0.7495277777777777 0.0678359375 0.24611111111111109
0 0.36627343749999997 0.2028888888888889 0.03590625 0.16647222222222222
7 0.15032812499999998 0.12352777777777778 0.041031250000000005 0.09594444444444444
5 0.4643125 0.49699999999999994 0.053976562500000005 0.22005555555555556
5 0.5706328125 0.4728472222222222 0.06915625 0.2062222222222222
5 0.3430859375 0.6029166666666667 0.0641875 0.23526388888888888
5 0.7145703125 0.33616666666666667 0.045179687499999996 0.16731944444444444
5 0.5123515624999999 0.5308333333333333 0.0386015625 0.2541527777777778
2 0.394265625 0.2692638888888889 0.0343046875 0.07761111111111112
5 0.3804296875 0.606 0.0623984375 0.23629166666666665
6 0.9873593749999999 0.34380555555555553 0.025289062499999997 0.19269444444444445
5 0.5225625 0.45301388888888894 0.036828125 0.14383333333333334
5 0.36524999999999996 0.4766388888888889 0.0320625 0.08105555555555556
1 0.5019921875 0.3015138888888889 0.016484375000000002 0.030819444444444448
7 0.33875 0.057152777777777775 0.030617187499999997 0.11430555555555555