5 0.55125 0.5789166666666666 0.0711484375 0.26622222222222225
5 0.2689375 0.7553055555555557 0.07875 0.24894444444444447
6 0.194203125 0.9396249999999999 0.05475 0.12075
7 0.9248046875 0.08834722222222222 0.047625 0.12211111111111111
0 0.6386875 0.19691666666666666 0.064171875 0.18436111111111111
7 0.6749375 0.042263888888888886 0.0314296875 0.08452777777777777
5 0.8207421874999999 0.5440694444444445 0.060453124999999996 0.2422638888888889
6 0.566109375 0.3411666666666667 0.058351562499999995 0.20254166666666668
2 0.6092578125 0.27805555555555556 0.0494765625 0.08147222222222222
1 0.5463984375 0.3842083333333333 0.0186171875 0.03727777777777778
5 0.671375 0.46138888888888885 0.0742890625 0.22580555555555556