7 0.052625 0.1612638888888889 0.054906250000000004 0.10956944444444444
7 0.24816406249999998 0.10252777777777777 0.04840625 0.15568055555555557
2 0.29965625 0.28958333333333336 0.03334375 0.06065277777777778
0 0.25520833333333337 0.1913580246913581 0.29286702473958337 0.1608133198302469 0.29583401150173616 0.2664749710648148 0.26104736328125006 0.3064236111111111
6 0.27540624999999996 0.39555555555555555 0.0403984375 0.17383333333333334
6 0.3200625 0.7469305555555555 0.047593750000000004 0.19138888888888891
5 0.30363281249999996 0.6849166666666666 0.062125 0.24020833333333333
5 0.67490625 0.3765277777777778 0.040781250000000005 0.19443055555555558
6 0.8864140624999999 0.3818055555555555 0.048171874999999996 0.1812222222222222
5 0.6357734374999999 0.6005555555555555 0.068421875 0.19493055555555555
5 0.4456015625 0.6275138888888889 0.054984374999999995 0.21180555555555555
5 0.557640625 0.5647222222222222 0.0788203125 0.20043055555555556
5 0.55915625 0.4085138888888889 0.055820312500000004 0.14419444444444443
5 0.369875 0.47855555555555557 0.0432421875 0.19783333333333333
5 0.3046640625 0.44254166666666667 0.060820312499999994 0.1999027777777778
5 0.35053125 0.42925 0.038734375 0.18605555555555556
1 0.6145546875 0.6381666666666667 0.014960937499999999 0.027972222222222225
3 0.6151171875 0.6541111111111111 0.0133203125 0.013291666666666667