5 0.3369375 0.6837638888888888 0.0510859375 0.22237500000000002
5 0.79065625 0.5404583333333334 0.06253906249999999 0.1995833333333333
0 0.251046875 0.22747222222222221 0.0428359375 0.14583333333333334
5 0.364375 0.5921944444444445 0.05736718750000001 0.22694444444444445
5 0.5016953125 0.3949722222222222 0.0565078125 0.16808333333333333
7 0.032960937499999995 0.16775 0.0467265625 0.11477777777777778
5 0.66053125 0.5078055555555555 0.0520390625 0.2018888888888889
2 0.2762734375 0.2868472222222222 0.02909375 0.059361111111111114
6 0.8268203125 0.7120833333333334 0.036398437500000005 0.10675
5 0.264046875 0.5062361111111111 0.0443671875 0.17544444444444443
5 0.528328125 0.3228055555555555 0.029796875 0.166125
7 0.2248515625 0.10351388888888889 0.0304921875 0.15066666666666667
5 0.30175 0.49919444444444444 0.04684375 0.19420833333333334
1 0.7692734375 0.6312222222222222 0.0145625 0.025166666666666667
5 0.774296875 0.38979166666666665 0.032210937499999995 0.17018055555555556
6 0.6268125 0.32125000000000004 0.035562500000000004 0.14543055555555554
5 0.6598984375 0.385375 0.0338671875 0.11186111111111112
3 0.7691015625000001 0.6425972222222223 0.0108515625 0.009805555555555555
6 0.0798671875 0.5699305555555556 0.046796875 0.23809722222222224