5 0.6351093750000001 0.5010555555555556 0.0632578125 0.20926388888888886
6 0.4661171875 0.7704583333333334 0.0477109375 0.21161111111111114
6 0.3064140625 0.2832222222222222 0.0492265625 0.185375
0 0.2604296875 0.1403472222222222 0.048593750000000005 0.15559722222222222
5 0.5308828125 0.5155000000000001 0.077859375 0.24491666666666667
5 0.60590625 0.358 0.05609375 0.16391666666666665
5 0.9445 0.350875 0.04903125 0.21477777777777776
5 0.9640546875 0.6929861111111111 0.0718828125 0.25304166666666666
5 0.43139843750000006 0.608 0.0658125 0.252625
7 0.02015625 0.06208333333333334 0.0403203125 0.10804166666666667
5 0.42639843749999995 0.3996388888888889 0.06964843750000001 0.12991666666666668
5 0.3959453125 0.6204305555555555 0.0474375 0.17454166666666668
2 0.2879921875 0.2141388888888889 0.03428125 0.06737499999999999
5 0.41187500000000005 0.44780555555555557 0.059671875 0.17984722222222224
5 0.3739375 0.5314027777777778 0.073296875 0.16609722222222223
1 0.3914609375 0.6155972222222222 0.0164609375 0.029111111111111112