5 0.6516171875000001 0.616638888888889 0.0334921875 0.17655555555555555
6 0.8058359375 0.406125 0.028453125000000003 0.1517638888888889
6 0.43553125000000004 0.7880416666666666 0.051617187499999995 0.19644444444444445
5 0.765953125 0.7243055555555555 0.051000000000000004 0.21094444444444443
5 0.6871171875 0.3564027777777778 0.025273437500000002 0.15416666666666667
5 0.680734375 0.3054444444444444 0.0263984375 0.1324861111111111
5 0.5699140625 0.4907777777777778 0.030453124999999998 0.20069444444444445
5 0.42867187500000004 0.4118472222222222 0.039640625 0.16011111111111112
5 0.39766406249999997 0.35111111111111115 0.0366484375 0.15593055555555554
5 0.2679140625 0.5487777777777778 0.051453125 0.17470833333333335
5 0.22953125000000002 0.5480416666666666 0.0354609375 0.18866666666666668
5 0.1834296875 0.5429444444444445 0.044601562500000004 0.13219444444444445
0 0.7708333333333333 0.20679012345679024 0.8043924967447917 0.2453040605709877 0.8009643554687502 0.3359977816358025 0.7685614691840279 0.28782069830246915
7 0.9767812499999999 0.21340277777777777 0.033421875000000004 0.10890277777777778
7 0.8154296875 0.16043055555555558 0.024953125 0.13259722222222223
2 0.7654921875 0.32048611111111114 0.0295703125 0.057111111111111106
1 0.1705 0.6299027777777777 0.012421875 0.022291666666666668
3 0.17090624999999998 0.6404722222222222 0.01071875 0.00813888888888889