1 0.5632265624999999 0.8885694444444444 0.0188203125 0.033305555555555554
3 0.5630468750000001 0.9068750000000001 0.013703125 0.011111111111111112
5 0.4378828125 0.8860555555555556 0.05825781249999999 0.21862499999999999
5 0.48905468750000003 0.8139027777777778 0.0878671875 0.23022222222222222
5 0.8109609375 0.37355555555555553 0.035976562499999996 0.224875
5 0.6905078125 0.2846944444444444 0.0346015625 0.183375
5 0.6409609374999999 0.431 0.035265625 0.20743055555555553
5 0.43084375 0.5934444444444444 0.0711171875 0.19645833333333332
5 0.3653984375 0.5105416666666667 0.063609375 0.24281944444444445
5 0.3179453125 0.5109305555555556 0.0546484375 0.2003611111111111
5 0.36340625000000004 0.39429166666666665 0.025257812499999997 0.06915277777777777
5 0.33311718749999997 0.3822083333333333 0.0349765625 0.1088611111111111
5 0.43949999999999995 0.22644444444444442 0.0461796875 0.13899999999999998
5 0.4240234375 0.355125 0.067578125 0.18141666666666667
7 0.018421874999999997 0.08748611111111111 0.036843749999999995 0.13052777777777777
7 0.2334453125 0.0525 0.0418828125 0.10498611111111111
0 0.2402496337890625 0.143505859375 0.2419677734375 0.2773654513888889 0.2945281982421875 0.21102973090277777 0.2873565673828125 0.09246961805555555
2 0.2927109375 0.2528472222222222 0.0430078125 0.08506944444444445