5 0.6830721003134796 0.38030555555555556 0.03576802507836991 0.1366666666666667
5 0.435282131661442 0.5604166666666667 0.039670846394984326 0.15075
6 0.25026645768025074 0.3591944444444444 0.03509404388714733 0.13427777777777777
5 0.7180877742946709 0.4565 0.0386833855799373 0.1632222222222222
5 0.4937460815047022 0.4100277777777778 0.03992163009404388 0.1490277777777778
5 0.36890282131661445 0.33941666666666664 0.027507836990595613 0.14677777777777778
5 0.3461128526645768 0.579 0.037821316614420064 0.18041666666666667
6 0.5192476489028213 0.6400277777777778 0.03296238244514107 0.1575
5 0.795705329153605 0.6154444444444445 0.03293103448275862 0.08494444444444443
6 0.8386206896551723 0.4936388888888889 0.030344827586206897 0.13391666666666666
5 0.7319905956112852 0.5724722222222223 0.04148902821316614 0.13458333333333333
5 0.6580877742946709 0.2946944444444445 0.03730407523510972 0.14205555555555555
2 0.7209561128526646 0.30519444444444443 0.028526645768025077 0.05238888888888889
7 0.7686833855799373 0.13391666666666666 0.016316614420062697 0.05288888888888889
7 0.9134639498432602 0.245 0.022366771159874607 0.035916666666666666
0 0.7305438189995912 0.19685990338164258 0.7523510971786834 0.24003623188405807 0.7506127972945347 0.31544855827294693 0.7291169756031076 0.28305215881642515
5 0.7663949843260188 0.4260555555555555 0.05398119122257053 0.17580555555555555
1 0.3502037617554859 0.5643611111111111 0.007445141065830721 0.017583333333333333