5 0.2654765625 0.7132638888888888 0.0600703125 0.2509027777777778
5 0.43184374999999997 0.7743472222222222 0.082921875 0.2308333333333333
6 0.5966953125 0.7803888888888889 0.08490625 0.20568055555555556
5 0.9298671875 0.4928333333333333 0.071609375 0.20441666666666666
5 0.4346875 0.555125 0.0513046875 0.21256944444444445
5 0.6367890625 0.3380694444444444 0.058773437500000004 0.14402777777777778
5 0.229890625 0.5073194444444444 0.0640859375 0.23704166666666665
5 0.135875 0.6201527777777778 0.07128124999999999 0.23454166666666668
5 0.7406875 0.6552361111111111 0.058210937500000004 0.23073611111111111
5 0.467375 0.3828888888888889 0.049539062499999995 0.15725
6 0.27228906249999996 0.31583333333333335 0.051390625 0.18386111111111111
1 0.70609375 0.7117361111111111 0.01228125 0.02851388888888889