5 0.4327429467084639 0.5018888888888889 0.04931034482758621 0.18622222222222223
5 0.4940595611285266 0.3849444444444445 0.03846394984326019 0.17402777777777778
5 0.6090282131661442 0.3676666666666667 0.04090909090909091 0.17413888888888887
5 0.5056739811912225 0.5595833333333333 0.03642633228840125 0.11258333333333334
5 0.3919278996865204 0.3303055555555555 0.02763322884012539 0.153
5 0.574294670846395 0.4184444444444444 0.05278996865203762 0.15969444444444444
7 0.17821316614420063 0.17644444444444446 0.02970219435736677 0.06161111111111111
6 0.4624921630094044 0.6420833333333333 0.0427742946708464 0.15494444444444444
5 0.5254702194357367 0.626 0.07827586206896552 0.15869444444444444
6 0.24659874608150473 0.4176666666666667 0.03238244514106583 0.16402777777777777
5 0.682115987460815 0.3288611111111111 0.03727272727272728 0.15475
8 0.36716300940438873 0.6485277777777778 0.041974921630094045 0.16480555555555554
0 0.3368181818181818 0.20972222222222223 0.03105015673981191 0.11788888888888888
8 0.3663166144200627 0.28797222222222224 0.030031347962382444 0.11013888888888888
6 0.7740438871473354 0.3247777777777778 0.03802507836990596 0.1726388888888889
5 0.37545454545454543 0.37866666666666665 0.038495297805642634 0.16011111111111112
2 0.3573667711598746 0.2533888888888889 0.03460815047021943 0.05988888888888889
7 0.31003134796238246 0.07116666666666667 0.023072100313479626 0.0795