5 0.9430234375 0.7293472222222223 0.0839609375 0.23956944444444445
5 0.7677968749999999 0.5017638888888889 0.04775 0.25043055555555555
6 0.5998046875 0.8074305555555555 0.06071875 0.25993055555555555
5 0.24413281250000002 0.7720416666666666 0.0768046875 0.2879027777777778
5 0.397203125 0.5593333333333333 0.066984375 0.23595833333333333
5 0.6016015625 0.2582361111111111 0.0521640625 0.20475
5 0.6267578125 0.17659722222222224 0.0330390625 0.19579166666666667
5 0.32144531249999997 0.41529166666666667 0.10296875000000001 0.21637499999999998
5 0.23991406249999997 0.40647222222222223 0.0753203125 0.24502777777777776
5 0.19107812500000002 0.35238888888888886 0.0470859375 0.14305555555555555
5 0.143875 0.3857638888888889 0.082890625 0.1943611111111111
2 0.7286406249999999 0.19361111111111112 0.035398437500000005 0.08475
0 0.7404513888888891 0.030864197530864286 0.7815280490451391 0.08471378279320987 0.7791442871093752 0.21903935185185183 0.7334459092881946 0.1498601466049383
1 0.1238984375 0.4898055555555556 0.0165546875 0.030180555555555558
3 0.1239765625 0.5047638888888889 0.013421875 0.009527777777777777