5 0.263390625 0.7131666666666667 0.07663281250000001 0.2562638888888889
5 0.6537578125 0.3404722222222222 0.0705859375 0.15920833333333334
6 0.59096875 0.7882777777777777 0.081859375 0.20462500000000003
5 0.4357421875 0.7793472222222222 0.0800546875 0.23441666666666666
5 0.214609375 0.5140972222222222 0.07028124999999999 0.23081944444444444
5 0.1090078125 0.625625 0.061257812499999995 0.23427777777777778
6 0.2574609375 0.3327777777777778 0.04959375 0.1584861111111111
5 0.47018750000000004 0.3788472222222222 0.063890625 0.16968055555555556
5 0.423328125 0.5584305555555555 0.054203125 0.20954166666666668
5 0.92459375 0.5020833333333333 0.05115625 0.2167222222222222
5 0.7438984375000001 0.6483749999999999 0.0517109375 0.2336111111111111
1 0.711703125 0.648 0.0139375 0.029375