5 0.6286833855799373 0.6609444444444444 0.06285266457680251 0.2270277777777778
5 0.4948902821316615 0.552611111111111 0.06219435736677116 0.195
5 0.8261912225705329 0.4488611111111111 0.06199059561128526 0.19563888888888892
5 0.6315673981191222 0.48425 0.044874608150470216 0.1584722222222222
5 0.5559717868338557 0.6040555555555556 0.05045454545454545 0.19244444444444445
6 0.2212382445141066 0.6137222222222222 0.04536050156739812 0.21222222222222223
7 0.22432601880877745 0.20997222222222223 0.025783699059561127 0.052972222222222226
6 0.7074451410658308 0.34788888888888886 0.03909090909090909 0.19230555555555556
0 0.36799781927218217 0.3707729468599035 0.36825869735586764 0.22560952596618364 0.42387630758484396 0.17980544233091791 0.42719318607741585 0.2987149003623189
2 0.4188087774294671 0.3205 0.04275862068965518 0.06127777777777777
5 0.5274137931034483 0.52825 0.024435736677115988 0.1893888888888889