5 0.4463322884012539 0.48236111111111113 0.02835423197492163 0.0995
5 0.6746238244514107 0.45358333333333334 0.022413793103448276 0.08775
5 0.4124921630094044 0.5568888888888889 0.030532915360501567 0.0675
5 0.588385579937304 0.4827777777777778 0.02590909090909091 0.10436111111111111
5 0.4981347962382445 0.46677777777777774 0.025595611285266454 0.10975
2 0.703103448275862 0.38213888888888886 0.017351097178683387 0.03238888888888889
0 0.712143928035982 0.30917874396135275 0.7239446682908546 0.33928706219806765 0.7244078599904593 0.3999754679951692 0.7051321640316206 0.36813575634057977
7 0.8300783699059562 0.3433333333333333 0.015078369905956112 0.029666666666666668
5 0.3276175548589342 0.6235277777777778 0.03371473354231975 0.11663888888888889
6 0.4318025078369906 0.5858333333333333 0.022319749216300942 0.08469444444444443
6 0.8038401253918496 0.5600277777777778 0.023918495297805643 0.08863888888888889
5 0.6248275862068965 0.5175555555555555 0.020282131661442007 0.11241666666666666
5 0.6440595611285267 0.49191666666666667 0.027398119122257054 0.10219444444444445
5 0.5712539184952977 0.4563055555555556 0.023526645768025076 0.08166666666666667
6 0.5061128526645767 0.3888333333333333 0.026802507836990598 0.09652777777777778
5 0.7214890282131662 0.45605555555555555 0.018683385579937303 0.10294444444444445