5 0.1889921875 0.6634166666666667 0.0712265625 0.212
5 0.7483828124999999 0.58825 0.07403125 0.21012499999999998
5 0.3538125 0.5724166666666667 0.0656796875 0.21816666666666668
5 0.62065625 0.6387777777777778 0.0595 0.20506944444444444
5 0.257140625 0.4824722222222222 0.043640625 0.19675
2 0.3260234375 0.24202777777777776 0.031015625 0.06552777777777778
6 0.41297656250000003 0.7184444444444444 0.05609375 0.19929166666666667
7 0.103859375 0.10858333333333334 0.0368984375 0.08833333333333333
6 0.9035234375 0.30695833333333333 0.0372265625 0.16280555555555556
0 0.30500781250000003 0.1877638888888889 0.032882812500000004 0.14783333333333332
5 0.6946640625 0.6206666666666667 0.051960937500000005 0.19155555555555553
5 0.6333203125 0.2811527777777778 0.060140625 0.16084722222222222
5 0.32823437499999997 0.44172222222222224 0.04284375 0.17527777777777778
5 0.500578125 0.3797638888888889 0.0415703125 0.17790277777777777
5 0.532625 0.496125 0.0551171875 0.22076388888888887
6 0.2872421875 0.28894444444444445 0.0307265625 0.14227777777777778
1 0.5917343749999999 0.6854305555555555 0.01815625 0.028055555555555556
7 0.2748671875 0.05436111111111111 0.0226484375 0.10872222222222222