2 0.23709375000000002 0.2794861111111111 0.03425 0.059
5 0.765390625 0.5073194444444444 0.0648125 0.23855555555555555
0 0.2078046875 0.225875 0.0403515625 0.1599861111111111
5 0.49060156250000003 0.7046527777777778 0.07961718749999999 0.2539166666666667
5 0.8060625 0.65625 0.04828125 0.19580555555555554
5 0.3469453125 0.5255972222222223 0.0443828125 0.21020833333333333
7 0.17965625000000002 0.07997222222222222 0.033921875000000004 0.15497222222222223
5 0.4256875 0.63725 0.054078125 0.18254166666666669
6 0.420046875 0.7768611111111111 0.0663125 0.19754166666666664
5 0.29428125 0.4942083333333333 0.0628671875 0.22416666666666668
5 0.5396484375 0.5242083333333334 0.045890625000000004 0.22408333333333333
5 0.5102421875 0.4967083333333333 0.040421875 0.22730555555555554
6 0.264359375 0.34902777777777777 0.0462734375 0.13754166666666667
1 0.4205234375 0.2562083333333333 0.015757812500000003 0.02251388888888889
5 0.2506875 0.4852916666666667 0.059703125 0.18019444444444446