7 0.8898671874999999 0.16344444444444445 0.038421875 0.0985
7 0.7168125 0.09995833333333333 0.0221640625 0.1135
6 0.020398437499999998 0.3661805555555555 0.040796874999999996 0.16136111111111112
6 0.572375 0.7915277777777777 0.047531250000000004 0.2034166666666667
6 0.769078125 0.49080555555555555 0.0364296875 0.15754166666666666
5 0.1918984375 0.5536111111111112 0.06411718749999999 0.22759722222222223
5 0.6450234375 0.6864583333333333 0.0869140625 0.21241666666666667
5 0.59128125 0.6563611111111111 0.05582812499999999 0.1614861111111111
5 0.6011484375 0.4195138888888889 0.0547265625 0.16619444444444445
2 0.6681015625 0.28941666666666666 0.0302421875 0.06340277777777778
5 0.46413281250000005 0.5237638888888889 0.0775703125 0.17405555555555555
5 0.4565859375 0.39408333333333334 0.048585937499999995 0.16470833333333335
5 0.37410156250000004 0.36984722222222227 0.041609375 0.1748888888888889
5 0.547234375 0.28633333333333333 0.0406484375 0.15908333333333335
0 0.6736111111111112 0.1589506172839507 0.7059020996093751 0.20334201388888892 0.7052239312065972 0.3103780864197532 0.6715325249565971 0.2537977430555556
5 0.317671875 0.7647916666666666 0.060687500000000005 0.2394722222222222
5 0.348765625 0.7157777777777778 0.0472578125 0.18463888888888888
1 0.680921875 0.7195277777777777 0.014960937499999999 0.02766666666666667
3 0.680953125 0.7338472222222222 0.010953125 0.006680555555555555