5 0.579328125 0.592486111111111 0.0639296875 0.20925
5 0.6390078124999999 0.5945833333333334 0.0492265625 0.20473611111111112
5 0.7191171875 0.5559999999999999 0.055867187500000005 0.22490277777777778
6 0.42038281250000004 0.7300972222222222 0.0567734375 0.20430555555555555
5 0.20495312499999999 0.6736805555555556 0.07195312499999999 0.22412500000000002
5 0.35303125 0.5862777777777778 0.0538828125 0.22899999999999998
5 0.5100859375 0.49450000000000005 0.053968749999999996 0.21509722222222222
7 0.12798437499999998 0.10925 0.036351562500000004 0.09269444444444444
5 0.2825078125 0.520375 0.04609375 0.22198611111111113
5 0.5691484375 0.39781944444444445 0.053828125000000004 0.14669444444444446
6 0.30955468750000004 0.2957916666666667 0.0295078125 0.13434722222222223
0 0.33142187500000003 0.18781944444444443 0.034609375 0.14820833333333333
5 0.7171093749999999 0.3143888888888889 0.0496953125 0.16683333333333333
6 0.9392343750000001 0.3132638888888889 0.037703125 0.16168055555555555
2 0.35438281250000003 0.24529166666666669 0.029398437500000003 0.060097222222222225
7 0.30115625 0.0525 0.024671875 0.105
5 0.3423515625 0.4491111111111111 0.050492187499999994 0.18509722222222225
1 0.5476015624999999 0.5768333333333333 0.01796875 0.03038888888888889