7 0.9091875 0.1078888888888889 0.04928125 0.147875
7 0.6881328124999999 0.06041666666666667 0.040507812500000004 0.12083333333333333
5 0.15759375 0.875 0.08775 0.25
5 0.1442578125 0.7372083333333332 0.06977343750000001 0.23368055555555556
6 0.5680390625 0.804236111111111 0.0670546875 0.29981944444444447
6 0.6557578125 0.35925 0.0391796875 0.17529166666666665
5 0.6166171874999999 0.6558611111111111 0.0700390625 0.2901111111111111
5 0.508375 0.6809861111111111 0.08792968749999999 0.28170833333333334
5 0.6263124999999999 0.46769444444444447 0.0425234375 0.16994444444444445
5 0.46917187499999996 0.5210277777777778 0.0459921875 0.15625
5 0.5067265625 0.5588888888888889 0.0551171875 0.26284722222222223
5 0.5667500000000001 0.5539583333333333 0.0675390625 0.24680555555555553
5 0.5717734375 0.42906944444444445 0.049796875000000004 0.1698611111111111
2 0.6296406250000001 0.27141666666666664 0.0474765625 0.07059722222222221
0 0.6362847222222222 0.11728395061728404 0.6834038628472223 0.15342881944444453 0.6823289659288194 0.2880919656635803 0.6323716905381944 0.24133150077160495
1 0.645625 0.5906666666666667 0.012234375 0.024861111111111108
3 0.646109375 0.6031944444444445 0.0103359375 0.011930555555555555