6 0.6118181818181818 0.7259166666666667 0.06808777429467085 0.2167222222222222
5 0.11849529780564262 0.5819444444444445 0.06384012539184952 0.21947222222222224
5 0.39214733542319746 0.34347222222222223 0.03738244514106583 0.2091111111111111
5 0.0459717868338558 0.6450833333333333 0.08 0.23733333333333334
5 0.23857366771159877 0.35347222222222224 0.046347962382445144 0.18150000000000002
5 0.6940752351097178 0.3319722222222222 0.04528213166144201 0.2006111111111111
0 0.19026645768025077 0.1309722222222222 0.045094043887147335 0.1603611111111111
5 0.6882445141065832 0.57675 0.09733542319749217 0.22086111111111112
5 0.5618808777429467 0.3974444444444445 0.06778996865203762 0.201
5 0.6296238244514106 0.5902777777777778 0.07239811912225705 0.2336111111111111
5 0.2627742946708464 0.2879166666666667 0.044858934169279 0.19419444444444445
2 0.20926332288401253 0.20644444444444443 0.04274294670846395 0.07927777777777778
5 0.471755485893417 0.2816388888888889 0.03976489028213166 0.20111111111111113
6 0.5567398119122257 0.25316666666666665 0.042194357366771164 0.15125