5 0.6827899686520377 0.4628333333333333 0.07352664576802508 0.28202777777777777
5 0.8348275862068966 0.7616944444444443 0.08197492163009404 0.3213888888888889
0 0.261128526645768 0.16827777777777778 0.0590909090909091 0.2133611111111111
5 0.45976489028213163 0.44122222222222224 0.05501567398119123 0.2220277777777778
2 0.2921159874608151 0.2605277777777778 0.046880877742946706 0.0968888888888889
6 0.5274137931034483 0.6680555555555555 0.07178683385579937 0.2776388888888889
5 0.2613793103448276 0.6284722222222222 0.06355799373040752 0.3236111111111111
7 0.031802507836990596 0.08688888888888889 0.05271159874608151 0.10375000000000001
6 0.22954545454545452 0.43330555555555555 0.051567398119122254 0.2578888888888889
5 0.3074921630094044 0.5986111111111111 0.06512539184952977 0.31072222222222223
5 0.35344827586206895 0.6899722222222222 0.09178683385579937 0.23022222222222222
5 0.45105015673981186 0.6515277777777778 0.059796238244514105 0.3296111111111111