6 0.579390625 0.7834444444444445 0.0811796875 0.21179166666666668
5 0.611609375 0.6700277777777778 0.071 0.23638888888888887
5 0.7052265625 0.6945138888888889 0.09609375 0.23216666666666666
5 0.1964296875 0.5552777777777778 0.05384375 0.2265833333333333
5 0.344796875 0.5758888888888889 0.061250000000000006 0.237375
5 0.2393984375 0.5253194444444444 0.05352343750000001 0.21245833333333333
5 0.8729687500000001 0.6424722222222222 0.0602421875 0.2228472222222222
5 0.451078125 0.4971527777777778 0.050664062499999996 0.19422222222222224
5 0.6807109375 0.4615833333333333 0.043375000000000004 0.201
6 0.341390625 0.33929166666666666 0.044234375 0.15583333333333332
5 0.9466015625 0.505625 0.068703125 0.22556944444444443
1 0.654296875 0.5460833333333334 0.0145546875 0.029041666666666667