5 0.9832578125 0.7537222222222222 0.033484375 0.24156944444444445
5 0.10983593750000001 0.5877638888888889 0.036640624999999996 0.163625
5 0.2572421875 0.6193055555555556 0.0591328125 0.1711527777777778
5 0.23567187500000003 0.47788888888888886 0.031609375 0.11848611111111111
5 0.4847578125 0.6354722222222222 0.052109375 0.18363888888888888
5 0.40553125 0.5975 0.043203124999999995 0.179125
5 0.4434609375 0.4925277777777778 0.0297734375 0.11601388888888889
5 0.5153828125000001 0.5574861111111111 0.046390625000000005 0.15069444444444444
5 0.7519843749999999 0.4874027777777778 0.03521875 0.10973611111111112
5 0.61575 0.46359722222222227 0.0261328125 0.10973611111111112
5 0.6505468750000001 0.4845 0.0265390625 0.111875
5 0.6650703124999999 0.60125 0.049320312500000005 0.126875
5 0.6239296875 0.5959027777777778 0.0358046875 0.14548611111111112
0 0.4964453125 0.325125 0.0687890625 0.06693055555555555
7 0.49590625 0.23875000000000002 0.0386953125 0.08068055555555556
2 0.4957734375 0.36370833333333336 0.025031249999999998 0.050152777777777775
1 0.5985390625 0.6361111111111111 0.0118125 0.02023611111111111
3 0.59703125 0.6465972222222223 0.012640624999999999 0.009152777777777777