5 0.8869765624999999 0.6503749999999999 0.0880703125 0.23054166666666667
6 0.5672421875 0.7842222222222222 0.0527734375 0.20513888888888887
5 0.210875 0.5384166666666667 0.0472578125 0.1908611111111111
2 0.0265859375 0.2730972222222222 0.03940625 0.06151388888888889
5 0.68096875 0.6995 0.06769531250000001 0.24020833333333333
5 0.254953125 0.5294444444444444 0.048585937499999995 0.2137222222222222
5 0.597390625 0.66475 0.05875781249999999 0.22238888888888889
5 0.47717187499999997 0.4988472222222222 0.052531249999999995 0.19324999999999998
5 0.9380390625 0.49761111111111106 0.0527890625 0.1935138888888889
5 0.349234375 0.5799583333333334 0.0545390625 0.22595833333333332
5 0.680390625 0.47552777777777777 0.072421875 0.21308333333333332
6 0.3545390625 0.3437222222222222 0.0528359375 0.17230555555555555
1 0.6615234375 0.5184166666666666 0.014249999999999999 0.02343055555555556
0 0.0007102272727272707 0.14393939393939398 0.016734730113636343 0.1288322679924243 0.02277721058238636 0.2572551688762626 0.0014398748224431796 0.27721058238636365