5 0.579640625 0.5825138888888889 0.065796875 0.2936666666666667
5 0.6593828125 0.48154166666666665 0.0474140625 0.24255555555555552
6 0.47660937499999995 0.8666666666666667 0.0801484375 0.21505555555555556
0 0.66165625 0.1860138888888889 0.0581875 0.1873472222222222
7 0.933015625 0.08830555555555555 0.05278125 0.15727777777777777
5 0.2473515625 0.6676111111111112 0.08521875 0.26358333333333334
5 0.47975781250000005 0.6606388888888889 0.07195312499999999 0.2562638888888889
5 0.49243750000000003 0.5436527777777778 0.062179687500000004 0.20170833333333332
5 0.276375 0.551 0.0956171875 0.18619444444444444
6 0.6571328125 0.34152777777777776 0.037578125000000004 0.15893055555555557
5 0.4539375 0.4300277777777778 0.055882812500000004 0.13177777777777777
1 0.697171875 0.6052083333333333 0.017203125 0.03258333333333333
2 0.6289374999999999 0.2604027777777778 0.0376953125 0.07381944444444444