5 0.28609375 0.8023472222222223 0.0537265625 0.23852777777777778
5 0.6995546874999999 0.6234861111111112 0.053937500000000006 0.2513472222222222
5 0.2582734375 0.4458888888888889 0.032171875 0.1771111111111111
5 0.29333593750000003 0.42168055555555556 0.038203125 0.143875
5 0.3458671875 0.4635138888888889 0.053953125000000005 0.20229166666666668
5 0.42173437500000005 0.4661388888888889 0.0494375 0.1671388888888889
5 0.5422343749999999 0.4416527777777778 0.0475390625 0.17844444444444443
5 0.48814062500000005 0.43093055555555554 0.03384375 0.18508333333333332
5 0.4498046875 0.4274027777777778 0.027945312500000003 0.14266666666666666
5 0.5477890624999999 0.35570833333333335 0.048953125 0.11434722222222223
5 0.8042109375000001 0.6706666666666666 0.051437500000000004 0.18477777777777776
5 0.9192890625000001 0.60125 0.031757812499999996 0.22018055555555555
1 0.244078125 0.5116527777777777 0.013515625 0.018583333333333334
3 0.24167187499999998 0.5244166666666666 0.004875 0.007416666666666667
5 0.271125 0.32325000000000004 0.031828125 0.11640277777777779
0 0.6419270833333333 0.14930555555555552 0.6835403442382812 0.1804108796296296 0.6821212768554688 0.3004557291666667 0.6392542521158855 0.2626681857638889
2 0.6388125 0.28602777777777777 0.03803125 0.06279166666666666
7 0.880046875 0.14490277777777777 0.0374453125 0.10231944444444445
7 0.6911875000000001 0.08363888888888889 0.0216953125 0.15802777777777777