0 0.6383046875 0.19525 0.0478125 0.13854166666666667
5 0.48080468749999994 0.7067222222222221 0.0802578125 0.22349999999999998
5 0.5616171875 0.4198194444444444 0.053679687499999997 0.194
5 0.515625 0.5287916666666667 0.0468046875 0.16154166666666667
6 0.57471875 0.7567361111111112 0.06133593750000001 0.2064027777777778
5 0.4614765625 0.48137499999999994 0.049453125 0.17247222222222222
5 0.318046875 0.4851388888888889 0.07421093749999999 0.20291666666666666
7 0.8407656250000001 0.11459722222222223 0.0357421875 0.08620833333333333
7 0.6653515624999999 0.06586111111111112 0.0218046875 0.11056944444444444
5 0.3263359375 0.35227777777777775 0.0380625 0.1514861111111111
5 0.37863281249999997 0.4815694444444445 0.0594375 0.18922222222222224
2 0.6203984375 0.2540833333333333 0.0347890625 0.06701388888888889
6 0.6422578125 0.3193611111111111 0.037703125 0.15659722222222222
5 0.49389843750000006 0.26913888888888887 0.037843749999999995 0.18418055555555557
5 0.22828906249999997 0.3147916666666667 0.034703125 0.18234722222222222
6 0.11673437499999999 0.30295833333333333 0.0365859375 0.1920138888888889
5 0.486203125 0.6054999999999999 0.056781250000000005 0.20544444444444443
1 0.49692187499999996 0.6228333333333333 0.0172890625 0.034555555555555555