5 0.8071093749999999 0.6014305555555555 0.08452343749999999 0.2567361111111111
5 0.34690625 0.533875 0.0613984375 0.2625138888888889
5 0.567859375 0.5840000000000001 0.0778203125 0.2517638888888889
5 0.5032109375 0.33902777777777776 0.028999999999999998 0.20893055555555556
5 0.5220234375 0.44366666666666665 0.0605234375 0.25156944444444446
5 0.6784921875000001 0.7255555555555555 0.0877890625 0.24727777777777776
6 0.605140625 0.8298888888888889 0.07096875 0.21984722222222222
5 0.70103125 0.49361111111111106 0.073640625 0.24425000000000002
5 0.69278125 0.4278194444444444 0.059187500000000004 0.24145833333333333
5 0.6101093750000001 0.39822222222222226 0.047132812499999996 0.22237500000000002
7 0.2353203125 0.06415277777777778 0.047031250000000004 0.12831944444444446
2 0.29324218750000003 0.2871944444444444 0.037875 0.07130555555555557
7 0.015015625 0.145625 0.03003125 0.17705555555555555
0 0.24565972222222218 0.17592592592592604 0.28802829318576395 0.1378701292438272 0.28895738389756936 0.26701750578703715 0.24722968207465285 0.3058629918981482
6 0.358015625 0.35068055555555555 0.05109375000000001 0.20137500000000003
1 0.628890625 0.4821944444444445 0.0148828125 0.027208333333333334
3 0.62909375 0.49744444444444447 0.012453124999999999 0.017916666666666668