5 0.548015625 0.5823055555555555 0.053203125 0.18729166666666666
5 0.223140625 0.6845277777777778 0.069984375 0.20377777777777778
5 0.5028515625 0.5003333333333333 0.06434375 0.21843055555555557
5 0.6211562500000001 0.5777222222222222 0.054898437499999994 0.21061111111111108
6 0.42418750000000005 0.7391944444444445 0.059046875 0.20029166666666667
0 0.3396484375 0.19090277777777775 0.040984375 0.15252777777777776
5 0.3565625 0.584486111111111 0.05234375 0.2331527777777778
5 0.59078125 0.4074027777777778 0.049546875000000004 0.169375
7 0.1360859375 0.1156388888888889 0.0316796875 0.08283333333333333
5 0.7022421875 0.53425 0.06949999999999999 0.20401388888888888
6 0.9540234375000001 0.3177361111111111 0.038203125 0.16422222222222221
2 0.364875 0.2544722222222222 0.0286015625 0.06634722222222222
5 0.29778125 0.5457222222222222 0.05192187499999999 0.21683333333333335
5 0.749125 0.3454861111111111 0.053476562500000005 0.13855555555555557
5 0.3552265625 0.43618055555555557 0.0481015625 0.15955555555555556
7 0.3137109375 0.06081944444444444 0.028945312499999997 0.121625
1 0.5193515625 0.6101666666666666 0.018015625 0.029944444444444444