2 0.23800781249999997 0.27981944444444445 0.0364765625 0.06891666666666667
5 0.765703125 0.5132916666666667 0.059109375 0.23605555555555557
0 0.20996874999999998 0.22530555555555556 0.039640625 0.164625
5 0.805765625 0.6606527777777778 0.0515625 0.19994444444444445
5 0.4884765625 0.7034722222222223 0.08787500000000001 0.26175000000000004
7 0.181546875 0.07725 0.0333828125 0.1545
6 0.4208671875 0.7765000000000001 0.0627109375 0.19408333333333336
5 0.3476640625 0.5305555555555556 0.054796875 0.22006944444444443
5 0.2931328125 0.49197222222222226 0.063625 0.22380555555555554
5 0.423609375 0.6389027777777778 0.0541484375 0.1862361111111111
5 0.532234375 0.5237638888888889 0.04853125 0.22730555555555554
5 0.51134375 0.49415277777777783 0.049578125 0.22891666666666666
1 0.41553125 0.25687499999999996 0.017140625 0.028902777777777777
6 0.25289843749999996 0.37145833333333333 0.052445312499999994 0.17222222222222222
5 0.250859375 0.4913194444444444 0.063625 0.1922361111111111