6 0.21097178683385578 0.6576944444444445 0.04498432601880878 0.20208333333333334
5 0.5802351097178683 0.6368611111111111 0.05075235109717869 0.2315
5 0.38294670846394985 0.5146666666666667 0.03130094043887147 0.15466666666666667
5 0.5149843260188088 0.48866666666666664 0.035297805642633226 0.1778611111111111
5 0.41835423197492166 0.6105833333333334 0.03910658307210031 0.19294444444444442
5 0.575423197492163 0.4819166666666667 0.03362068965517241 0.13533333333333333
5 0.7641379310344827 0.49966666666666665 0.03946708463949843 0.10958333333333334
5 0.956974921630094 0.5005277777777778 0.05391849529780564 0.19705555555555554
7 0.23133228840125392 0.2566111111111111 0.03810344827586207 0.064
5 0.7796238244514107 0.5853611111111111 0.04557993730407523 0.16797222222222222
5 0.7258777429467085 0.604 0.06525078369905957 0.19002777777777777
7 0.38918495297805644 0.12986111111111112 0.025407523510971787 0.11636111111111111
0 0.4189655172413793 0.28705555555555556 0.03394984326018809 0.16244444444444445
8 0.774294670846395 0.8708611111111111 0.052758620689655165 0.1808888888888889
8 0.8565360501567398 0.4273611111111111 0.04481191222570533 0.19880555555555554
8 0.4491692789968652 0.7564722222222222 0.03167711598746081 0.050194444444444444
8 0.45034482758620686 0.39455555555555555 0.03192789968652038 0.14555555555555555
2 0.4442789968652037 0.35133333333333333 0.032711598746081504 0.06152777777777777
1 0.3555329153605016 0.44530555555555557 0.013244514106583071 0.02344444444444444
5 0.6638557993730407 0.5781944444444445 0.07750783699059562 0.21194444444444444