6 0.706921875 0.7850416666666666 0.0492578125 0.19969444444444445
6 0.27745312499999997 0.34149999999999997 0.051437500000000004 0.11819444444444444
5 0.206828125 0.4508611111111111 0.0855234375 0.13320833333333332
5 0.36628125 0.42826388888888894 0.062421875 0.14048611111111112
5 0.5094453125 0.6933888888888889 0.057085937499999996 0.2108611111111111
5 0.56078125 0.6183194444444444 0.0434296875 0.18725
5 0.6552265625 0.3976111111111111 0.029195312499999997 0.1625
5 0.7046328125 0.31306944444444446 0.03253125 0.15165277777777778
5 0.815453125 0.5943333333333334 0.06493750000000001 0.17325
5 0.9710078125000001 0.7287777777777779 0.0496640625 0.22916666666666666
6 0.8593359375 0.3865833333333333 0.029429687500000003 0.1527916666666667
5 0.46536718749999995 0.47954166666666664 0.0296875 0.16587500000000002
5 0.4960703125 0.46468055555555554 0.051164062499999996 0.12072222222222223
7 0.8874140625000001 0.136125 0.0317734375 0.10866666666666666
2 0.83234375 0.322625 0.031015625 0.06190277777777778
0 0.8411458333333333 0.20679012345679024 0.8734232584635416 0.2440622588734569 0.871242947048611 0.34698109567901236 0.8351949055989583 0.2974235628858026
1 0.1483125 0.5180972222222222 0.0118046875 0.022055555555555557
3 0.14803125 0.5296388888888889 0.007140625 0.009083333333333334