6 0.466296875 0.7687916666666667 0.067703125 0.21241666666666667
5 0.6444062500000001 0.49806944444444445 0.0914296875 0.20702777777777778
6 0.29640625 0.27584722222222224 0.052937500000000005 0.18831944444444446
5 0.4201796875 0.6299166666666667 0.08785156250000001 0.19441666666666665
5 0.940046875 0.3707916666666667 0.0710234375 0.19823611111111109
5 0.6285624999999999 0.342875 0.0519296875 0.168625
5 0.5590625 0.4946527777777777 0.0627265625 0.22108333333333335
0 0.2217109375 0.14438888888888887 0.0551953125 0.15390277777777778
5 0.43503125000000004 0.4366111111111111 0.062546875 0.20912499999999998
5 0.3771015625 0.5373194444444445 0.0653125 0.15165277777777778
2 0.25275781249999996 0.21893055555555554 0.0330234375 0.07605555555555556
1 0.3651875 0.5919166666666666 0.015765625 0.029680555555555557
5 0.9836953125000001 0.6725972222222222 0.032609375 0.2443888888888889