5 0.430359375 0.6092222222222222 0.09596875 0.2585972222222222
5 0.9076718749999999 0.7155277777777778 0.0719453125 0.32493055555555556
5 0.3919921875 0.45261111111111113 0.048320312500000004 0.25156944444444446
5 0.3112578125 0.5901527777777779 0.05828124999999999 0.22655555555555557
6 0.486171875 0.8194999999999999 0.0545625 0.12805555555555556
5 0.583875 0.35708333333333336 0.043859375 0.18119444444444446
5 0.7434453125 0.5480694444444445 0.06867187500000001 0.25701388888888893
5 0.3040078125 0.4418472222222222 0.055374999999999994 0.17969444444444443
0 0.2629375 0.1818888888888889 0.0454765625 0.1555277777777778
6 0.3081875 0.2979722222222222 0.0430546875 0.16969444444444445
5 0.9242265625 0.4092222222222222 0.0472890625 0.23054166666666667
2 0.2925703125 0.25716666666666665 0.03715625 0.08248611111111111
7 0.011703125 0.08719444444444445 0.023015625 0.11975
5 0.42107031250000004 0.4597916666666667 0.024828125 0.25475
5 0.2251796875 0.04786111111111111 0.032960937499999995 0.09572222222222222