5 0.539296875 0.7010277777777778 0.091046875 0.24843055555555557
6 0.2864453125 0.3534305555555556 0.05675 0.17077777777777778
5 0.8332656249999999 0.6560416666666667 0.06889062500000001 0.20645833333333335
0 0.1704453125 0.21644444444444444 0.051484375000000006 0.1641527777777778
5 0.82384375 0.4907361111111111 0.054515625 0.19593055555555555
7 0.138875 0.07527777777777778 0.03640625 0.1401111111111111
5 0.58840625 0.4961527777777778 0.057460937499999996 0.22080555555555553
5 0.5146015625 0.414 0.04553125 0.27405555555555555
5 0.34085156250000004 0.5455972222222222 0.05396093749999999 0.20122222222222222
6 0.4521484375 0.77125 0.0467890625 0.1856111111111111
2 0.19989062500000002 0.27418055555555554 0.03209375 0.06470833333333334
5 0.2773046875 0.5065138888888889 0.054984374999999995 0.184875
5 0.47378125000000004 0.6523194444444445 0.054570312499999996 0.23255555555555554
5 0.2346875 0.5005277777777778 0.0665625 0.1955138888888889