2 0.09039184952978056 0.18941666666666665 0.03526645768025078 0.06547222222222222
5 0.51858934169279 0.47358333333333336 0.07244514106583072 0.20155555555555557
5 0.9095611285266457 0.4824722222222222 0.05413793103448276 0.22025000000000003
5 0.45934169278996867 0.3550833333333333 0.09390282131661441 0.1858611111111111
6 0.18142633228840124 0.27161111111111114 0.07047021943573668 0.17811111111111114
5 0.3711598746081505 0.6228333333333333 0.10815047021943573 0.23566666666666666
5 0.22191222570532917 0.4369166666666666 0.0752664576802508 0.2199722222222222
5 0.8275548589341694 0.23438888888888887 0.0985423197492163 0.1845
5 0.527539184952978 0.27655555555555555 0.05072100313479624 0.15133333333333332
5 0.9721159874608151 0.35597222222222225 0.05387147335423197 0.193
6 0.6717711598746081 0.7171388888888889 0.04329153605015674 0.16616666666666666
1 0.41642633228840126 0.5700277777777778 0.015078369905956112 0.03136111111111111
0 0.047021943573667714 0.21256038647342998 0.043894068590704646 0.08370131340579715 0.07135547993048931 0.0275843523550726 0.08237358593430559 0.15716523248792275