6 0.3151015625 0.28951388888888885 0.0369921875 0.20256944444444444
5 0.412171875 0.6328611111111111 0.0769765625 0.2519027777777778
5 0.577546875 0.5028472222222222 0.0863125 0.22379166666666667
0 0.307171875 0.14497222222222222 0.04721875 0.15536111111111112
5 0.8626796875 0.7012499999999999 0.09684374999999999 0.2536527777777778
6 0.449890625 0.7833611111111111 0.05753125 0.2043888888888889
5 0.4944609375 0.5192361111111111 0.055374999999999994 0.2622083333333333
5 0.5698515625 0.3495972222222222 0.045632812499999995 0.14258333333333334
7 0.06296093750000001 0.059027777777777776 0.046484375 0.10170833333333335
5 0.9275078125 0.34600000000000003 0.0468046875 0.21744444444444444
5 0.3939921875 0.49147222222222225 0.0574921875 0.26043055555555555
2 0.3361796875 0.211875 0.035671875 0.06226388888888889
5 0.4000390625 0.36237500000000006 0.051101562499999996 0.08622222222222221
5 0.41830468749999994 0.4983194444444445 0.054914062500000006 0.106125
1 0.41385937500000003 0.5083749999999999 0.0134765625 0.026680555555555558