5 0.5541015625 0.7125555555555555 0.0774453125 0.261125
5 0.753796875 0.7809305555555556 0.0836796875 0.2806944444444444
6 0.470859375 0.8 0.06492187499999999 0.1757638888888889
5 0.3863046875 0.5534861111111111 0.0626015625 0.23727777777777778
7 0.13960937499999998 0.08695833333333333 0.0435859375 0.1078888888888889
5 0.7993750000000001 0.3414027777777778 0.0491953125 0.20504166666666665
0 0.37960937499999997 0.19293055555555555 0.042890625 0.17184722222222223
2 0.4056875 0.25266666666666665 0.0388671875 0.07179166666666667
5 0.4739140625 0.4684027777777778 0.0609453125 0.2568888888888889
5 0.41004687500000003 0.5975694444444445 0.059039062499999996 0.26261111111111113
7 0.350515625 0.05670833333333333 0.0285234375 0.11341666666666667
5 0.4515703125 0.646361111111111 0.055374999999999994 0.24156944444444445
5 0.4570390625 0.3643611111111111 0.026828125 0.07547222222222223
5 0.41621874999999997 0.4186944444444444 0.055570312499999996 0.13451388888888888
5 0.429296875 0.4705833333333333 0.0434921875 0.09084722222222222
1 0.414640625 0.18651388888888887 0.0167734375 0.03141666666666667