6 0.3091692789968652 0.3512222222222222 0.024608150470219435 0.09711111111111112
5 0.6864263322884012 0.3973055555555556 0.024968652037617556 0.09619444444444446
5 0.590846394984326 0.5243055555555556 0.02308777429467085 0.10405555555555555
5 0.3569278996865204 0.44619444444444445 0.03731974921630094 0.09452777777777778
5 0.2997492163009405 0.5345833333333333 0.02702194357366771 0.14427777777777778
5 0.7368338557993731 0.4367777777777778 0.022115987460815046 0.09341666666666668
5 0.4721316614420063 0.45375 0.03468652037617555 0.10877777777777776
5 0.5740282131661443 0.3946388888888889 0.021003134796238245 0.09255555555555556
5 0.6003448275862069 0.41891666666666666 0.023526645768025076 0.10427777777777777
5 0.6718652037617554 0.46855555555555556 0.02274294670846395 0.1272222222222222
2 0.7077899686520376 0.3250277777777778 0.02263322884012539 0.04375
0 0.7139381303666349 0.24585786533816428 0.7277566827381764 0.271220184178744 0.7261834281722777 0.33395606884057977 0.7095910496456318 0.3017436594202899
7 0.8422570532915361 0.28091666666666665 0.01763322884012539 0.025583333333333336