5 0.39504702194357366 0.6204999999999999 0.07169278996865204 0.2570277777777778
2 0.2534639498432602 0.24708333333333335 0.03705329153605016 0.0765
5 0.8511912225705328 0.29838888888888887 0.07507836990595611 0.19655555555555557
6 0.7173040752351098 0.8264444444444444 0.057241379310344835 0.23225
5 0.46261755485893413 0.41063888888888894 0.10332288401253918 0.2023888888888889
5 0.5306426332288401 0.4846944444444445 0.07641065830721003 0.18225
5 0.5596394984326019 0.34144444444444444 0.06695924764890282 0.12986111111111112
5 0.3014733542319749 0.4325 0.08816614420062696 0.19555555555555557
5 0.9871316614420063 0.5573333333333333 0.02572100313479624 0.18261111111111109
0 0.21057652991685977 0.26811594202898553 0.20925084332833585 0.1346476826690822 0.24091026219844627 0.07704464824879227 0.24665756610331202 0.2066915760869565
6 0.22434169278996866 0.3264444444444444 0.07606583072100313 0.16255555555555556
1 0.3313009404388715 0.4156944444444445 0.015219435736677117 0.027055555555555555