0 0.24050781250000003 0.21568055555555554 0.045328125000000004 0.16702777777777778
5 0.7109375 0.5080555555555556 0.06177343749999999 0.23213888888888887
5 0.3545859375 0.6310138888888889 0.0511484375 0.2502638888888889
5 0.8087109375000001 0.6584027777777778 0.0511796875 0.19087500000000002
2 0.26935937499999996 0.2776388888888889 0.031140624999999998 0.06884722222222223
7 0.2119921875 0.05476388888888889 0.036390624999999996 0.10952777777777778
5 0.296390625 0.4660694444444444 0.062875 0.21219444444444444
5 0.3669375 0.431875 0.0571796875 0.17566666666666667
5 0.492375 0.4987083333333333 0.033953125 0.22181944444444446
6 0.39140625 0.7672361111111111 0.057546875 0.20037500000000003
7 0.012273437500000001 0.1292361111111111 0.0245390625 0.09631944444444443
5 0.42712500000000003 0.6918888888888889 0.057640625 0.26534722222222223
6 0.2219765625 0.3660972222222222 0.0426328125 0.18045833333333333
5 0.3363125 0.4405833333333334 0.03615625 0.17720833333333333
1 0.395578125 0.3196111111111111 0.012750000000000001 0.023069444444444445
5 0.46167187500000006 0.5060833333333333 0.04315625 0.23531944444444444