5 0.41709375 0.5982916666666667 0.0916640625 0.2670416666666667
5 0.7161953125 0.5527083333333334 0.0983671875 0.24190277777777777
5 0.8923984375 0.7064305555555556 0.071265625 0.31525
6 0.4692265625 0.8111527777777777 0.05239843749999999 0.14731944444444445
5 0.56925 0.34180555555555553 0.0759609375 0.20220833333333335
5 0.3924375 0.43724999999999997 0.040765625 0.20208333333333334
6 0.304328125 0.3000555555555555 0.0452265625 0.15611111111111112
5 0.9113046875 0.40730555555555553 0.0486015625 0.23305555555555557
7 0.012718750000000001 0.08441666666666667 0.025437500000000002 0.11193055555555556
5 0.322609375 0.5762777777777778 0.0566953125 0.2341111111111111
5 0.3130078125 0.4561111111111111 0.052968749999999995 0.22188888888888889
5 0.415859375 0.43772222222222223 0.0374609375 0.19119444444444444
7 0.22984374999999999 0.05175 0.03690625 0.10348611111111111
0 0.2642890625 0.18136111111111114 0.06674218750000001 0.15620833333333334
2 0.291515625 0.25372222222222224 0.0383671875 0.07216666666666667