5 0.57959375 0.5933333333333333 0.0674375 0.20626388888888889
5 0.7201562499999999 0.5593611111111111 0.056578125 0.22134722222222222
5 0.204640625 0.6688472222222223 0.0695390625 0.21818055555555557
6 0.42025781249999994 0.7334166666666666 0.058046875 0.21229166666666666
5 0.642859375 0.5990694444444444 0.049328125 0.2125277777777778
5 0.5127890625 0.49801388888888887 0.055906250000000005 0.2090138888888889
7 0.12250781250000001 0.11559722222222223 0.036421875 0.09208333333333332
5 0.3532109375 0.5795277777777778 0.051101562499999996 0.23180555555555557
5 0.281578125 0.5212361111111111 0.045140625000000004 0.2141388888888889
5 0.56521875 0.3989861111111111 0.052437500000000005 0.14455555555555555
0 0.33259375 0.1872777777777778 0.0353671875 0.14679166666666665
6 0.3095703125 0.2912222222222222 0.029671874999999997 0.14583333333333334
6 0.9368437500000001 0.3139444444444444 0.03496875 0.15995833333333334
2 0.3514453125 0.24695833333333334 0.026007812499999998 0.06280555555555556
5 0.3415859375 0.4472083333333333 0.05096874999999999 0.1860138888888889
5 0.7095703125 0.307875 0.04159375 0.1569722222222222
7 0.299515625 0.06161111111111111 0.023515625000000002 0.11295833333333333
1 0.550125 0.5757361111111111 0.0174296875 0.029263888888888888