5 0.2888046875 0.6595694444444444 0.06103125 0.22406944444444446
5 0.7418437499999999 0.5599305555555555 0.06115625 0.22166666666666665
5 0.408109375 0.3548611111111111 0.044171875 0.16668055555555555
0 0.27630468750000003 0.18304166666666666 0.038984375 0.14118055555555556
5 0.4083984375 0.5809861111111111 0.059414062499999996 0.19501388888888888
6 0.39915625 0.7205 0.051523437500000005 0.19375
6 0.8605625 0.2985833333333333 0.0370546875 0.16384722222222223
5 0.30974218750000004 0.4250833333333333 0.037625 0.2101111111111111
5 0.8190625 0.5588472222222223 0.05192187499999999 0.16120833333333331
5 0.859546875 0.5805 0.063671875 0.18884722222222222
7 0.077875 0.10694444444444444 0.033687499999999995 0.087375
5 0.5305 0.45808333333333334 0.054460937499999994 0.2098888888888889
2 0.2993203125 0.23815277777777777 0.024359375 0.05372222222222222
5 0.2808359375 0.41733333333333333 0.035203125 0.18187499999999998
1 0.8610234374999999 0.5622777777777778 0.0184140625 0.030625
5 0.4316484375 0.2635416666666667 0.033578125 0.15208333333333332
7 0.24728124999999998 0.042194444444444444 0.027375 0.08438888888888889