5 0.9076175548589341 0.5178611111111111 0.06305642633228839 0.2878611111111111
5 0.37539184952978055 0.48933333333333334 0.07236677115987461 0.2871111111111111
2 0.2845924764890282 0.24144444444444446 0.04457680250783699 0.08044444444444444
5 0.6940752351097178 0.5206388888888889 0.09221003134796238 0.2776388888888889
5 0.7492633228840125 0.5352222222222223 0.06780564263322884 0.2846666666666667
5 0.5285736677115987 0.38072222222222224 0.04310344827586207 0.2068611111111111
5 0.38669278996865203 0.33294444444444443 0.07786833855799373 0.11599999999999999
5 0.44181818181818183 0.47611111111111115 0.05938871473354232 0.2696388888888889
5 0.4946551724137931 0.48916666666666664 0.05633228840125391 0.2882222222222222
5 0.48815047021943575 0.3563888888888889 0.04222570532915361 0.09066666666666667
6 0.1940909090909091 0.3357777777777778 0.05807210031347962 0.21611111111111111
1 0.41443573667711603 0.32355555555555554 0.023369905956112852 0.03844444444444444
0 0.2391213839103176 0.2693944368961353 0.2355329792490119 0.11784797705314018 0.2703708515060652 0.04677592844202899 0.27731340295761214 0.20406382095410625