5 0.284484375 0.6610972222222222 0.06959375 0.22569444444444445
5 0.7441015625 0.5607777777777778 0.0645703125 0.22656944444444443
5 0.4065546875 0.3565138888888889 0.045414062500000005 0.15938888888888889
0 0.27657031249999997 0.18291666666666664 0.040109375 0.14377777777777778
6 0.399515625 0.7205694444444444 0.0548203125 0.19406944444444443
5 0.40707812499999996 0.5823472222222222 0.057078125 0.20362500000000003
5 0.8625546875 0.5862916666666667 0.061671875 0.18570833333333334
5 0.8208046875000001 0.5586388888888889 0.0502265625 0.16526388888888888
5 0.31109375 0.42319444444444443 0.03584375 0.21269444444444444
6 0.86090625 0.298625 0.0355078125 0.16430555555555554
7 0.07748437500000001 0.106875 0.034164062499999995 0.08797222222222223
5 0.5313749999999999 0.45761111111111114 0.055015625 0.21909722222222222
5 0.435671875 0.2658611111111111 0.038890625 0.16218055555555555
2 0.2990234375 0.23809722222222224 0.0246796875 0.053
5 0.2806953125 0.42938888888888893 0.0370546875 0.18655555555555556
1 0.8534140625 0.5717083333333334 0.015632812500000003 0.030430555555555554
7 0.24810156249999998 0.044625000000000005 0.0305859375 0.08923611111111111