5 0.5944453125 0.4345277777777778 0.062578125 0.18254166666666669
5 0.5119687500000001 0.6151666666666666 0.0461796875 0.21611111111111111
7 0.157640625 0.119625 0.044125 0.1097638888888889
5 0.7196171875 0.32681944444444444 0.051726562499999997 0.17954166666666668
0 0.3768203125 0.20413888888888887 0.040609374999999996 0.15816666666666665
2 0.39903125 0.26740277777777777 0.033125 0.06963888888888889
5 0.47671093750000004 0.497875 0.040796874999999996 0.24005555555555555
5 0.34533593749999997 0.6048888888888888 0.0547421875 0.24933333333333335
6 0.46254687499999997 0.786625 0.062890625 0.20801388888888891
5 0.5106015625 0.4310833333333333 0.0409765625 0.12613888888888888
5 0.39242187500000003 0.6047222222222222 0.0656796875 0.2360833333333333
6 0.9862109374999999 0.36058333333333337 0.0275703125 0.1655
5 0.48284374999999996 0.7069444444444445 0.05846875 0.12733333333333335
5 0.4936015625 0.5202222222222223 0.0278203125 0.22656944444444443
1 0.4775390625 0.1879861111111111 0.015617187499999999 0.03222222222222222
5 0.37065625 0.4973333333333333 0.029390624999999997 0.10056944444444443