6 0.3097890625 0.2886666666666667 0.049546875000000004 0.16801388888888888
6 0.4568671875 0.7801666666666667 0.055906250000000005 0.19926388888888888
5 0.403859375 0.629625 0.092890625 0.25293055555555555
5 0.9081953125 0.694375 0.10689843750000001 0.24295833333333333
5 0.5008984375 0.5310555555555556 0.0759453125 0.22669444444444445
5 0.5821953125 0.35556944444444444 0.04659375 0.1987638888888889
5 0.605046875 0.5000833333333333 0.0610703125 0.21588888888888888
2 0.312125 0.21341666666666667 0.033515625 0.058152777777777775
7 0.0416328125 0.06333333333333334 0.0389609375 0.11241666666666666
0 0.28959375 0.1456527777777778 0.0467109375 0.14633333333333334
5 0.9285859375 0.34894444444444445 0.0614765625 0.20975000000000002
5 0.40299218750000004 0.43512500000000004 0.06103125 0.17677777777777778
5 0.386421875 0.5291805555555555 0.06168749999999999 0.17641666666666667