0 0.3144453125 0.1845138888888889 0.0364453125 0.1495
5 0.19566406249999999 0.6665972222222222 0.0631171875 0.20850000000000002
7 0.116921875 0.10806944444444445 0.041578125 0.0953888888888889
6 0.4157109375 0.7225138888888889 0.0573359375 0.1963888888888889
5 0.590359375 0.6118333333333333 0.0533359375 0.214875
5 0.7289609375 0.5743611111111111 0.0629765625 0.2085972222222222
5 0.5185234375000001 0.5071388888888889 0.061875 0.1894722222222222
5 0.35046875 0.5657222222222222 0.0483984375 0.2101111111111111
5 0.2720078125 0.5117916666666666 0.041234375000000004 0.18855555555555553
5 0.660671875 0.6190138888888889 0.0624296875 0.2318611111111111
6 0.9280390625000001 0.31090277777777775 0.03453125 0.1549861111111111
5 0.5440546875 0.3827361111111111 0.05500000000000001 0.1333888888888889
2 0.34390624999999997 0.23652777777777778 0.0326171875 0.058222222222222224
5 0.335140625 0.44331944444444443 0.042171875 0.1802777777777778
5 0.6838046875 0.295375 0.034796875 0.1768611111111111
1 0.565984375 0.5899027777777778 0.018125 0.034791666666666665
7 0.291546875 0.05722222222222222 0.028414062499999997 0.11443055555555556