5 0.3596015625 0.7076944444444445 0.068578125 0.21231944444444445
5 0.43429687499999997 0.5687083333333334 0.054414062500000006 0.20475
5 0.6313125 0.4879861111111111 0.057460937499999996 0.18280555555555555
5 0.9332421875 0.5244166666666666 0.0464296875 0.19379166666666667
5 0.7345078125 0.4737361111111111 0.0479296875 0.18951388888888887
0 0.27596875 0.19219444444444445 0.0472890625 0.13720833333333335
5 0.3653984375 0.3673472222222222 0.045296875 0.17493055555555556
6 0.856171875 0.30504166666666666 0.036398437500000005 0.17148611111111112
5 0.534390625 0.4241388888888889 0.06392187499999999 0.206
5 0.22624218749999997 0.4620277777777778 0.054929687500000005 0.20929166666666665
7 0.07322656250000001 0.11341666666666667 0.0409765625 0.09068055555555557
5 0.32414062499999996 0.31122222222222223 0.037328125000000004 0.15158333333333335
6 0.4027265625 0.7356111111111111 0.046453125 0.21015277777777777
2 0.3 0.2499722222222222 0.030226562499999998 0.06130555555555556
5 0.274390625 0.47552777777777777 0.057882812500000005 0.20933333333333334
7 0.2500234375 0.06433333333333334 0.024375 0.119125
1 0.634203125 0.4677777777777778 0.0156953125 0.026444444444444444