2 0.9341875000000001 0.23069444444444445 0.04719444444444444 0.06972222222222223
0 0.9357638888888888 0.08750000000000006 0.9292331271701391 0.20352647569444451 0.9946119520399307 0.23758138020833341 1 0.11206597222222223
5 0.16009375 0.4963333333333333 0.08605902777777777 0.15100555555555556
5 0.21235416666666668 0.47648888888888885 0.047968750000000004 0.1640888888888889
5 0.31946875 0.3269277777777778 0.04519097222222222 0.18718333333333334
5 0.3965694444444444 0.35984444444444447 0.051819444444444446 0.18358333333333332
6 0.209875 0.3504111111111111 0.045798611111111116 0.16192777777777778
5 0.7504756944444444 0.6050222222222222 0.0495625 0.2544944444444444
5 0.9717881944444444 0.6204666666666666 0.05642361111111111 0.20481666666666667
6 0.7902777777777777 0.6929388888888889 0.06666666666666667 0.14976666666666666
6 0.8906458333333334 0.3247333333333333 0.04344791666666666 0.1605777777777778
5 0.8356006944444445 0.40425555555555553 0.04967361111111111 0.22239444444444445
5 0.7976979166666667 0.3990722222222223 0.034631944444444444 0.22037222222222222
5 0.7011597222222222 0.34231666666666666 0.039468750000000004 0.17907777777777775
5 0.6775173611111112 0.30846666666666667 0.035590277777777776 0.16971111111111112
1 0.20222916666666665 0.5812111111111111 0.017881944444444443 0.02687222222222222
3 0.20282638888888888 0.5930666666666666 0.014909722222222222 0.012061111111111111