2 0.8294861111111111 0.0792 0.01834375 0.0334
6 0.4095 0.37863888888888886 0.05511111111111111 0.1572777777777778
0 0.8055555555555556 0.050000000000000065 0.8024427625868056 0.07165256076388889 0.8581339518229166 0.07605794270833331 0.8619079589843751 0.04947374131944444
5 0.7302951388888889 0.6353 0.05433680555555556 0.27893888888888885
5 0.7225555555555556 0.45024444444444445 0.05448611111111111 0.17826666666666666
5 0.4956388888888889 0.6759222222222223 0.09023611111111111 0.2740611111111111
5 0.46755902777777775 0.5491888888888888 0.04622916666666666 0.23449444444444442
5 0.40696875 0.5506722222222222 0.07435069444444445 0.20967222222222223
5 0.3178923611111111 0.46858333333333335 0.08196180555555556 0.12605
1 0.3040729166666667 0.5327000000000001 0.013958333333333335 0.022344444444444445
3 0.3039826388888889 0.54375 0.01160763888888889 0.01041111111111111