5 0.8948020833333334 0.4772777777777778 0.08647569444444445 0.2267722222222222
6 0.10306597222222222 0.3447055555555556 0.07071180555555556 0.18663333333333335
5 0.35082291666666665 0.49043888888888887 0.1026875 0.17254444444444444
5 0.21142708333333332 0.5220111111111111 0.07888541666666667 0.2023611111111111
5 0.832125 0.3196555555555555 0.07223611111111111 0.16708888888888887
5 0.7706701388888889 0.2702111111111111 0.07432291666666667 0.16264444444444445
5 0.6592118055555556 0.3378166666666667 0.06872916666666666 0.20770555555555556
5 0.7163055555555555 0.3561722222222222 0.06455902777777778 0.21790555555555557
8 0.9580451388888889 0.5218 0.06448263888888889 0.2487888888888889
1 0.2648784722222222 0.6104777777777777 0.01934027777777778 0.03127222222222222
3 0.2652986111111111 0.6241388888888889 0.017208333333333332 0.013361111111111112
6 0.9852430555555556 0.6861555555555555 0.029513888888888888 0.20546666666666666