6 0.11021180555555557 0.5388777777777778 0.03292361111111111 0.17497222222222222
6 0.6297048611111111 0.35026111111111113 0.03598263888888889 0.1338611111111111
6 0.7464131944444444 0.6931666666666667 0.07442708333333334 0.1724388888888889
5 0.33089583333333333 0.5827444444444445 0.04894791666666667 0.17659444444444444
5 0.4421597222222223 0.5340166666666667 0.07748611111111112 0.17085555555555557
5 0.39663194444444444 0.40454444444444443 0.05541666666666666 0.14798333333333333
5 0.4324097222222222 0.3312333333333333 0.03843055555555556 0.13468888888888889
5 0.17975694444444446 0.603588888888889 0.03458680555555556 0.13217777777777778
5 0.20412152777777778 0.5927555555555556 0.03150694444444444 0.1327388888888889
5 0.6497881944444445 0.4985777777777778 0.08603472222222222 0.15826666666666667
5 0.7406840277777778 0.5156000000000001 0.04213541666666666 0.12842222222222222
5 0.7226944444444445 0.5381277777777778 0.06170833333333333 0.1457
5 0.69175 0.55265 0.07099652777777778 0.15252222222222223
7 0.11569791666666666 0.2044 0.038690972222222224 0.08935555555555556
7 0.27897916666666667 0.15177777777777776 0.03364930555555556 0.11744444444444445
2 0.32060069444444445 0.3058444444444444 0.024885416666666667 0.056133333333333334
0 0.2838541666666667 0.22500000000000003 0.3164638943142361 0.20132921006944443 0.3173455132378472 0.28701714409722223 0.28199259440104174 0.3165256076388889
1 0.6476180555555556 0.610161111111111 0.012829861111111111 0.021805555555555557
3 0.6476215277777778 0.6202555555555556 0.011013888888888889 0.010022222222222222