6 0.7012499999999999 0.3791555555555556 0.03965625 0.1972
6 0.6493680555555555 0.6820722222222222 0.046996527777777776 0.1002611111111111
6 0.012506944444444446 0.3527722222222222 0.02501388888888889 0.19165000000000001
5 0.22783680555555555 0.5993333333333333 0.08599305555555556 0.17910555555555555
5 0.31327777777777777 0.5633 0.10745486111111112 0.1877111111111111
5 0.4421041666666667 0.3156555555555555 0.05608333333333334 0.17298333333333332
5 0.4743888888888889 0.4342388888888889 0.05468055555555555 0.16847222222222222
5 0.5252326388888889 0.44703333333333334 0.050465277777777776 0.19962222222222223
5 0.6352222222222222 0.4220333333333333 0.05767708333333334 0.15240555555555554
5 0.5980902777777778 0.3299777777777778 0.06596875 0.16828333333333334
5 0.7860625 0.5902777777777778 0.07038541666666667 0.24445
5 0.7155972222222222 0.5619888888888889 0.08050347222222222 0.2350888888888889
5 0.49029513888888887 0.3528833333333334 0.050034722222222223 0.11687222222222222
2 0.6108923611111111 0.25601666666666667 0.044697916666666664 0.07036666666666666
0 0.6145833333333334 0.12083333333333339 0.6600443522135416 0.16315104166666666 0.6598680284288194 0.28094618055555554 0.61328125 0.22916124131944454
7 0.8563124999999999 0.11668333333333333 0.044222222222222225 0.11670555555555555
1 0.23894444444444443 0.6577999999999999 0.011388888888888888 0.029977777777777777
3 0.24124652777777778 0.6703777777777779 0.009045138888888889 0.009377777777777777