1 0.43918749999999995 0.6887000000000001 0.023142361111111114 0.03637222222222222
3 0.43909374999999995 0.7043333333333333 0.019746527777777776 0.018916666666666665
5 0.46997916666666667 0.5371888888888889 0.13386805555555556 0.22476666666666667
5 0.37192708333333335 0.5733611111111111 0.07786111111111112 0.20312777777777777
5 0.3004791666666667 0.5695444444444445 0.11060416666666667 0.30233888888888893
5 0.7164513888888889 0.7060055555555556 0.09956944444444445 0.27497222222222223
6 0.8303368055555556 0.36420555555555556 0.06345486111111111 0.22841666666666666
5 0.8303229166666667 0.8171388888888889 0.09352083333333333 0.1342722222222222
6 0.6461180555555556 0.8671166666666666 0.08390277777777777 0.18238333333333334
5 0.16509027777777777 0.4432611111111111 0.10101041666666667 0.2013388888888889
5 0.3685659722222222 0.3017444444444444 0.05657638888888889 0.25905
2 0.8092708333333333 0.22186666666666668 0.04545138888888889 0.08076666666666667
0 0.8206018518518517 0.044444444444444384 0.885963722511574 0.09043692129629632 0.8804796006944443 0.24754774305555563 0.8082230179398148 0.19210069444444444
5 0.50084375 0.4072277777777778 0.0665 0.25889999999999996