7 0.05282638888888888 0.2181888888888889 0.04836458333333333 0.09471666666666667
7 0.24903125 0.15764999999999998 0.04319791666666666 0.14585555555555557
2 0.2976319444444444 0.3421111111111111 0.0345 0.062
6 0.3824305555555556 0.7592944444444445 0.061732638888888886 0.14637222222222224
6 0.8339756944444444 0.42368333333333336 0.03600347222222222 0.15014444444444444
6 0.26160069444444445 0.4245777777777778 0.04403819444444444 0.16304444444444446
5 0.3115590277777778 0.7362888888888889 0.07103819444444445 0.24479444444444445
5 0.34325 0.6106333333333334 0.04067013888888889 0.22403888888888887
5 0.6984513888888889 0.5445555555555556 0.07919444444444444 0.1752222222222222
5 0.41203819444444445 0.4625 0.04918402777777778 0.17777777777777778
5 0.44940625 0.3978 0.04637847222222222 0.14560555555555554
5 0.5518229166666667 0.5432666666666667 0.06648958333333334 0.19486666666666666
5 0.5887986111111111 0.39374444444444445 0.06127777777777777 0.16804444444444444
5 0.5432291666666667 0.4526277777777778 0.03784722222222222 0.16358333333333333
5 0.6519027777777778 0.6351555555555556 0.08505555555555556 0.21753333333333333
5 0.5995937499999999 0.6212777777777777 0.03946527777777778 0.18422222222222223
1 0.6937430555555556 0.6033944444444443 0.013975694444444445 0.02187222222222222
3 0.6937048611111111 0.6141166666666668 0.010673611111111111 0.007205555555555556