7 0.81953125 0.21245000000000003 0.06788194444444444 0.11656111111111112
0 0.8238333333333333 0.3749277777777778 0.14592708333333332 0.13596666666666668
2 0.8247152777777778 0.4376888888888889 0.04686805555555555 0.07019444444444445
5 0.39753472222222225 0.6883944444444444 0.06242708333333333 0.22400555555555554
5 0.3625 0.7092333333333333 0.10000347222222222 0.23235555555555557
6 0.08118402777777778 0.6987000000000001 0.0824201388888889 0.30538333333333334
5 0.1972951388888889 0.6878833333333334 0.08903819444444444 0.3103444444444444
5 0.8895208333333334 0.682038888888889 0.08286111111111111 0.2585222222222222
5 0.8012916666666666 0.6975277777777777 0.09737847222222222 0.36449444444444445
5 0.8374236111111112 0.6827944444444445 0.08283333333333333 0.33781111111111106
5 0.2732951388888889 0.6961388888888889 0.0813125 0.21328333333333335
1 0.27613541666666663 0.7800888888888889 0.019399305555555555 0.03203333333333333
3 0.27563194444444444 0.7921944444444444 0.016541666666666666 0.011061111111111112