7 0.06394791666666666 0.2145388888888889 0.04109027777777778 0.08740555555555556
7 0.2297847222222222 0.16512222222222223 0.03248611111111111 0.10524444444444445
6 0.09444444444444444 0.5295666666666666 0.03437152777777778 0.17580555555555555
5 0.18634374999999997 0.6242722222222222 0.05960069444444445 0.1736777777777778
5 0.21810069444444444 0.5387722222222222 0.04643750000000001 0.16643333333333332
5 0.37089583333333337 0.3388111111111111 0.03346180555555556 0.12207222222222222
5 0.39925 0.38064444444444445 0.046982638888888886 0.13871111111111112
5 0.30404166666666665 0.6468833333333334 0.04211111111111111 0.17988333333333334
5 0.3388333333333333 0.5930222222222222 0.08565277777777779 0.17493333333333333
6 0.5302361111111111 0.35148888888888885 0.03617013888888889 0.12241666666666666
6 0.7743090277777779 0.6944277777777778 0.07813194444444445 0.17503333333333335
5 0.5777638888888889 0.5373 0.06496180555555556 0.14761666666666665
5 0.7319131944444444 0.5407388888888889 0.05410416666666666 0.1537
0 0.23564656575520834 0.23402235243055555 0.2377556694878472 0.32296549479166664 0.27531019423363906 0.29673394097222233 0.2705087619419724 0.21330837673611114
2 0.2774270833333333 0.31457222222222225 0.02360416666666667 0.04303333333333333
5 0.6853298611111112 0.5759833333333333 0.04600347222222222 0.15196666666666667
5 0.6969166666666666 0.5111444444444444 0.03966666666666666 0.13340555555555556
1 0.6684930555555556 0.6407111111111111 0.01304861111111111 0.021294444444444442
3 0.6693020833333333 0.6511444444444444 0.013145833333333332 0.0097