5 0.9580781249999999 0.7589027777777777 0.07663281250000001 0.32569444444444445
5 0.060015624999999996 0.7718194444444445 0.117140625 0.39699999999999996
5 0.21875781249999998 0.6060972222222222 0.091140625 0.30719444444444444
5 0.7232968750000001 0.5460416666666666 0.08449999999999999 0.27216666666666667
6 0.2001015625 0.3923611111111111 0.0481875 0.17668055555555554
5 0.83059375 0.46958333333333335 0.059773437500000005 0.25983333333333336
5 0.4901484375 0.4403611111111111 0.05728124999999999 0.29256944444444444
5 0.252203125 0.9181805555555556 0.0827265625 0.161
5 0.78721875 0.5770833333333333 0.0642578125 0.26840277777777777
0 0.4950859375 0.09840277777777777 0.12989843750000002 0.1396111111111111
2 0.4945546875 0.16794444444444445 0.037625 0.07454166666666667
1 0.391296875 0.39172222222222225 0.0211484375 0.03888888888888889