5 0.9091875 0.43395833333333333 0.0412890625 0.20970833333333336
5 0.48334374999999996 0.5950833333333333 0.0605234375 0.23074999999999998
6 0.35278125 0.40094444444444444 0.0358359375 0.15563888888888888
5 0.6506015625 0.5310416666666667 0.05996875 0.193625
5 0.37292187499999996 0.6966805555555555 0.07417968750000001 0.2664722222222222
5 0.9788046874999999 0.5834722222222223 0.0423828125 0.23111111111111113
7 0.5252421875 0.0626111111111111 0.042203125 0.11379166666666668
5 0.3305859375 0.6246527777777777 0.065859375 0.25677777777777777
5 0.2851953125 0.44961111111111113 0.055218750000000004 0.1651111111111111
5 0.5456875 0.49320833333333336 0.0681640625 0.17983333333333332
5 0.39270312500000004 0.6535833333333333 0.0481328125 0.26545833333333335
5 0.12955468750000002 0.4345138888888889 0.035703125 0.20590277777777777
0 0.525671875 0.1990972222222222 0.103171875 0.11184722222222222
2 0.5249375 0.2558472222222222 0.0275859375 0.05698611111111111