5 0.46892187500000004 0.5295138888888888 0.054656249999999997 0.24090277777777777
5 0.8649687500000001 0.544625 0.0528125 0.2520277777777778
5 0.3984140625 0.576861111111111 0.07515625000000001 0.22333333333333336
6 0.6283046875 0.758875 0.055132812499999996 0.19119444444444444
5 0.323984375 0.32393055555555555 0.0463359375 0.19175
5 0.359234375 0.5727916666666667 0.0589375 0.2516111111111111
5 0.7988515625 0.5539722222222222 0.06982031250000001 0.21991666666666668
5 0.4308515625 0.36488888888888893 0.05339843749999999 0.1947777777777778
5 0.6273125 0.5225416666666667 0.053015625 0.2547361111111111
5 0.70153125 0.590875 0.062421875 0.27925
6 0.125546875 0.3219027777777778 0.0393515625 0.19680555555555554
5 0.2761015625 0.6505694444444445 0.0670234375 0.2381111111111111
6 0.8248125 0.3473333333333333 0.039015625 0.19083333333333335
0 0.78040625 0.16993055555555556 0.062953125 0.132375
2 0.7516406250000001 0.236375 0.0323203125 0.06513888888888889
1 0.30383593750000004 0.6323055555555556 0.0160078125 0.027847222222222225
7 0.814140625 0.05159722222222222 0.0258125 0.10318055555555557