5 0.8701171875 0.48480555555555555 0.051500000000000004 0.22398611111111114
5 0.7993203125 0.5906805555555555 0.07825 0.24063888888888887
5 0.3630703125 0.5025416666666667 0.05111718750000001 0.2153888888888889
5 0.45253125 0.5090416666666666 0.053007812499999994 0.2327361111111111
5 0.30071875000000003 0.4821388888888889 0.0576875 0.20818055555555554
0 0.88109375 0.19572222222222221 0.048843750000000005 0.1436388888888889
5 0.7226250000000001 0.6441527777777778 0.08364843749999999 0.2334027777777778
6 0.9196953125 0.3715694444444444 0.035984375 0.19122222222222224
5 0.977 0.5144166666666666 0.0459921875 0.23450000000000001
5 0.1655 0.4860138888888889 0.050492187499999994 0.21929166666666663
5 0.62196875 0.596875 0.06296093750000001 0.26590277777777777
6 0.723859375 0.7970416666666666 0.052507812499999994 0.20805555555555558
5 0.59459375 0.5633472222222222 0.061171875 0.2151388888888889
2 0.8550000000000001 0.2659722222222222 0.0347734375 0.07093055555555555
7 0.9114296875000001 0.09462499999999999 0.025765624999999997 0.07929166666666668
6 0.190171875 0.34276388888888887 0.04528125 0.19786111111111113
1 0.161 0.5097499999999999 0.0199140625 0.03801388888888889