5 0.34962499999999996 0.5608194444444444 0.10182031250000001 0.3174166666666667
5 0.7062968749999999 0.5781666666666666 0.0658359375 0.3600555555555556
5 0.34075 0.9015972222222222 0.081671875 0.19679166666666667
5 0.52790625 0.7297499999999999 0.069640625 0.36395833333333333
5 0.128609375 0.8115694444444445 0.1596328125 0.376875
5 0.5125859375 0.45575 0.067703125 0.10547222222222222
5 0.5058984375 0.546 0.055820312500000004 0.16327777777777777
6 0.7030703125 0.3650555555555555 0.053742187500000003 0.13819444444444445
2 0.6140703125 0.272 0.055367187500000005 0.09791666666666667
0 0.6514453125 0.17413888888888887 0.0773828125 0.2355277777777778
1 0.6831953125 0.34280555555555553 0.022421875 0.03913888888888889