5 0.827765625 0.7074444444444444 0.049875 0.17781944444444445
6 0.535171875 0.8499027777777777 0.059546875 0.20277777777777778
5 0.625765625 0.677875 0.0561015625 0.25156944444444446
6 0.7541249999999999 0.4043055555555556 0.0439765625 0.19118055555555558
7 0.7381640625 0.06295833333333332 0.0288046875 0.12590277777777778
5 0.43150000000000005 0.5299027777777777 0.0625234375 0.23948611111111112
2 0.67253125 0.2774166666666667 0.040859374999999996 0.07022222222222223
5 0.48219531250000003 0.5030138888888889 0.060625 0.24620833333333333
5 0.627453125 0.4898055555555556 0.0831015625 0.28331944444444446
5 0.72275 0.6322222222222222 0.0621015625 0.28951388888888885
5 0.69690625 0.6581805555555555 0.081609375 0.3028194444444444
5 0.4083984375 0.40676388888888887 0.0566328125 0.2110277777777778
0 0.7041171875 0.203875 0.052703124999999997 0.15345833333333334
7 0.97084375 0.12356944444444444 0.029375000000000002 0.129625
5 0.302828125 0.3516388888888889 0.0434296875 0.2105
5 0.41233593749999997 0.4872222222222222 0.049328125 0.23258333333333334
6 0.0741171875 0.3642916666666667 0.0469140625 0.21913888888888888
1 0.5341171874999999 0.20305555555555554 0.0191015625 0.031152777777777776