5 0.7858046875 0.5883055555555555 0.095890625 0.23295833333333332
5 0.36398437499999997 0.4892361111111111 0.047328125 0.21637499999999998
0 0.8813281249999999 0.19618055555555555 0.0497734375 0.14225000000000002
5 0.8783984374999999 0.49115277777777777 0.0585703125 0.2097638888888889
5 0.4496328125 0.4931388888888889 0.047703125 0.21394444444444444
5 0.980484375 0.5144027777777778 0.03903125 0.24115277777777777
6 0.7245078125 0.792875 0.056796875000000004 0.21270833333333333
5 0.2986171875 0.49112500000000003 0.052992187499999996 0.19209722222222222
6 0.9214765625 0.3711527777777778 0.03965625 0.19391666666666668
5 0.6385703125 0.5932916666666667 0.0668828125 0.25769444444444445
5 0.603375 0.5643333333333334 0.0686171875 0.2254861111111111
2 0.85703125 0.2635 0.0370078125 0.07155555555555557
5 0.176390625 0.4900138888888889 0.0652734375 0.23119444444444445
5 0.696578125 0.621736111111111 0.061664062500000005 0.18406944444444445
6 0.1872734375 0.3361527777777778 0.0450234375 0.17706944444444445
7 0.9103125000000001 0.09397222222222222 0.025687500000000002 0.0784861111111111
1 0.1590859375 0.48354166666666665 0.017820312499999998 0.03188888888888889