5 0.459375 0.40741666666666665 0.0445859375 0.21408333333333332
5 0.8847109375000001 0.5074861111111111 0.0507578125 0.23719444444444446
5 0.1709921875 0.5124305555555555 0.054703125 0.22941666666666669
0 0.8698515625000001 0.17243055555555556 0.0510859375 0.14356944444444444
5 0.983953125 0.5246805555555555 0.0320859375 0.2546111111111111
5 0.313921875 0.506625 0.0614765625 0.20794444444444443
6 0.9129453125 0.35515277777777776 0.035859375 0.18036111111111114
6 0.715640625 0.7714305555555555 0.052234375 0.21716666666666667
5 0.6280390625 0.6359305555555556 0.06586718750000001 0.23941666666666667
6 0.1850390625 0.32322222222222224 0.04584375 0.19349999999999998
5 0.6831328125 0.5499722222222222 0.073875 0.23827777777777778
5 0.3605859375 0.40293055555555557 0.0487265625 0.1958472222222222
5 0.6079609375 0.48893055555555553 0.0477890625 0.16934722222222223
2 0.84978125 0.24579166666666666 0.036078125 0.06648611111111111
1 0.177078125 0.6063888888888889 0.016328125 0.028694444444444446
5 0.6635078125 0.5431805555555556 0.052671875 0.24747222222222223