5 0.34421875 0.3412777777777778 0.0461484375 0.17200000000000001
5 0.2966328125 0.5898749999999999 0.0767265625 0.23866666666666667
5 0.806453125 0.6014722222222222 0.0703828125 0.2746527777777778
5 0.39925781250000003 0.6158055555555555 0.061640625000000004 0.24327777777777776
6 0.6021484375 0.78225 0.0515625 0.20074999999999998
0 0.7535000000000001 0.19434722222222223 0.0440234375 0.14884722222222221
5 0.4425703125 0.37927777777777777 0.0486796875 0.14825
5 0.7465078125 0.6078888888888889 0.0541953125 0.1925
5 0.6846015624999999 0.5846666666666667 0.058265625 0.25630555555555556
6 0.8061484374999999 0.38276388888888885 0.041984375000000004 0.17930555555555555
7 0.9840312499999999 0.11738888888888889 0.025203125 0.11045833333333334
5 0.8640703125 0.6276388888888889 0.0513515625 0.25319444444444444
7 0.7798046875 0.058125 0.025421875 0.11625
5 0.4610234375 0.5362222222222222 0.05675 0.22016666666666668
6 0.153609375 0.34479166666666666 0.046578125 0.1966527777777778
2 0.72409375 0.25872222222222224 0.03471875 0.05766666666666667
5 0.42196875 0.5750277777777778 0.06476562500000001 0.23194444444444445
1 0.27782254917906435 0.5447362441349262 0.27846585513830896 0.5482238160473714 0.2800269251227447 0.5506074389759572 0.2815897497198657 0.5532818128556352 0.28340036131520213 0.5539522821168238 0.2852085045570998 0.55391030316389 0.28725244494386254 0.5525887812290001 0.2887676917806245 0.550056024633553 0.29031007563561406 0.5462719269114948 0.29100443634492723 0.5420554653599655 0.2910090161814281 0.5375833498702606 0.29010424073279195 0.5347805233905842 0.28921637697478453 0.532657568259162 0.28799297575815996 0.5325084367952263 0.28288364770548563 0.5439240178150335 0.28189075501300503 0.5464091515617967