0 0.8785703125 0.18345833333333333 0.0576171875 0.15345833333333334
5 0.45201562500000003 0.45420833333333327 0.0507421875 0.2217222222222222
5 0.30915625 0.4980416666666666 0.0584609375 0.20655555555555555
5 0.7319765625 0.5627638888888888 0.063390625 0.2341388888888889
5 0.167859375 0.5081388888888889 0.050828125 0.22631944444444443
6 0.7226171875 0.7856944444444445 0.0566796875 0.22012500000000002
5 0.88125 0.5114861111111111 0.0568359375 0.22255555555555556
5 0.5964140625 0.5472916666666667 0.057976562499999995 0.23059722222222223
5 0.3645390625 0.4413333333333333 0.0495546875 0.18184722222222224
6 0.9181250000000001 0.36616666666666664 0.0363359375 0.19312500000000002
5 0.6680390625 0.6404444444444445 0.0652421875 0.24818055555555554
2 0.8559374999999999 0.24958333333333332 0.032609375 0.06219444444444445
5 0.9882890625 0.5352638888888889 0.023429687499999997 0.2130138888888889
6 0.18619531250000002 0.33106944444444447 0.0438046875 0.19041666666666665
5 0.656921875 0.5044444444444445 0.042578125 0.1115
1 0.1675703125 0.4655972222222223 0.0180390625 0.03288888888888889