5 0.3540390625 0.565125 0.0929921875 0.3088194444444444
5 0.7031953125 0.5857916666666666 0.0658359375 0.3600555555555556
5 0.36560156250000003 0.8846805555555556 0.081671875 0.19679166666666667
5 0.5105625 0.7221249999999999 0.07321875 0.3793194444444445
5 0.1585859375 0.8115694444444445 0.1596328125 0.376875
5 0.3986484375 0.9568472222222222 0.10067187500000001 0.081
5 0.5280390625 0.4816111111111111 0.0636171875 0.18425
5 0.5058984375 0.546 0.055820312500000004 0.16327777777777777
6 0.7030703125 0.3650555555555555 0.053742187500000003 0.13819444444444445
2 0.6140703125 0.272 0.055367187500000005 0.09791666666666667
0 0.6514453125 0.17413888888888887 0.0773828125 0.2355277777777778
1 0.680359375 0.3065555555555556 0.0219453125 0.034749999999999996