5 0.7785859375 0.6354305555555555 0.0665078125 0.3037638888888889
5 0.605546875 0.344625 0.079734375 0.2385
5 0.4792734375 0.42 0.0803203125 0.3002222222222222
6 0.710171875 0.276 0.062468749999999997 0.19215277777777778
5 0.43851562499999996 0.345125 0.0651796875 0.19794444444444445
5 0.288703125 0.5354027777777778 0.0725625 0.29354166666666665
5 0.10759375 0.4092777777777778 0.0820859375 0.2956388888888889
5 0.097390625 0.23011111111111113 0.044078125 0.2261388888888889
6 0.055804687500000005 0.789888888888889 0.0819765625 0.2581805555555555
5 0.12309375 0.24920833333333334 0.0492890625 0.15781944444444443
1 0.6161470854785221 0.29854015255745586 0.6188196064281714 0.30187540599001295 0.6203502590980594 0.30512952331479 0.620919738873321 0.31106920311680497 0.6205820569674839 0.315970136098984 0.6195516038923288 0.3210732412809968 0.61729897172018 0.323148414733246 0.6139779775247085 0.32551638930249605 0.6125475351097552 0.3253529413575334 0.6125684533494585 0.320442716732765 0.6085568570112814 0.306418469124819 0.6080605788205936 0.30128747812213946 0.608279307385599 0.2991968149679417 0.610174650631685 0.29737106711007805 0.6133666735244281 0.2972610760654755