5 0.793796875 0.5910694444444444 0.086296875 0.234125
5 0.300453125 0.48363888888888895 0.0576015625 0.20551388888888888
5 0.871484375 0.4870555555555556 0.05059375000000001 0.2255833333333333
0 0.881109375 0.19608333333333333 0.0496640625 0.14368055555555556
5 0.9777968749999999 0.5124444444444444 0.04440625 0.22979166666666664
5 0.36403125 0.5009583333333333 0.05475 0.20441666666666666
5 0.7134296875 0.6294583333333333 0.06636718750000001 0.20029166666666667
5 0.45150781249999994 0.5063333333333333 0.0490546875 0.23997222222222223
6 0.9200703125 0.37369444444444444 0.0365859375 0.19358333333333333
5 0.6306093749999999 0.5964583333333333 0.069078125 0.26822222222222225
6 0.7260156249999999 0.7944583333333333 0.0599453125 0.21302777777777776
5 0.1701328125 0.49270833333333336 0.0536015625 0.20884722222222224
5 0.5979765625 0.5633472222222222 0.060890625 0.21665277777777778
2 0.8540859375000001 0.26705555555555555 0.0347890625 0.06770833333333333
7 0.9158125 0.09287500000000001 0.0256796875 0.07815277777777778
6 0.18790625 0.33675 0.044 0.17627777777777778
1 0.1592265625 0.5018055555555556 0.0215703125 0.031375