5 0.3149140625 0.5471527777777777 0.1290390625 0.3238888888888889
5 0.7227578125 0.5426944444444445 0.0658359375 0.35506944444444444
5 0.2651796875 0.8895277777777778 0.087828125 0.22095833333333334
5 0.538890625 0.7321111111111112 0.069640625 0.36395833333333333
5 0.04690625 0.8296388888888889 0.0938203125 0.3407222222222222
5 0.45790625 0.6026805555555556 0.0806796875 0.3052777777777778
5 0.5042109375 0.6578333333333333 0.0594609375 0.3864722222222222
6 0.7030703125 0.3650555555555555 0.053742187500000003 0.13819444444444445
2 0.61815625 0.2652638888888889 0.055367187500000005 0.09791666666666667
0 0.6514453125 0.17413888888888887 0.0773828125 0.2355277777777778
1 0.686796875 0.4629583333333333 0.014835937499999998 0.033