0 0.7539609375 0.16919444444444443 0.0442265625 0.15287499999999998
5 0.2675546875 0.6361111111111111 0.06782812499999999 0.24122222222222223
5 0.441703125 0.6254027777777778 0.092640625 0.20455555555555555
5 0.3130546875 0.32208333333333333 0.044664062500000004 0.17925
6 0.6051562500000001 0.7604861111111111 0.053570312499999995 0.1990972222222222
5 0.752578125 0.6003472222222223 0.0603515625 0.2650972222222222
5 0.3547265625 0.58825 0.062609375 0.25804166666666667
5 0.41753906250000006 0.3542638888888889 0.0504375 0.14554166666666668
5 0.83728125 0.5718611111111112 0.054390625000000005 0.23293055555555556
6 0.8019375 0.3554583333333333 0.039718750000000004 0.167625
5 0.6298203124999999 0.5430138888888889 0.0521484375 0.24918055555555554
7 0.7827968750000001 0.050166666666666665 0.025460937500000003 0.10031944444444445
2 0.7277265625 0.2405972222222222 0.03290625 0.06729166666666667
5 0.43474218750000004 0.5189444444444444 0.053828125000000004 0.22345833333333331
6 0.1233359375 0.3262083333333333 0.0553125 0.19627777777777777
5 0.783640625 0.5618611111111111 0.0614609375 0.21195833333333336
1 0.2758515625 0.6752638888888889 0.0114609375 0.022