5 0.883375 0.5066805555555556 0.050601562499999996 0.23391666666666666
5 0.4594921875 0.41370833333333334 0.0430390625 0.22186111111111112
5 0.1696328125 0.5092083333333334 0.05178125 0.2289027777777778
0 0.8679453125000001 0.17925 0.04903125 0.14268055555555556
5 0.31259375 0.505125 0.0602421875 0.20884722222222224
5 0.984953125 0.526375 0.030093750000000002 0.24344444444444444
6 0.7155234375 0.773986111111111 0.052765625000000003 0.21973611111111113
5 0.6302578125 0.6352222222222222 0.07471093749999999 0.2416111111111111
6 0.9137578124999999 0.3555277777777778 0.036851562500000004 0.17883333333333332
1 0.17774218749999998 0.5824722222222222 0.01575 0.026125
6 0.1872890625 0.3246388888888889 0.046453125 0.1919722222222222
5 0.3605703125 0.4138194444444444 0.0484609375 0.18130555555555555
5 0.6984453125 0.5700694444444444 0.07520312500000001 0.20059722222222223
5 0.5972265625000001 0.5264166666666666 0.0656875 0.23988888888888887
2 0.84890625 0.24879166666666666 0.0351328125 0.068875
5 0.6641874999999999 0.5452638888888889 0.0465234375 0.22868055555555555