0 0.7539609375 0.16919444444444443 0.0442265625 0.15287499999999998
5 0.27296875 0.6211249999999999 0.06782812499999999 0.24854166666666666
5 0.41770312499999995 0.6454305555555555 0.053421874999999994 0.20455555555555555
5 0.318140625 0.3186111111111111 0.042140625 0.1929722222222222
6 0.6051562500000001 0.7604861111111111 0.053570312499999995 0.1990972222222222
5 0.3547265625 0.58825 0.062609375 0.25804166666666667
5 0.43395312500000005 0.3658194444444444 0.0504375 0.14554166666666668
5 0.83728125 0.5718611111111112 0.054390625000000005 0.23293055555555556
6 0.8078984374999999 0.36154166666666665 0.039718750000000004 0.167625
5 0.657515625 0.5743472222222222 0.0954296875 0.2665
7 0.7827968750000001 0.050166666666666665 0.025460937500000003 0.10031944444444445
2 0.7277265625 0.2405972222222222 0.03290625 0.06729166666666667
5 0.43474218750000004 0.5189444444444444 0.053828125000000004 0.22345833333333331
6 0.1233359375 0.3262083333333333 0.0553125 0.19627777777777777
5 0.7840234374999999 0.5953888888888889 0.0952265625 0.25558333333333333