0 0.8759453125000001 0.18123611111111113 0.049515625 0.154375
5 0.661328125 0.6382222222222222 0.07748437500000001 0.26229166666666665
5 0.16375781250000002 0.5157777777777778 0.0512421875 0.2422638888888889
5 0.3112421875 0.5003611111111111 0.0512734375 0.21026388888888886
5 0.88165625 0.5090972222222222 0.0527734375 0.22904166666666667
6 0.7206718750000001 0.78125 0.05565625 0.22711111111111112
5 0.455296875 0.44873611111111106 0.0454453125 0.22141666666666665
5 0.3595546875 0.4247916666666667 0.0477265625 0.1895277777777778
6 0.9171250000000001 0.36134722222222226 0.038125 0.180375
5 0.71659375 0.5559444444444444 0.06934375000000001 0.24251388888888892
5 0.5977578125 0.5431527777777778 0.0635234375 0.23655555555555555
5 0.9868593750000001 0.5327916666666667 0.02628125 0.21693055555555554
6 0.18356250000000002 0.33738888888888885 0.05221875 0.18490277777777778
5 0.6680625 0.5203333333333333 0.0453359375 0.15377777777777776
2 0.8520468749999999 0.24736111111111111 0.0328125 0.06018055555555556
1 0.1730078125 0.4835277777777778 0.01903125 0.030930555555555555