0 0.8759453125000001 0.18123611111111113 0.0495078125 0.15436111111111112
5 0.661328125 0.6494444444444445 0.0774765625 0.239875
5 0.16375781250000002 0.5146666666666667 0.0512421875 0.24006944444444445
5 0.3112421875 0.5003611111111111 0.0512734375 0.21026388888888886
5 0.8815468750000001 0.5090972222222222 0.0526640625 0.22905555555555554
6 0.7206718750000001 0.78125 0.05565625 0.2270972222222222
5 0.455296875 0.44873611111111106 0.0454453125 0.22141666666666665
5 0.3595546875 0.4247916666666667 0.0477265625 0.1895277777777778
6 0.9176640624999999 0.36134722222222226 0.038125 0.18036111111111114
5 0.71659375 0.5559583333333333 0.0693359375 0.2425
5 0.5977578125 0.5431527777777778 0.06351562499999999 0.23654166666666668
5 0.98690625 0.5330555555555556 0.0261796875 0.21665277777777778
6 0.1899375 0.33370833333333333 0.039468750000000004 0.1922638888888889
5 0.6680703125 0.5203194444444444 0.045328125000000004 0.15375
2 0.8520390624999999 0.24736111111111111 0.032796874999999996 0.06016666666666667
1 0.174 0.48494444444444446 0.017687500000000002 0.02873611111111111