6 0.6961484375 0.42945833333333333 0.05921875 0.2525833333333333
5 0.393546875 0.5730694444444444 0.0831796875 0.31075
5 0.4944296875 0.8930555555555556 0.0769453125 0.21388888888888888
5 0.47368750000000004 0.7449305555555555 0.08334375000000001 0.33268055555555553
5 0.6541640625 0.5884027777777777 0.093125 0.34223611111111113
6 0.4327734375 0.9412916666666666 0.0738203125 0.11741666666666667
5 0.3008359375 0.8145555555555556 0.13509374999999998 0.3624444444444444
5 0.49827343749999997 0.5604722222222223 0.0671640625 0.255625
5 0.1384296875 0.5086805555555556 0.0977421875 0.26199999999999996
5 0.5844921875 0.5586111111111111 0.0819609375 0.31416666666666665
0 0.6431484375000001 0.1892083333333333 0.070546875 0.22401388888888887
5 0.1057421875 0.47456944444444443 0.085390625 0.24322222222222223
2 0.6094296875 0.2865972222222222 0.046468749999999996 0.07809722222222222
7 0.9714140625000001 0.07818055555555556 0.0571640625 0.15634722222222222