5 0.459375 0.40741666666666665 0.0445859375 0.21408333333333332
5 0.8847421875 0.5075138888888889 0.050765625 0.23725
5 0.1709921875 0.5124305555555555 0.054703125 0.22941666666666669
0 0.8698515625000001 0.17243055555555556 0.0510859375 0.14358333333333334
5 0.9839609375 0.5246805555555555 0.0320859375 0.2546111111111111
5 0.313921875 0.506625 0.0614765625 0.20794444444444443
6 0.9126328125000001 0.3551666666666667 0.035859375 0.180375
6 0.715640625 0.7714305555555555 0.052234375 0.21716666666666667
5 0.6280390625 0.6359305555555556 0.06586718750000001 0.23941666666666667
6 0.18353906250000002 0.3302777777777778 0.049570312500000005 0.18065277777777777
5 0.6992812500000001 0.5529861111111111 0.07388281249999999 0.23827777777777778
5 0.3608671875 0.4032777777777778 0.049296875000000004 0.19515277777777776
1 0.1774453125 0.6075694444444444 0.0165859375 0.029819444444444444
5 0.6083203125 0.4892638888888889 0.0477890625 0.16934722222222223
2 0.84978125 0.24579166666666666 0.036078125 0.06648611111111111
5 0.6651171875 0.5539861111111111 0.055429687500000005 0.2695416666666667