5 0.586421875 0.6240416666666667 0.1062265625 0.2433611111111111
5 0.8852421874999999 0.5304027777777778 0.049960937500000004 0.2227083333333333
5 0.46080468750000003 0.4023055555555556 0.0431640625 0.21055555555555555
5 0.32146093750000004 0.5345694444444444 0.057359375000000004 0.22831944444444444
6 0.9079843750000001 0.34831944444444446 0.0394375 0.1834722222222222
6 0.7079375 0.7749722222222223 0.0610703125 0.22075
5 0.9788593750000001 0.5381666666666667 0.04228125 0.25545833333333334
6 0.1830703125 0.3219166666666667 0.0445390625 0.19829166666666667
0 0.86340625 0.17930555555555555 0.05615625 0.13952777777777778
5 0.664578125 0.5529166666666667 0.05496875 0.2631527777777778
2 0.846328125 0.2412361111111111 0.037109375 0.06865277777777777
5 0.1729453125 0.5342222222222222 0.0606953125 0.2411388888888889
5 0.6223828124999999 0.47118055555555555 0.052351562500000004 0.18016666666666667
5 0.36134374999999996 0.381 0.0410859375 0.18690277777777778
5 0.6570859375 0.46186111111111117 0.035421875000000005 0.15354166666666666
1 0.165703125 0.5412361111111111 0.0165078125 0.033388888888888885