0 0.6411875 0.19345833333333332 0.07025 0.19549999999999998
5 0.0528828125 0.4011805555555556 0.06624218750000001 0.25195833333333334
6 0.4502265625 0.9268194444444444 0.0729375 0.1463611111111111
5 0.4066875 0.5621944444444444 0.0620859375 0.2925277777777778
5 0.6313515625 0.6006944444444444 0.08169531249999999 0.3239722222222222
5 0.58321875 0.8931944444444445 0.073390625 0.21361111111111114
6 0.7044374999999999 0.43080555555555555 0.048570312500000004 0.244125
5 0.23493750000000002 0.49954166666666666 0.1026953125 0.233625
5 0.1919765625 0.4234305555555556 0.05680468749999999 0.21915277777777778
5 0.3904296875 0.7807916666666667 0.094359375 0.3260277777777778
7 0.9547734374999999 0.107875 0.0470390625 0.133
5 0.6067265625 0.38833333333333336 0.069890625 0.17820833333333333
5 0.48892187500000006 0.5290138888888889 0.0675078125 0.2027638888888889
5 0.4731953125 0.7354999999999999 0.055757812500000004 0.30804166666666666
7 0.676578125 0.06902777777777779 0.03584375 0.13805555555555557
4 0.6068046875 0.2813472222222222 0.05125 0.07002777777777779