0 0.7539609375 0.16919444444444443 0.0442265625 0.15287499999999998
5 0.2740859375 0.6478194444444445 0.06782812499999999 0.24122222222222223
5 0.441703125 0.6254027777777778 0.092640625 0.20455555555555555
5 0.3130546875 0.32208333333333333 0.044664062500000004 0.17925
6 0.6051562500000001 0.7604861111111111 0.053570312499999995 0.1990972222222222
5 0.73153125 0.5982222222222222 0.066671875 0.2534861111111111
5 0.3571796875 0.5764444444444444 0.062609375 0.25804166666666667
5 0.41753906250000006 0.3542638888888889 0.0504375 0.14554166666666668
5 0.83728125 0.5718611111111112 0.054390625000000005 0.23293055555555556
6 0.8019375 0.3554583333333333 0.039718750000000004 0.167625
5 0.6298203124999999 0.5430138888888889 0.0521484375 0.24918055555555554
7 0.7827968750000001 0.050166666666666665 0.025460937500000003 0.10031944444444445
2 0.7277265625 0.2405972222222222 0.03290625 0.06729166666666667
5 0.435671875 0.4871388888888889 0.0556796875 0.15984722222222222
6 0.121078125 0.33152777777777775 0.0585234375 0.19627777777777777
5 0.783640625 0.5618611111111111 0.0614609375 0.21195833333333336
1 0.3028515625 0.6538055555555555 0.0154296875 0.021722222222222223