0 0.8800703125 0.18341666666666667 0.0522109375 0.1511111111111111
5 0.3085234375 0.5022916666666666 0.0631875 0.21531944444444445
5 0.7518203125 0.5700416666666667 0.072984375 0.23538888888888887
5 0.16796875 0.5126527777777778 0.0478046875 0.24241666666666667
5 0.88146875 0.5081944444444444 0.05228125 0.23404166666666665
5 0.4510703125 0.4649027777777778 0.0508515625 0.21306944444444445
5 0.36209375 0.44802777777777775 0.05354687500000001 0.20679166666666665
5 0.59675 0.5566388888888889 0.05815625 0.23506944444444444
6 0.7237578124999999 0.785888888888889 0.054078125 0.21762499999999999
5 0.6726328125000001 0.6446111111111111 0.0648125 0.2475138888888889
6 0.9194687500000001 0.36713888888888885 0.040304687500000005 0.18929166666666666
5 0.9855625 0.5260555555555555 0.028875 0.21916666666666668
2 0.8533828124999999 0.2520972222222222 0.0304453125 0.06118055555555555
6 0.19144531250000002 0.341625 0.050101562499999995 0.1835416666666667
5 0.6545 0.5899861111111111 0.051500000000000004 0.2624444444444445
7 0.9188750000000001 0.06826388888888889 0.0342265625 0.13652777777777778
1 0.16409374999999998 0.46173611111111107 0.018390625 0.03248611111111111