5 0.8796171875000001 0.5059583333333334 0.0514765625 0.22381944444444446
5 0.7184921875 0.55425 0.075578125 0.24248611111111112
5 0.364 0.4202222222222222 0.0513359375 0.21505555555555556
5 0.4563515625 0.43766666666666665 0.0530390625 0.23265277777777776
5 0.31065624999999997 0.5135138888888889 0.06544531249999999 0.21515277777777778
0 0.8810781249999999 0.19581944444444446 0.0488046875 0.1438611111111111
5 0.6606328125 0.6383333333333334 0.08353906250000001 0.25543055555555555
6 0.9199140625 0.36268055555555556 0.0360234375 0.1900416666666667
5 0.9862109374999999 0.5145416666666667 0.0275703125 0.2343472222222222
5 0.6533515624999999 0.5665694444444445 0.0628828125 0.26587500000000003
5 0.17079687500000001 0.5096666666666666 0.0503828125 0.22908333333333333
6 0.717609375 0.7771388888888888 0.052453125 0.20783333333333331
5 0.5958046875 0.5441666666666667 0.058820312500000006 0.2271388888888889
2 0.8560078125 0.2538888888888889 0.0424296875 0.06893055555555556
6 0.18946875000000002 0.3381527777777778 0.04209375 0.20244444444444443
1 0.17546875 0.4965833333333334 0.015625 0.025597222222222223