5 0.590015625 0.6276388888888889 0.105734375 0.2379166666666667
5 0.8868359375000001 0.5327916666666667 0.055109375 0.22344444444444445
5 0.3201796875 0.5296666666666667 0.056382812500000004 0.21875
5 0.4623515625 0.3993055555555556 0.0435546875 0.198875
6 0.908515625 0.35052777777777777 0.040203125 0.18655555555555556
6 0.7104453125 0.7761388888888889 0.059296875000000006 0.22165277777777778
5 0.1754375 0.5363055555555556 0.0548125 0.2228888888888889
5 0.361234375 0.3826111111111111 0.0409921875 0.18684722222222222
6 0.1827890625 0.32687499999999997 0.0449921875 0.1892083333333333
5 0.9769140625 0.533 0.042726562499999995 0.24519444444444444
5 0.66596875 0.5368888888888889 0.0560390625 0.24143055555555556
0 0.8581015624999999 0.18131944444444445 0.0629765625 0.13655555555555554
2 0.845125 0.24429166666666666 0.0357109375 0.07108333333333333
5 0.621203125 0.4976805555555555 0.052023437500000005 0.22659722222222223
5 0.6564687499999999 0.45315277777777774 0.0255546875 0.11338888888888889
1 0.1668828125 0.5487500000000001 0.017828125 0.03220833333333333