5 0.7902578124999999 0.5923194444444445 0.086625 0.23305555555555557
0 0.8804531250000001 0.1959027777777778 0.0499921875 0.1436527777777778
5 0.3630546875 0.4992777777777778 0.056351562499999994 0.2083472222222222
5 0.8736484375 0.4873611111111111 0.0536953125 0.20701388888888891
5 0.9782265625000001 0.5116388888888889 0.043546875 0.22994444444444445
5 0.30095312500000004 0.4842777777777778 0.057406250000000006 0.20458333333333334
5 0.7076875 0.6243888888888889 0.06316406249999999 0.18505555555555556
6 0.7258359375000001 0.7950833333333334 0.0590859375 0.21822222222222223
6 0.9196562500000001 0.37483333333333335 0.0380390625 0.1943611111111111
5 0.6270625 0.5952222222222222 0.067171875 0.2652083333333333
5 0.4494140625 0.5015555555555555 0.04740625 0.21875
5 0.6003515625 0.5633333333333334 0.0628046875 0.21840277777777778
2 0.8531718749999999 0.2674722222222222 0.0372421875 0.06895833333333333
7 0.91140625 0.09440277777777778 0.0259765625 0.07941666666666666
5 0.17771874999999998 0.48418055555555556 0.06853125 0.22780555555555557
6 0.18782812499999998 0.33587500000000003 0.0435703125 0.17644444444444446
1 0.43442968750000005 0.6006527777777778 0.010624999999999999 0.021708333333333333
1 0.1598125 0.4937638888888889 0.018609375 0.03144444444444445