5 0.8779609374999999 0.4968472222222223 0.0514765625 0.22381944444444446
5 0.7464609375 0.5648055555555556 0.08597656249999999 0.2361388888888889
5 0.36509375 0.4472083333333333 0.0513359375 0.21505555555555556
5 0.4501328125 0.47483333333333333 0.0530390625 0.23265277777777776
5 0.31065624999999997 0.5135138888888889 0.06544531249999999 0.21515277777777778
0 0.8810781249999999 0.19581944444444446 0.0488046875 0.1438611111111111
5 0.6753515625000001 0.6346666666666666 0.08353906250000001 0.2333472222222222
6 0.9196875 0.3718194444444444 0.0360234375 0.1900416666666667
5 0.9769609375 0.5145416666666667 0.046078125 0.2343472222222222
5 0.6511484375000001 0.5921666666666667 0.0628828125 0.26587500000000003
5 0.17079687500000001 0.5096666666666666 0.0503828125 0.22908333333333333
6 0.723859375 0.7968472222222223 0.052453125 0.20783333333333331
5 0.59553125 0.5573472222222222 0.058820312500000006 0.2271388888888889
2 0.8560078125 0.2538888888888889 0.0424296875 0.06893055555555556
6 0.18946875000000002 0.3381527777777778 0.04209375 0.20244444444444443
1 0.1654765625 0.46144444444444443 0.017335937500000002 0.02804166666666667