5 0.4605546875 0.40505555555555556 0.04546875 0.21048611111111112
5 0.8846875000000001 0.5181111111111112 0.05337499999999999 0.2334027777777778
5 0.31959375 0.5198888888888888 0.0636875 0.2038888888888889
0 0.8694921875 0.17027777777777778 0.0520390625 0.13881944444444444
6 0.9125390624999999 0.35162499999999997 0.036789062500000004 0.18366666666666667
5 0.982734375 0.5299583333333333 0.03453125 0.26031944444444444
5 0.1701953125 0.5153888888888889 0.057703125 0.2300138888888889
5 0.6155 0.6345138888888889 0.0620703125 0.24655555555555558
6 0.7153359375 0.7776666666666666 0.0570390625 0.21645833333333334
5 0.6129296875 0.4769861111111111 0.0476484375 0.1607638888888889
5 0.3605703125 0.4058055555555556 0.05378125 0.1711527777777778
6 0.185546875 0.322625 0.0443984375 0.19420833333333334
1 0.17510937499999998 0.6258194444444444 0.017578125 0.028236111111111108
2 0.8487421875000001 0.24547222222222223 0.0377265625 0.06909722222222223
5 0.6811328125 0.5498055555555555 0.0846171875 0.26905555555555555