5 0.4602578125 0.40511111111111114 0.0451015625 0.21056944444444448
5 0.885 0.5114166666666667 0.050796875 0.23654166666666668
5 0.3196015625 0.5160972222222222 0.0655 0.20684722222222224
6 0.9114609375 0.3514305555555556 0.037140625 0.18050000000000002
0 0.8684296874999999 0.17093055555555556 0.052445312499999994 0.13852777777777778
5 0.619796875 0.6342083333333334 0.0685625 0.2526388888888889
5 0.1720703125 0.5165277777777777 0.059171875 0.2314027777777778
5 0.9825781250000001 0.5280555555555555 0.0348515625 0.2533888888888889
6 0.7141875 0.7724305555555555 0.051437500000000004 0.22319444444444442
5 0.3613515625 0.4088333333333333 0.053515625 0.17554166666666668
6 0.18759375 0.3247083333333333 0.0421796875 0.19184722222222222
5 0.68621875 0.5533611111111111 0.0705390625 0.2338611111111111
5 0.609109375 0.48497222222222225 0.04875 0.17429166666666665
1 0.17672656250000002 0.6358194444444445 0.0169765625 0.03026388888888889
5 0.6663203125 0.54 0.0548359375 0.2298888888888889
2 0.8499140625000001 0.245875 0.037171875 0.06933333333333333
3 0.1763359375 0.6507777777777778 0.014351562500000001 0.011180555555555556