5 0.5605703125 0.5355416666666666 0.062281249999999996 0.24506944444444442
5 0.9388828124999999 0.5537222222222222 0.0528125 0.2520277777777778
5 0.346671875 0.5654444444444444 0.07515625000000001 0.22333333333333336
6 0.681078125 0.7652222222222222 0.055132812499999996 0.19119444444444444
5 0.36396875 0.3475833333333333 0.0380078125 0.1842777777777778
5 0.4183828125 0.6041666666666666 0.05859375 0.2528611111111111
5 0.852171875 0.5512638888888889 0.06982031250000001 0.21991666666666668
5 0.4445234375 0.37676388888888884 0.047593750000000004 0.1845277777777778
5 0.6342890625 0.5017777777777778 0.057906250000000006 0.23302777777777778
5 0.687703125 0.5776249999999999 0.053929687500000004 0.24694444444444447
6 0.16114062499999998 0.32740277777777776 0.0550625 0.19680555555555554
5 0.2101484375 0.5940972222222223 0.0743125 0.2192361111111111
6 0.8789374999999999 0.35391666666666666 0.039015625 0.19083333333333335
0 0.829453125 0.18098611111111113 0.0447734375 0.132375
2 0.8082421875 0.24306944444444442 0.0323203125 0.06513888888888889
1 0.22943750000000002 0.5800000000000001 0.0164296875 0.029444444444444443