5 0.8616796875 0.6814305555555555 0.049875 0.22641666666666668
6 0.5819296875 0.8260972222222221 0.059546875 0.20277777777777778
5 0.6924453125000001 0.6538611111111111 0.06637499999999999 0.24188888888888888
6 0.7950390625 0.40202777777777776 0.0439765625 0.19118055555555558
7 0.7646328125 0.065375 0.0244765625 0.11690277777777779
5 0.399 0.5654166666666667 0.0742421875 0.2172361111111111
2 0.7097265625 0.27597222222222223 0.0317890625 0.07022222222222223
5 0.49447656249999994 0.5275277777777778 0.060625 0.24620833333333333
5 0.5399921875 0.5819305555555556 0.06298437500000001 0.24529166666666669
5 0.72128125 0.5621111111111111 0.0591640625 0.19731944444444444
5 0.7789843750000001 0.637625 0.0886328125 0.285
5 0.43846093750000004 0.39269444444444446 0.059265625 0.13427777777777777
0 0.7376171874999999 0.2060138888888889 0.052703124999999997 0.15345833333333334
7 0.984796875 0.12725 0.029375000000000002 0.129625
5 0.34746875 0.35877777777777775 0.0434296875 0.2105
5 0.37994531249999997 0.5114027777777778 0.049328125 0.25540277777777776
6 0.139484375 0.3552222222222222 0.055921874999999996 0.2078611111111111
1 0.4007421875 0.4021111111111111 0.0131015625 0.02225