5 0.7741875 0.5835277777777778 0.1005859375 0.23144444444444442
5 0.45033593749999995 0.48412499999999997 0.055015625 0.2104027777777778
0 0.8768593750000001 0.19605555555555554 0.049890625 0.13708333333333333
5 0.364984375 0.47081944444444446 0.0540546875 0.22631944444444443
5 0.8814375 0.4979444444444444 0.058867187499999994 0.21402777777777776
6 0.725171875 0.7901805555555554 0.05765625 0.2109861111111111
5 0.1682109375 0.5037083333333333 0.048171874999999996 0.22131944444444443
5 0.29975 0.49919444444444444 0.053968749999999996 0.18218055555555554
6 0.9211640624999999 0.36847222222222226 0.0374375 0.195625
5 0.597546875 0.5599861111111111 0.0620859375 0.22555555555555556
5 0.9831875 0.5159444444444444 0.033625 0.23748611111111112
2 0.8580859375 0.2653888888888889 0.0364453125 0.07383333333333333
6 0.1916015625 0.34506944444444443 0.051875000000000004 0.19170833333333334
5 0.685015625 0.625375 0.0655234375 0.19920833333333335
7 0.9146093750000001 0.09400000000000001 0.024953125 0.07965277777777778
5 0.645765625 0.596125 0.0619609375 0.2540277777777778
1 0.159640625 0.4693333333333334 0.0194765625 0.028944444444444443