5 0.5132734375 0.5310694444444445 0.054656249999999997 0.24090277777777777
5 0.901390625 0.5496666666666666 0.0528125 0.2520277777777778
5 0.346671875 0.5654444444444444 0.07515625000000001 0.22333333333333336
6 0.647546875 0.7547777777777779 0.055132812499999996 0.19119444444444444
5 0.338890625 0.33687500000000004 0.0463359375 0.19175
5 0.357953125 0.6049027777777778 0.10022656249999999 0.2510833333333333
5 0.8359687499999999 0.5484305555555555 0.06982031250000001 0.21991666666666668
5 0.43707812500000004 0.36488888888888893 0.05339843749999999 0.1947777777777778
5 0.6342890625 0.5017777777777778 0.057906250000000006 0.23302777777777778
5 0.70153125 0.590875 0.062421875 0.27925
6 0.135375 0.32140277777777776 0.0550625 0.19680555555555554
5 0.232140625 0.6148888888888889 0.11905468749999999 0.24879166666666666
6 0.84996875 0.3508611111111111 0.039015625 0.19083333333333335
0 0.8080937499999999 0.17051388888888888 0.0447734375 0.132375
2 0.7776796874999999 0.2358888888888889 0.0323203125 0.06513888888888889
1 0.28805468749999996 0.6674305555555555 0.0160078125 0.027847222222222225