0 0.8776953125 0.18034722222222221 0.04925 0.15655555555555556
5 0.661515625 0.6493333333333333 0.072484375 0.2385
5 0.7213828125 0.5631944444444444 0.075796875 0.24543055555555557
5 0.3110859375 0.5002777777777777 0.052890625000000004 0.2064861111111111
6 0.721078125 0.7831250000000001 0.055625 0.22158333333333333
5 0.3599453125 0.42951388888888886 0.0514765625 0.19427777777777777
5 0.8826875 0.5086944444444444 0.058640625 0.22047222222222224
5 0.455265625 0.45109722222222226 0.0464140625 0.21544444444444444
5 0.16598437500000002 0.5176805555555556 0.0516484375 0.23731944444444444
6 0.9185390625000001 0.36136111111111113 0.0375078125 0.18386111111111111
5 0.9861171875 0.5261944444444444 0.027765625 0.2388472222222222
5 0.59865625 0.5469583333333333 0.0604140625 0.23566666666666666
5 0.6609296875 0.5134722222222222 0.0411484375 0.14379166666666668
2 0.8570156250000001 0.24704166666666666 0.031375 0.060319444444444446
6 0.18803125 0.33090277777777777 0.0438203125 0.18944444444444444
1 0.1712421875 0.4756666666666667 0.0187734375 0.03026388888888889