5 0.3633515625 0.5700694444444444 0.0893203125 0.30184722222222227
5 0.49954687499999995 0.7436944444444445 0.09421874999999999 0.3330138888888889
5 0.4168671875 0.88925 0.109671875 0.2214861111111111
5 0.2021171875 0.8139305555555555 0.1507734375 0.36701388888888886
5 0.6934765625 0.5718888888888889 0.0637421875 0.3572916666666667
5 0.5055156249999999 0.5446805555555556 0.0753046875 0.14530555555555555
5 0.059367187499999995 0.5282083333333334 0.11873437499999999 0.2785694444444444
7 0.9851171875 0.09529166666666666 0.029765625 0.07794444444444444
5 0.5507734375 0.549125 0.0730390625 0.3142638888888889
6 0.702328125 0.3650138888888889 0.038492187500000004 0.13730555555555554
6 0.40771875 0.9621388888888889 0.0993125 0.06997222222222223
5 0.030117187499999996 0.3950277777777778 0.06023437499999999 0.12520833333333334
2 0.614625 0.27234722222222224 0.058421875 0.09515277777777778
0 0.6506328124999999 0.17527777777777778 0.073796875 0.23781944444444442