5 0.8701640625 0.4846805555555556 0.0514765625 0.22381944444444446
5 0.7954609375 0.5840000000000001 0.08597656249999999 0.2542916666666667
5 0.3631015625 0.48716666666666664 0.0513359375 0.21505555555555556
5 0.4515859375 0.49751388888888887 0.0530390625 0.23265277777777776
5 0.30081250000000004 0.48218055555555556 0.057921875 0.20818055555555554
0 0.8810781249999999 0.19581944444444446 0.0488046875 0.1438611111111111
5 0.72265625 0.6441944444444444 0.08353906250000001 0.2333472222222222
6 0.9196875 0.3718194444444444 0.0360234375 0.1900416666666667
5 0.9769609375 0.5145416666666667 0.046078125 0.2343472222222222
5 0.6220078124999999 0.596875 0.0628828125 0.26587500000000003
5 0.1655 0.4862916666666667 0.0503828125 0.2189027777777778
6 0.723859375 0.7968472222222223 0.052453125 0.20783333333333331
5 0.5945078125000001 0.563375 0.060867187499999996 0.21508333333333335
2 0.8576015625 0.2644444444444444 0.0424296875 0.06893055555555556
6 0.18946875000000002 0.3381527777777778 0.04209375 0.20244444444444443
1 0.15809375 0.48093055555555553 0.017335937500000002 0.02804166666666667