5 0.8682421874999999 0.48512500000000003 0.051898437500000005 0.22509722222222223
5 0.8005156250000001 0.5867222222222223 0.0738203125 0.244875
5 0.361828125 0.51025 0.0505859375 0.22356944444444443
5 0.45260937500000004 0.512375 0.05346093750000001 0.23336111111111113
5 0.30155468750000003 0.48286111111111113 0.059546875 0.2083472222222222
0 0.880921875 0.19563888888888892 0.0487890625 0.14402777777777778
5 0.975625 0.5136805555555556 0.0487578125 0.24052777777777778
5 0.1675546875 0.4936527777777778 0.049789062499999995 0.2034166666666667
6 0.7243125 0.7952222222222222 0.0543203125 0.21330555555555558
5 0.7252890625 0.6358333333333334 0.083140625 0.22095833333333334
6 0.9192578125 0.369375 0.036828125 0.18851388888888887
5 0.614375 0.5934027777777777 0.0697890625 0.26743055555555556
5 0.5927734375 0.5624305555555555 0.0610625 0.2147638888888889
2 0.8534375000000001 0.2681111111111111 0.0353203125 0.07069444444444445
7 0.9121328125 0.09448611111111112 0.026289062499999998 0.07825
6 0.18821875 0.33838888888888885 0.043046875 0.178
1 0.162703125 0.5211388888888889 0.019859375000000002 0.029944444444444444