5 0.6489375 0.5069166666666667 0.08896875 0.18993055555555555
6 0.4385 0.7582500000000001 0.05591406249999999 0.20575
0 0.361328125 0.20065277777777776 0.039890625 0.1485
5 0.574890625 0.553125 0.061625 0.17733333333333334
5 0.298296875 0.7179305555555555 0.068109375 0.20945833333333333
5 0.46929687500000006 0.5188055555555556 0.0578984375 0.20836111111111114
5 0.3589375 0.6010833333333333 0.0509765625 0.23958333333333334
5 0.5139921875 0.5710416666666667 0.054914062500000006 0.22393055555555555
2 0.378515625 0.2635277777777778 0.0375234375 0.06615277777777778
7 0.14808593750000001 0.11969444444444445 0.03578125 0.0905138888888889
7 0.3278828125 0.06479166666666666 0.0303125 0.12198611111111111
5 0.7269375 0.33858333333333335 0.06665625 0.16905555555555554
5 0.6243671875000001 0.40349999999999997 0.044171875 0.15275
6 0.9744296875 0.33481944444444445 0.04890625 0.18115277777777777
5 0.314015625 0.5835416666666666 0.0679453125 0.233125
6 0.33206250000000004 0.3130833333333333 0.0356796875 0.13205555555555556
5 0.35025 0.5031388888888889 0.0481484375 0.1931388888888889
1 0.508203125 0.47723611111111114 0.019523437499999997 0.03223611111111111