7 0.9316953124999999 0.1872361111111111 0.0387265625 0.08744444444444445
7 0.7718515625 0.13555555555555554 0.02634375 0.11677777777777777
2 0.7236328125 0.2984027777777778 0.0271171875 0.05668055555555556
6 0.7659296875 0.3908333333333333 0.037078125 0.145875
6 0.52103125 0.7616527777777777 0.064625 0.18688888888888888
5 0.7283828125 0.7133055555555556 0.06787499999999999 0.1920416666666667
5 0.6509453125 0.6150833333333333 0.0571015625 0.18387499999999998
5 0.636796875 0.37743055555555555 0.034015625 0.14993055555555557
5 0.63371875 0.26743055555555556 0.029593750000000002 0.10586111111111111
5 0.517109375 0.47844444444444445 0.035953125 0.1914583333333333
5 0.455203125 0.37434722222222216 0.042359375 0.14994444444444444
5 0.40110156249999995 0.335375 0.047 0.1522361111111111
5 0.2935 0.5678333333333333 0.04359375 0.17887499999999998
5 0.2609921875 0.5296527777777779 0.0567109375 0.1827638888888889
5 0.1928984375 0.6003472222222223 0.0690546875 0.17908333333333332
1 0.22346875000000002 0.6933055555555556 0.01428125 0.024958333333333332
3 0.224296875 0.7050138888888889 0.011554687499999999 0.006694444444444445