5 0.1908828125 0.6620277777777778 0.065453125 0.2179861111111111
5 0.35455468749999997 0.5755277777777777 0.0668046875 0.21405555555555555
7 0.0969375 0.10759722222222222 0.04190625 0.08826388888888889
6 0.4127109375 0.7188333333333332 0.057499999999999996 0.18643055555555554
5 0.7585468750000001 0.5823055555555555 0.06511718749999999 0.22456944444444443
5 0.49460156250000004 0.3854583333333333 0.0386796875 0.18348611111111113
5 0.2552265625 0.46574999999999994 0.0513671875 0.2012361111111111
5 0.7165546875000001 0.6290972222222222 0.057390624999999994 0.19394444444444442
6 0.8975546874999999 0.3020555555555555 0.035734375 0.15877777777777777
5 0.32344531249999997 0.4373611111111111 0.048421874999999996 0.17011111111111113
2 0.3211953125 0.2409861111111111 0.027390625000000002 0.059263888888888894
0 0.2965625 0.1887361111111111 0.033109375 0.143875
5 0.63178125 0.6427083333333333 0.046156249999999996 0.18523611111111113
5 0.6152265625 0.27679166666666666 0.0409609375 0.13636111111111113
5 0.5334453124999999 0.4946666666666667 0.056757812500000004 0.20676388888888889
1 0.6136015625 0.633361111111111 0.018078125 0.031875
7 0.26737500000000003 0.04745833333333334 0.0300546875 0.09491666666666668