2 0.25406249999999997 0.28099999999999997 0.031765625 0.06911111111111111
5 0.7985703125 0.6674583333333334 0.0635390625 0.18465277777777775
0 0.2219453125 0.22208333333333335 0.044601562500000004 0.16519444444444445
5 0.73925 0.51 0.06478125 0.23709722222222224
5 0.40160156249999995 0.6380833333333333 0.054367187500000004 0.227125
6 0.40963281250000005 0.7775277777777778 0.0655625 0.193875
5 0.47059375000000003 0.6975416666666667 0.076734375 0.2255833333333333
7 0.19832031249999998 0.079625 0.0344765625 0.14715277777777777
5 0.29615625 0.4724861111111111 0.0676875 0.22905555555555554
5 0.5124375 0.5148333333333334 0.065078125 0.22708333333333333
6 0.23483593749999998 0.3693055555555555 0.049046875000000004 0.17708333333333334
5 0.3504375 0.48551388888888886 0.0433125 0.2730138888888889
1 0.38284375000000004 0.2924027777777778 0.0142734375 0.029236111111111112