5 0.7686328125 0.7873194444444445 0.07375000000000001 0.2823333333333333
5 0.5610625 0.7168055555555556 0.065 0.26779166666666665
6 0.4713984375 0.8008611111111111 0.0564453125 0.17276388888888888
5 0.37734375 0.55175 0.057382812500000005 0.23472222222222222
7 0.1362734375 0.08484722222222223 0.043953124999999996 0.11436111111111112
2 0.40601562500000005 0.25369444444444444 0.0412109375 0.07443055555555556
0 0.376703125 0.19291666666666668 0.0413828125 0.17090277777777776
5 0.467875 0.4749027777777778 0.062281249999999996 0.25322222222222224
5 0.44592968749999995 0.6454861111111111 0.056046874999999996 0.26644444444444443
5 0.805 0.34473611111111113 0.0503515625 0.20325000000000001
5 0.41206250000000005 0.4212083333333333 0.055820312500000004 0.13037500000000002
5 0.413625 0.5935694444444445 0.0477421875 0.24825000000000003
7 0.3469453125 0.04958333333333334 0.0324296875 0.09915277777777778
1 0.416453125 0.1864722222222222 0.0166171875 0.03226388888888889