5 0.3541796875 0.6917083333333333 0.0655390625 0.21255555555555555
5 0.7338359375 0.4829027777777778 0.044671875 0.1921111111111111
5 0.9299921875000001 0.5288194444444444 0.050460937500000004 0.1871388888888889
5 0.43364843750000004 0.5667638888888888 0.0580390625 0.18906944444444443
6 0.8553984375000001 0.3056388888888889 0.0367734375 0.1612777777777778
5 0.366875 0.36804166666666666 0.0435078125 0.16365277777777779
7 0.0729921875 0.11122222222222222 0.0386640625 0.08618055555555555
5 0.32922656250000004 0.30368055555555556 0.0395859375 0.1433472222222222
0 0.27323437500000003 0.19073611111111113 0.0395 0.1438611111111111
6 0.400875 0.7299027777777778 0.0461875 0.20159722222222223
5 0.634953125 0.5012777777777778 0.0546796875 0.20269444444444445
5 0.52146875 0.42113888888888895 0.0669609375 0.2211111111111111
5 0.2336875 0.4525138888888889 0.0471015625 0.1955138888888889
5 0.2749765625 0.46338888888888885 0.0567890625 0.20758333333333334
2 0.29965625 0.24949999999999997 0.028937499999999998 0.06576388888888889
7 0.25189062500000003 0.06409722222222222 0.026664062500000002 0.11504166666666667
1 0.6491015625000001 0.5185138888888888 0.0131953125 0.024138888888888887