0 0.2754765625 0.18212499999999998 0.0438515625 0.15294444444444444
5 0.2727265625 0.6623055555555556 0.0666015625 0.22445833333333334
6 0.3944140625 0.7206944444444444 0.057406250000000006 0.19656944444444444
5 0.4030234375 0.584875 0.0643515625 0.19879166666666667
5 0.7499140625 0.559375 0.0578984375 0.22216666666666668
5 0.416671875 0.35225 0.044859375 0.1775
5 0.5350859375 0.4630972222222222 0.050734375 0.22920833333333335
7 0.07628125 0.10583333333333333 0.0367421875 0.08419444444444445
5 0.44885156249999997 0.2713055555555556 0.0424453125 0.14981944444444445
2 0.298875 0.239375 0.0260625 0.057013888888888885
5 0.31413281249999997 0.4164861111111111 0.033796875 0.20670833333333336
5 0.8124921875 0.5730416666666667 0.0468203125 0.18438888888888888
6 0.8618124999999999 0.2984305555555556 0.034398437500000004 0.16395833333333332
5 0.84546875 0.5903333333333334 0.0708671875 0.19559722222222223
1 0.8242421875 0.635375 0.0170546875 0.02719444444444444
5 0.282421875 0.4216111111111111 0.035421875000000005 0.16729166666666667