5 0.5171015625 0.585388888888889 0.0605625 0.1652361111111111
6 0.43597656249999994 0.7547916666666667 0.0575078125 0.19358333333333333
5 0.5880156249999999 0.5625833333333333 0.06526562500000001 0.17295833333333333
5 0.48539843749999995 0.5111666666666667 0.06975 0.20955555555555555
5 0.670765625 0.5105277777777778 0.059078125 0.19113888888888889
5 0.2772734375 0.7139166666666666 0.07711718749999999 0.18445833333333334
0 0.3575859375 0.19655555555555557 0.04196875 0.15320833333333334
5 0.30740625 0.5678888888888889 0.055898437499999995 0.22619444444444448
5 0.35638281250000003 0.5944027777777778 0.053171875 0.23623611111111112
5 0.7543515625 0.34606944444444443 0.0616953125 0.16334722222222223
5 0.6215546875 0.4169305555555555 0.0486015625 0.1608611111111111
7 0.14737499999999998 0.12008333333333332 0.040421875 0.0985
2 0.376859375 0.26337499999999997 0.0253828125 0.06061111111111111
6 0.98021875 0.3596944444444445 0.038070312499999995 0.13004166666666667
6 0.9695078125000001 0.33719444444444446 0.044359375 0.17383333333333334
7 0.326265625 0.06469444444444444 0.028234375 0.12094444444444444
5 0.3617265625 0.44879166666666664 0.054140625 0.1465972222222222
1 0.49721093749999995 0.5471666666666667 0.017859375 0.03320833333333333