5 0.3676018808777429 0.6105277777777778 0.06838557993730408 0.2788611111111111
5 0.11844827586206895 0.5091944444444445 0.06879310344827587 0.2693888888888889
6 0.6607680250783698 0.46794444444444444 0.049184952978056425 0.21172222222222223
5 0.5542789968652038 0.6904444444444444 0.05896551724137931 0.21422222222222223
5 0.4887617554858934 0.6475555555555556 0.058605015673981194 0.29275
5 0.3334012539184953 0.5339166666666667 0.052884012539184955 0.22958333333333336
5 0.42142633228840126 0.5396944444444445 0.05037617554858934 0.2595
5 0.03528213166144201 0.4986111111111111 0.06380877742946708 0.34249999999999997
6 0.5335736677115988 0.9441388888888889 0.06017241379310345 0.1031111111111111
5 0.5223040752351098 0.6537222222222222 0.05119122257053291 0.21322222222222223
4 0.6214576802507837 0.3243888888888889 0.048949843260188086 0.07205555555555555
7 0.8215203761755486 0.20316666666666666 0.03747648902821317 0.06575
0 0.622590870757803 0.15174932065217392 0.6799441188496661 0.2021956144323672 0.6789911152378356 0.35497339221014507 0.6138381448480307 0.3084239130434784