5 0.3442109375 0.6048472222222222 0.059335937500000005 0.236875
5 0.6091171875 0.4322777777777778 0.0627109375 0.16666666666666666
7 0.15139843749999998 0.11988888888888888 0.041484375000000004 0.0958888888888889
5 0.5134921875 0.5737083333333334 0.05328125 0.22391666666666665
5 0.7145546875 0.3360138888888889 0.0448671875 0.16177777777777777
0 0.36940625 0.20494444444444446 0.0415703125 0.17148611111111112
5 0.470328125 0.4987083333333333 0.054242187500000004 0.21409722222222222
5 0.5434296875 0.47683333333333333 0.057265625 0.18958333333333333
2 0.39739843750000003 0.26976388888888886 0.031796875 0.07688888888888888
5 0.412984375 0.7486666666666666 0.0941484375 0.2264861111111111
5 0.38068749999999996 0.6107638888888889 0.0633828125 0.23622222222222225
5 0.508078125 0.46063888888888893 0.044875 0.15116666666666667
6 0.44839062500000004 0.7807361111111111 0.0808203125 0.21820833333333337
5 0.36427343749999996 0.47773611111111114 0.036359375 0.06936111111111111
1 0.49134374999999997 0.24880555555555553 0.019015625 0.03311111111111111
7 0.34181249999999996 0.058430555555555555 0.0256328125 0.11686111111111111