6 0.4586875 0.8026527777777778 0.0698828125 0.17568055555555556
5 0.762765625 0.7371111111111112 0.06928125 0.269125
5 0.536296875 0.5521527777777778 0.09310937500000001 0.24840277777777778
2 0.382421875 0.22166666666666665 0.04134375 0.07581944444444445
5 0.358 0.5046805555555556 0.0978359375 0.23966666666666667
5 0.9118906250000001 0.35250000000000004 0.05975781249999999 0.21025
7 0.1026484375 0.060152777777777784 0.04940625 0.10969444444444446
5 0.526140625 0.3624027777777778 0.053984374999999994 0.14790277777777777
5 0.9784296875 0.7109861111111111 0.043140625 0.3215555555555556
0 0.3589765625 0.15095833333333333 0.051398437500000005 0.16170833333333334
5 0.4637734375 0.6403055555555556 0.0645703125 0.22711111111111112
5 0.47786718749999996 0.5403055555555555 0.0605625 0.25670833333333337
5 0.42871875 0.5218611111111111 0.0381953125 0.274625
5 0.44053125 0.38997222222222216 0.0564921875 0.12680555555555556
1 0.45335937499999995 0.3656111111111111 0.0169140625 0.02077777777777778