5 0.7433046875 0.6648472222222223 0.08603125 0.23130555555555554
5 0.3047265625 0.7052638888888889 0.11074999999999999 0.26026388888888885
5 0.45298437500000005 0.7711944444444444 0.09746875 0.23047222222222222
6 0.5791796875 0.7935555555555556 0.07453125000000001 0.20519444444444446
5 0.3171953125 0.3925416666666667 0.060421875 0.1835138888888889
5 0.26671875 0.5127222222222223 0.056203125 0.17743055555555556
5 0.9190546875000001 0.5446388888888889 0.053445312499999995 0.20997222222222223
6 0.1765546875 0.35052777777777777 0.06593750000000001 0.16081944444444446
5 0.6198203125 0.339625 0.0646484375 0.17079166666666667
5 0.01546875 0.5371944444444444 0.0309375 0.24437499999999998
1 0.7063203125 0.6027361111111111 0.017499999999999998 0.029513888888888888