6 0.64325 0.7978194444444444 0.0781953125 0.219625
5 0.7280390625 0.46355555555555555 0.067609375 0.20006944444444447
5 0.35271875 0.5854027777777778 0.05034375 0.2300972222222222
5 0.7443828124999999 0.6617777777777778 0.07903125 0.23295833333333332
5 0.4165859375 0.45181944444444444 0.0451328125 0.23384722222222223
5 0.9005000000000001 0.6451527777777778 0.0743515625 0.24145833333333333
5 0.17278125 0.6229861111111111 0.053554687499999996 0.24484722222222222
6 0.359640625 0.34394444444444444 0.0594453125 0.18281944444444445
5 0.214546875 0.5400277777777778 0.053390625000000004 0.20398611111111112
5 0.9786718750000001 0.4747916666666667 0.04265625 0.19384722222222223
5 0.6728203125000001 0.6812638888888889 0.06384375 0.23431944444444447
1 0.72859375 0.46284722222222224 0.014000000000000002 0.029236111111111112