5 0.3612890625 0.7039027777777778 0.06949999999999999 0.22083333333333333
5 0.7360390625 0.4875555555555556 0.0580546875 0.17555555555555558
5 0.9409453125 0.5370277777777778 0.046390625000000005 0.18468055555555554
5 0.6434140625 0.448 0.049312499999999995 0.1754027777777778
5 0.4123984375 0.5573611111111111 0.0424921875 0.21579166666666666
6 0.403234375 0.7363333333333333 0.05421875 0.2062222222222222
5 0.3705703125 0.3804166666666666 0.070921875 0.16368055555555555
5 0.5465312499999999 0.4245416666666667 0.0544921875 0.17758333333333334
6 0.8651171874999999 0.3105277777777778 0.0372265625 0.1603888888888889
7 0.0756484375 0.11536111111111111 0.038242187500000004 0.081875
0 0.2785390625 0.19391666666666668 0.046734375 0.14291666666666666
5 0.26057031249999996 0.4980416666666666 0.0505859375 0.1980277777777778
5 0.3182109375 0.33568055555555554 0.0525625 0.18318055555555554
2 0.30196875 0.25443055555555555 0.0283515625 0.06441666666666666
5 0.21096093749999997 0.48568055555555556 0.039921875 0.20581944444444444
7 0.2503125 0.06304166666666666 0.0309765625 0.12443055555555556
1 0.62725 0.45875 0.014085937500000001 0.02356944444444444