6 0.020835937500000002 0.3740833333333333 0.0416640625 0.1741111111111111
5 0.1901171875 0.546875 0.0642109375 0.24191666666666667
6 0.56821875 0.7877361111111111 0.044429687499999995 0.19275
6 0.768140625 0.4890972222222222 0.034898437500000004 0.154125
5 0.59965625 0.42043055555555553 0.04721875 0.1433472222222222
5 0.5464453125000001 0.28870833333333334 0.028640624999999996 0.16383333333333333
5 0.3736796875 0.3653472222222222 0.039265625 0.17483333333333334
5 0.45487500000000003 0.3859166666666667 0.04690625 0.1668888888888889
5 0.46120312500000005 0.5279583333333333 0.079328125 0.16379166666666667
5 0.31863281250000003 0.7565138888888889 0.0479765625 0.22772222222222224
5 0.3488671875 0.7055694444444445 0.03490625 0.1703888888888889
5 0.6451484375 0.6912361111111112 0.0836953125 0.21270833333333333
5 0.587171875 0.66125 0.0632265625 0.18361111111111109
7 0.891609375 0.16722222222222222 0.0418984375 0.11530555555555555
7 0.717828125 0.11040277777777777 0.032882812500000004 0.14983333333333332
2 0.6678984375 0.2894722222222222 0.038921875 0.07584722222222222
0 0.6753472222222222 0.1635802469135803 0.707183837890625 0.2062837577160494 0.7058003743489583 0.30170958719135804 0.6703626844618057 0.2529839409722222
1 0.6809453125 0.7186388888888888 0.01528125 0.023458333333333335
3 0.681203125 0.7335694444444444 0.013234375000000001 0.01476388888888889