5 0.529796875 0.6800694444444444 0.059773437500000005 0.23800000000000002
6 0.468625 0.7981111111111111 0.06428125 0.17665277777777777
5 0.6791171874999999 0.7711111111111112 0.0720078125 0.2505277777777778
5 0.36836718749999997 0.5781666666666666 0.0566328125 0.27361111111111114
7 0.149390625 0.10168055555555555 0.0403984375 0.10805555555555556
5 0.7744453124999999 0.33144444444444443 0.045164062500000005 0.19633333333333336
5 0.48445312500000004 0.44145833333333334 0.0647109375 0.1995833333333333
2 0.40785937499999997 0.25906944444444446 0.04184375 0.07186111111111111
5 0.4314453125 0.6244027777777778 0.0606796875 0.2682777777777778
0 0.381546875 0.19761111111111113 0.0388828125 0.17008333333333334
7 0.3508359375 0.057902777777777775 0.025968750000000002 0.10665277777777779
5 0.4366484375 0.4765 0.0439140625 0.11348611111111111
5 0.3959453125 0.5980555555555556 0.0440390625 0.2572222222222222
5 0.448328125 0.40043055555555557 0.03571875 0.14251388888888888
1 0.41102343750000003 0.1986111111111111 0.0153984375 0.027416666666666666