5 0.5422265625 0.7129861111111111 0.08186718750000001 0.2540833333333333
5 0.7481328125 0.777861111111111 0.07861718749999999 0.27075
5 0.383546875 0.5535555555555556 0.06215625 0.22547222222222224
6 0.4721875 0.801 0.05437499999999999 0.1627222222222222
7 0.1398203125 0.08923611111111111 0.040234375 0.11902777777777779
0 0.382125 0.18205555555555558 0.0418984375 0.16587500000000002
5 0.7981328125 0.34170833333333334 0.048015625 0.20262499999999997
5 0.47225 0.4395416666666667 0.0556875 0.1947361111111111
5 0.44440625 0.635875 0.0613984375 0.2593611111111111
2 0.4060625 0.25354166666666667 0.0419453125 0.07231944444444445
5 0.4318515625 0.40725000000000006 0.035828125 0.12652777777777777
5 0.408578125 0.5964305555555556 0.06023437499999999 0.25172222222222224
5 0.42633593750000004 0.46780555555555553 0.0427421875 0.0938472222222222
1 0.4135 0.18831944444444446 0.015875 0.0335