5 0.6342006269592476 0.6368055555555555 0.04429467084639499 0.2183888888888889
5 0.5021473354231974 0.4356111111111111 0.03592476489028214 0.16811111111111113
5 0.47172413793103446 0.666611111111111 0.05619122257053292 0.19525
5 0.7217711598746082 0.6269722222222223 0.04387147335423197 0.17227777777777778
5 0.2754075235109718 0.5583888888888889 0.06285266457680251 0.17327777777777778
5 0.43051724137931036 0.5018333333333334 0.04133228840125392 0.2026388888888889
5 0.7543260188087774 0.5913888888888889 0.035156739811912224 0.16808333333333333
6 0.7412068965517241 0.44955555555555554 0.04117554858934169 0.16211111111111112
5 0.2894827586206897 0.4140833333333333 0.032774294670846395 0.12219444444444445
5 0.6631818181818182 0.5756944444444444 0.04341692789968652 0.19641666666666666
5 0.6143416927899686 0.48377777777777775 0.0429153605015674 0.20425000000000001
7 0.7853918495297806 0.12263888888888888 0.02518808777429467 0.08827777777777777
7 0.8972884012539185 0.25833333333333336 0.03365203761755486 0.052861111111111116
2 0.7265203761755485 0.36194444444444446 0.03420062695924765 0.07169444444444444
0 0.7325882513288812 0.20893719806763286 0.7826076308436691 0.2493112167874396 0.7818649269115443 0.38750660477053145 0.7248231353073463 0.3379094957729469