5 0.7880094043887147 0.5815 0.09178683385579937 0.26905555555555555
5 0.6331661442006269 0.48891666666666667 0.06551724137931034 0.27449999999999997
5 0.7084012539184953 0.4449722222222222 0.06216300940438871 0.29808333333333337
5 0.5516614420062695 0.6391111111111112 0.05326018808777429 0.3138888888888889
8 0.04521943573667712 0.9071111111111111 0.05719435736677116 0.18577777777777776
8 0.14689655172413793 0.9400833333333334 0.035579937304075236 0.11980555555555557
5 0.6511128526645769 0.5449999999999999 0.04862068965517241 0.2912222222222222
7 0.253307210031348 0.05791666666666667 0.05399686520376176 0.09594444444444444
6 0.21402821316614423 0.6756388888888889 0.05144200626959248 0.3355277777777778
0 0.47611048878969614 0.277891002415459 0.4741006627368134 0.08799913194444449 0.546512965108355 0.012011246980676364 0.5476123798896008 0.19471807065217395
2 0.5501567398119123 0.2328888888888889 0.040141065830721 0.07863888888888888