6 0.43772656249999997 0.7572916666666667 0.05695312500000001 0.19136111111111112
5 0.5850546875 0.5640138888888888 0.068859375 0.18638888888888888
5 0.6508984375 0.5091249999999999 0.078984375 0.19972222222222225
5 0.2907890625 0.7082638888888889 0.08203906250000001 0.18516666666666665
5 0.513 0.5818194444444444 0.0517109375 0.17936111111111108
0 0.356890625 0.20450000000000002 0.0371640625 0.15634722222222222
5 0.48131250000000003 0.516 0.05973437499999999 0.20191666666666666
5 0.3594140625 0.597375 0.056578125 0.22791666666666666
7 0.1478203125 0.12043055555555554 0.036265625 0.08954166666666666
5 0.7383984375 0.34341666666666665 0.07964062499999999 0.16668055555555555
5 0.6227265625 0.41525 0.047859374999999996 0.16765277777777776
2 0.3759375 0.26206944444444447 0.0361640625 0.07493055555555556
5 0.312828125 0.5719444444444445 0.053054687499999996 0.2109583333333333
6 0.9735390625000001 0.3333611111111111 0.0471015625 0.17704166666666665
7 0.3268125 0.0663611111111111 0.0288515625 0.12681944444444446
5 0.36242968750000004 0.4457777777777778 0.053554687499999996 0.1480138888888889
6 0.33153125 0.3123472222222222 0.0310390625 0.13705555555555557
1 0.49891406250000003 0.5094305555555556 0.0190234375 0.03301388888888889