6 0.8289375 0.30513888888888885 0.04503125 0.14731944444444445
6 0.6509296875 0.8073888888888889 0.0935234375 0.21970833333333334
6 0.15044531249999998 0.2999027777777778 0.06478125 0.1460972222222222
5 0.8051796875000001 0.36504166666666665 0.066953125 0.15908333333333335
5 0.7217421875000001 0.5335138888888888 0.059812500000000005 0.19356944444444446
5 0.5851171875000001 0.6065972222222222 0.06085937500000001 0.21627777777777776
5 0.47348437499999996 0.5855416666666666 0.0837578125 0.2204583333333333
5 0.274328125 0.7223194444444445 0.0781796875 0.2255138888888889
5 0.3238046875 0.3890138888888889 0.053867187500000004 0.18851388888888887
5 0.537 0.27918055555555554 0.06879687500000001 0.18181944444444445
5 0.5127734375 0.29715277777777777 0.07763281250000001 0.16219444444444445
5 0.155640625 0.5331666666666667 0.0637109375 0.19595833333333335
5 0.1723828125 0.8235972222222222 0.0721953125 0.24288888888888888
1 0.7416875 0.42862500000000003 0.0133203125 0.020444444444444446
3 0.7424062499999999 0.439 0.009546875 0.01225