5 0.6323671875 0.43419444444444444 0.0764375 0.1634722222222222
5 0.338828125 0.5986527777777777 0.058234375000000005 0.23220833333333332
5 0.46323437500000003 0.5067638888888889 0.0556171875 0.22269444444444444
5 0.3916875 0.7468611111111111 0.0693359375 0.2525833333333333
0 0.366375 0.20418055555555553 0.037703125 0.15877777777777777
5 0.7137109374999999 0.3345972222222222 0.046164062500000005 0.16006944444444443
7 0.1500234375 0.12486111111111112 0.0405546875 0.09555555555555555
5 0.5754453125000001 0.4777638888888889 0.06802343749999999 0.19208333333333336
6 0.4506015625 0.777013888888889 0.05541406250000001 0.1994166666666667
5 0.5108125 0.5307083333333333 0.0401640625 0.24815277777777775
2 0.3952734375 0.2720972222222222 0.029867187499999996 0.07413888888888889
5 0.5275859374999999 0.45768055555555553 0.035976562499999996 0.14655555555555555
5 0.37759375 0.6077361111111111 0.0582421875 0.2280972222222222
6 0.985890625 0.3534027777777778 0.028210937499999998 0.1748472222222222
1 0.504234375 0.3247083333333333 0.0170625 0.034125