6 0.6657836990595611 0.6604444444444444 0.04852664576802508 0.18811111111111112
5 0.831551724137931 0.48880555555555555 0.05404388714733542 0.21038888888888888
5 0.28890282131661443 0.5351111111111111 0.0474294670846395 0.2143611111111111
5 0.6580564263322883 0.4786944444444445 0.04255485893416928 0.1861388888888889
6 0.5606112852664578 0.29594444444444445 0.03213166144200627 0.16369444444444445
5 0.2973354231974921 0.37488888888888894 0.04826018808777429 0.1318611111111111
5 0.3695924764890282 0.2858888888888889 0.03452978056426333 0.17080555555555557
5 0.2920062695924765 0.2917222222222222 0.03474921630094044 0.06655555555555556
2 0.23658307210031349 0.24175 0.03156739811912226 0.05355555555555556
5 0.17341692789968652 0.5346111111111111 0.06952978056426332 0.20205555555555554
6 0.028965517241379312 0.509 0.042946708463949844 0.19672222222222221
5 0.06946708463949844 0.6063055555555555 0.03553291536050157 0.24402777777777776
0 0.19837116243014857 0.2533684329710145 0.19382176809322615 0.14363017059178748 0.23440428223388307 0.11261133756038658 0.2372100526441325 0.23144531250000003