5 0.3378996865203762 0.5494444444444445 0.06731974921630095 0.24911111111111112
5 0.43264890282131657 0.456 0.06652037617554858 0.21302777777777776
5 0.5792633228840125 0.5423611111111111 0.06617554858934169 0.2237777777777778
6 0.06589341692789968 0.8048888888888889 0.0672257053291536 0.3032222222222222
5 0.05625391849529781 0.5706111111111111 0.06973354231974922 0.2578888888888889
5 0.17858934169278998 0.30924999999999997 0.07866771159874608 0.21597222222222223
5 0.7726175548589341 0.6773333333333333 0.0631191222570533 0.17069444444444445
5 0.6389341692789968 0.63175 0.08435736677115988 0.2346388888888889
6 0.07984326018808777 0.2923888888888889 0.052021943573667705 0.18863888888888888
2 0.6700313479623825 0.21905555555555556 0.03844827586206897 0.06855555555555555
5 0.7086206896551724 0.6465555555555556 0.058855799373040744 0.24722222222222223
0 0.6732997137794741 0.06884057971014493 0.7303095611285266 0.1060914855072464 0.7282411706078781 0.24458408816425128 0.6669241728567535 0.2009548611111112 0.6718276160215347 0.06706672705314007 0.6725942781450184 0.0711758378623189