6 0.399765625 0.7186388888888888 0.047625 0.19045833333333334
5 0.3344609375 0.6698333333333333 0.06880468749999999 0.19769444444444445
5 0.43109374999999994 0.5871527777777777 0.0778984375 0.19254166666666667
0 0.273671875 0.18244444444444446 0.0430234375 0.15315277777777778
5 0.3793671875 0.36390277777777774 0.0481015625 0.15169444444444444
5 0.91103125 0.5274444444444444 0.0605390625 0.16454166666666667
5 0.674109375 0.5445694444444444 0.100734375 0.18377777777777776
5 0.7664453124999999 0.48916666666666664 0.06035937500000001 0.16715277777777776
6 0.8544765625 0.29666666666666663 0.0327578125 0.16276388888888887
5 0.5059296875 0.4294861111111111 0.05565625 0.21154166666666668
5 0.258359375 0.43301388888888886 0.052953125000000004 0.17773611111111112
7 0.075796875 0.10320833333333333 0.0362265625 0.07833333333333334
2 0.2981796875 0.24029166666666665 0.025289062499999997 0.05529166666666667
5 0.3712734375 0.2796111111111111 0.0364296875 0.15266666666666667
5 0.2935234375 0.44045833333333334 0.0515625 0.19324999999999998
6 0.2601484375 0.29901388888888886 0.032218750000000004 0.1293888888888889
1 0.7613359375 0.530513888888889 0.01415625 0.030722222222222224
7 0.24759375 0.03729166666666667 0.036375000000000005 0.07458333333333333