5 0.8582734375 0.678875 0.06233593750000001 0.2757361111111111
5 0.37906249999999997 0.5797083333333333 0.058484375 0.25479166666666664
5 0.6572421875 0.5336111111111111 0.063671875 0.259
5 0.5159296875 0.3416388888888889 0.0652734375 0.15731944444444443
5 0.8711718749999999 0.41218055555555555 0.05621875 0.23477777777777778
6 0.43671875 0.8589722222222222 0.05865625 0.26869444444444446
0 0.26815625 0.19644444444444445 0.0523046875 0.1666388888888889
5 0.38090625 0.42462500000000003 0.0488671875 0.16997222222222222
5 0.424546875 0.46365277777777775 0.0490546875 0.22088888888888888
7 0.23345312499999998 0.057847222222222223 0.0316484375 0.11288888888888889
5 0.331890625 0.4591388888888889 0.053570312499999995 0.2032777777777778
6 0.30169531250000003 0.30040277777777774 0.03528125 0.18080555555555555
7 0.0162265625 0.10090277777777779 0.032453125 0.14484722222222224
5 0.32634375000000004 0.5714722222222222 0.04946875 0.24979166666666666
2 0.29681250000000003 0.26369444444444445 0.0362109375 0.0742638888888889
1 0.3254400377642293 0.4217889694188243 0.3265947185151802 0.4443184151559367 0.3234632065593164 0.4363617813601489 0.32097279606394963 0.4337730527553449 0.3167562105678593 0.43524853970757105 0.31379974353838264 0.442844895427613 0.31250539572053504 0.4341519883967339 0.3133850465616822 0.4286171935934236 0.3159831381853522 0.4237126490106733 0.3197325567123901 0.420912854537488 0.32267411440557614 0.42097764177800817