5 0.21021874999999998 0.7648194444444444 0.0690078125 0.2989861111111111
5 0.4948359375 0.5763055555555555 0.0703984375 0.2595972222222222
6 0.1275703125 0.9325972222222223 0.0619453125 0.13479166666666667
5 0.6914921875 0.47522222222222227 0.0740234375 0.23054166666666667
5 0.7877890625 0.5714722222222222 0.09624218749999999 0.23629166666666665
7 0.9723593749999999 0.10261111111111111 0.051734375 0.13209722222222223
7 0.7328125 0.04715277777777778 0.033640625 0.09429166666666666
0 0.69784375 0.19986111111111113 0.067125 0.19205555555555556
6 0.5371640625 0.34925 0.045484375 0.2299861111111111
2 0.672640625 0.27930555555555553 0.0393671875 0.0811111111111111
1 0.6680234375 0.23262500000000003 0.01703125 0.029750000000000002