6 0.3200625 0.2868888888888889 0.0433828125 0.1797361111111111
5 0.8393828125 0.7093472222222222 0.09240625 0.255125
5 0.4880625 0.5223055555555556 0.0665390625 0.26822222222222225
5 0.577375 0.51125 0.0801640625 0.22540277777777776
6 0.4486328125 0.7866944444444444 0.0682109375 0.19193055555555555
5 0.9223828125000001 0.3360694444444444 0.054593749999999996 0.2170416666666667
7 0.078890625 0.05615277777777778 0.04946875 0.11231944444444444
5 0.56346875 0.38290277777777776 0.06135937500000001 0.19340277777777778
5 0.3837421875 0.4947083333333333 0.075140625 0.23973611111111112
5 0.42652343750000005 0.6376388888888889 0.06739843749999999 0.28397222222222224
2 0.35641406249999996 0.2137222222222222 0.0353203125 0.06569444444444444
5 0.41915625 0.3893611111111111 0.054960937499999994 0.149625
0 0.33121875 0.14530555555555555 0.042812499999999996 0.14872222222222223
5 0.4329140625 0.48234722222222226 0.042515625 0.13926388888888888
1 0.44117187500000005 0.5002222222222222 0.0113046875 0.026319444444444444