6 0.47307812499999996 0.720125 0.051531249999999994 0.18933333333333333
5 0.667703125 0.48155555555555557 0.0461953125 0.1985138888888889
5 0.7296015625 0.46343055555555557 0.053414062500000005 0.1832777777777778
6 0.8616875 0.317875 0.0431171875 0.15901388888888887
6 0.354234375 0.3206388888888889 0.033937499999999995 0.1567638888888889
5 0.365703125 0.5142638888888889 0.05828124999999999 0.21104166666666666
5 0.49050000000000005 0.3531944444444445 0.04375 0.19090277777777775
7 0.1688125 0.12720833333333334 0.0405546875 0.09570833333333333
5 0.5790625 0.49798611111111113 0.0538203125 0.19219444444444445
5 0.5299140625 0.45079166666666665 0.0521953125 0.22705555555555554
5 0.58384375 0.3465 0.036140624999999996 0.13545833333333335
0 0.360859375 0.193375 0.041140625 0.13658333333333333
7 0.33571875 0.07279166666666666 0.028390625000000003 0.11851388888888889
5 0.40945312500000003 0.5001249999999999 0.0558359375 0.2012361111111111
2 0.38298437500000004 0.24834722222222222 0.0275625 0.056666666666666664
5 0.575046875 0.270625 0.0299921875 0.14856944444444445
1 0.661125 0.4802777777777778 0.0105390625 0.02233333333333333