7 0.878265625 0.20569444444444443 0.0308359375 0.07804166666666666
7 0.7250078125 0.15508333333333332 0.0246640625 0.10337500000000001
2 0.6824453125 0.3207222222222222 0.028078125 0.05501388888888889
5 0.8306796875 0.6885555555555556 0.0398359375 0.20426388888888888
6 0.15253125 0.3485138888888889 0.032492187500000005 0.129125
5 0.1713359375 0.41258333333333336 0.038843749999999996 0.13161111111111112
5 0.25375000000000003 0.43054166666666666 0.0456953125 0.1512222222222222
5 0.671046875 0.5779166666666667 0.055632812499999997 0.1651111111111111
6 0.5740624999999999 0.758125 0.042226562499999995 0.19834722222222223
5 0.5791015625 0.31 0.033203125 0.15087499999999998
5 0.48791406249999997 0.3775 0.038320312499999995 0.15622222222222223
5 0.394671875 0.4806944444444445 0.0567109375 0.13730555555555554
5 0.34571874999999996 0.5776666666666667 0.0386640625 0.17384722222222224
5 0.31490625 0.4614861111111111 0.041273437499999996 0.13594444444444445
1 0.17271875 0.4813472222222222 0.010906250000000001 0.019930555555555556
3 0.1730078125 0.491 0.0086640625 0.007569444444444445
5 0.43265624999999996 0.7112777777777778 0.0528203125 0.1919861111111111
6 0.7067421875 0.3877361111111111 0.029109375 0.13381944444444444
0 0.6890625 0.20833333333333334 0.686798095703125 0.29852430555555554 0.715838623046875 0.34210611979166666 0.7176666259765625 0.24280598958333333