5 0.20511718750000002 0.6559861111111112 0.055281250000000004 0.23258333333333334
5 0.7057734375 0.6260138888888889 0.066015625 0.21363888888888888
6 0.3998125 0.7205972222222223 0.0636796875 0.19194444444444442
5 0.36915624999999996 0.5795972222222222 0.06859375 0.21406944444444445
0 0.2866171875 0.18475000000000003 0.033546875 0.14797222222222223
7 0.08253125 0.10456944444444445 0.0390390625 0.08415277777777778
5 0.4751875 0.3668194444444445 0.0435 0.163875
5 0.5469453125 0.4996111111111112 0.062828125 0.2187777777777778
5 0.25451562499999997 0.4504166666666667 0.044703124999999996 0.18030555555555555
6 0.8810234375 0.2963888888888889 0.0328125 0.16205555555555556
2 0.306859375 0.2411111111111111 0.0243515625 0.06173611111111112
5 0.3183515625 0.42480555555555555 0.048015625 0.18455555555555556
5 0.781703125 0.6324166666666666 0.081640625 0.17363888888888887
1 0.6801171874999999 0.6520416666666667 0.01603125 0.023541666666666666
7 0.2571953125 0.05695833333333333 0.023390625 0.11390277777777778
5 0.7562421875 0.5681805555555555 0.0430078125 0.23636111111111113