5 0.27175781250000003 0.7563333333333333 0.0718125 0.24205555555555555
6 0.1956953125 0.9390277777777778 0.0591015625 0.12119444444444445
0 0.6363749999999999 0.19956944444444444 0.06071093749999999 0.17556944444444444
5 0.5579765625 0.5706111111111111 0.065546875 0.28979166666666667
7 0.9176953125 0.08902777777777778 0.0486953125 0.13618055555555555
2 0.6066015625000001 0.281625 0.0480390625 0.08658333333333333
7 0.6740703124999999 0.042875 0.0256328125 0.08575
5 0.6611875 0.4621388888888889 0.0780546875 0.22730555555555554
5 0.8251250000000001 0.5513055555555556 0.07781249999999999 0.2591805555555556
6 0.5609921875 0.338375 0.055218750000000004 0.20705555555555558
1 0.5457109375 0.3928611111111111 0.018476562499999998 0.036194444444444446