5 0.2760703125 0.675375 0.104171875 0.29591666666666666
6 0.4849453125 0.8701944444444444 0.0837890625 0.21727777777777776
0 0.6601796875 0.19022222222222224 0.055874999999999994 0.17709722222222224
7 0.9298437500000001 0.09116666666666667 0.051539062499999996 0.14702777777777779
5 0.653625 0.4873888888888889 0.05485156249999999 0.2345694444444444
5 0.5830859375 0.5872361111111111 0.058750000000000004 0.278375
5 0.321375 0.5733333333333334 0.10293749999999999 0.2474861111111111
6 0.6561250000000001 0.34155555555555556 0.037734375 0.1532777777777778
5 0.48071875000000003 0.43118055555555557 0.05875781249999999 0.14256944444444444
7 0.690640625 0.05595833333333333 0.0345625 0.11191666666666666
5 0.500578125 0.657625 0.073890625 0.250625
2 0.63084375 0.26755555555555555 0.0388984375 0.08034722222222222
1 0.6860859375 0.558125 0.0170625 0.03290277777777778
5 0.4885 0.5065972222222223 0.048015625 0.12430555555555556