5 0.6043887147335424 0.33722222222222226 0.046583072100313476 0.1855277777777778
5 0.8732445141065831 0.4951944444444445 0.055940438871473354 0.22013888888888888
0 0.3971003134796238 0.14555555555555555 0.047836990595611285 0.15711111111111112
5 0.781614420062696 0.3109722222222222 0.04968652037617555 0.14294444444444446
2 0.4234326018808777 0.20594444444444446 0.03213166144200627 0.06936111111111111
6 0.8964420062695924 0.3256388888888889 0.043009404388714735 0.1731388888888889
5 0.6399843260188088 0.4761944444444445 0.05539184952978057 0.17641666666666667
6 0.33766457680250783 0.6236111111111111 0.047680250783699064 0.15019444444444444
5 0.5346708463949843 0.48938888888888893 0.04304075235109718 0.17925
5 0.28134796238244514 0.5648611111111111 0.06796238244514106 0.1925277777777778
5 0.22018808777429466 0.5328888888888889 0.04377742946708464 0.13099999999999998
5 0.5278683385579936 0.6245833333333333 0.06213166144200627 0.16702777777777778
5 0.45520376175548594 0.5818055555555556 0.04357366771159875 0.15877777777777777
5 0.4223354231974921 0.5618055555555556 0.04053291536050157 0.14777777777777779
6 0.3861598746081505 0.3402777777777778 0.03905956112852665 0.17813888888888887
7 0.2609717868338558 0.09155555555555556 0.025815047021943573 0.05508333333333333