5 0.6425703125 0.5147916666666666 0.0706328125 0.19581944444444446
5 0.179515625 0.5403194444444444 0.052023437500000005 0.20179166666666665
5 0.43732812499999996 0.39899999999999997 0.03975 0.14991666666666667
5 0.30296875 0.4589166666666667 0.048335937499999995 0.19791666666666666
5 0.54696875 0.6757500000000001 0.0525859375 0.2443611111111111
5 0.380046875 0.6979722222222222 0.050171875 0.1755
5 0.160703125 0.36595833333333333 0.0356953125 0.1604861111111111
5 0.8180859375 0.3322777777777778 0.055820312500000004 0.17248611111111112
5 0.8284921875 0.5413055555555556 0.05402343750000001 0.21356944444444445
5 0.6810937499999999 0.38429166666666664 0.03959375 0.169375
5 0.3776484375 0.44254166666666667 0.04828125 0.13111111111111112
5 0.348203125 0.5656388888888889 0.0871171875 0.16634722222222223
0 0.12946428571428573 0.16269841269841273 0.13329206194196436 0.27384827628968256 0.17229352678571427 0.23689391121031755 0.16723196847098212 0.12854197668650788
7 0.11687499999999999 0.06669444444444445 0.0373125 0.1333888888888889
2 0.1729921875 0.25175 0.0379453125 0.067
1 0.789203125 0.6385138888888889 0.015265625 0.026458333333333334
3 0.7898125 0.6531388888888888 0.013609375000000002 0.0115