5 0.5300234374999999 0.6769305555555556 0.0589375 0.2360138888888889
6 0.469140625 0.7975972222222222 0.0627265625 0.17469444444444446
5 0.6731171875 0.7727916666666667 0.071984375 0.24458333333333332
5 0.3955 0.5996527777777778 0.0360625 0.2589861111111111
7 0.14971874999999998 0.10234722222222221 0.0422890625 0.10822222222222222
5 0.7736796874999999 0.3308611111111111 0.0432421875 0.18879166666666666
5 0.4842109375 0.4492638888888889 0.064078125 0.20550000000000002
2 0.4074140625 0.2587777777777778 0.0297109375 0.07047222222222223
0 0.38365625 0.19291666666666668 0.0360546875 0.17051388888888888
5 0.4273515625 0.6214305555555556 0.0631328125 0.2585
5 0.4390390625 0.4804583333333333 0.042148437500000004 0.124
7 0.3501796875 0.05723611111111111 0.027234374999999998 0.11031944444444446
5 0.45247656249999996 0.4075972222222223 0.031515625000000005 0.15131944444444445
5 0.373328125 0.5725555555555556 0.05647656250000001 0.2506527777777778
1 0.41221874999999997 0.19133333333333333 0.013359375000000001 0.025347222222222222