5 0.20321093750000002 0.6551388888888888 0.053625 0.23291666666666666
5 0.704796875 0.6288055555555556 0.068171875 0.200625
6 0.4001015625 0.7206527777777778 0.0634765625 0.19415277777777776
5 0.36834375 0.5811111111111111 0.0561640625 0.21740277777777778
0 0.286609375 0.18387499999999998 0.0347109375 0.14913888888888888
5 0.546546875 0.5010416666666667 0.0634765625 0.2143888888888889
5 0.4761484375 0.3657777777777778 0.0413671875 0.16591666666666666
7 0.081296875 0.10744444444444444 0.037953125 0.08911111111111111
5 0.25105468750000004 0.45069444444444445 0.0434453125 0.17443055555555556
6 0.8817656250000001 0.29606944444444444 0.0310234375 0.15822222222222224
5 0.3180234375 0.42662500000000003 0.0484453125 0.18477777777777776
2 0.3073828125 0.24180555555555555 0.0246015625 0.06258333333333334
5 0.781171875 0.6193055555555556 0.07265625 0.18254166666666669
5 0.7620859375 0.5352222222222223 0.04384375 0.159
7 0.2599140625 0.06202777777777777 0.025320312499999997 0.11123611111111112
6 0.2669375 0.29205555555555557 0.0281796875 0.14480555555555558
5 0.5557578125 0.27711111111111114 0.057234375000000004 0.1763472222222222
1 0.6781875 0.6479027777777778 0.020429687499999998 0.03191666666666667