5 0.6334639498432602 0.6394722222222222 0.056598746081504704 0.22922222222222222
5 0.6847178683385581 0.4703333333333333 0.05500000000000001 0.21019444444444446
6 0.26557993730407525 0.6231944444444444 0.04744514106583072 0.2246388888888889
7 0.2702037617554859 0.19055555555555553 0.04039184952978056 0.08786111111111111
5 0.586128526645768 0.46411111111111114 0.05178683385579937 0.11105555555555555
5 0.6077899686520376 0.6137222222222222 0.049529780564263326 0.23494444444444443
7 0.4233855799373041 0.07255555555555555 0.03670846394984326 0.12358333333333334
5 0.9600313479623824 0.4425277777777778 0.050188087774294676 0.24219444444444443
6 0.7956426332288401 0.32430555555555557 0.04796238244514107 0.21888888888888888
5 0.5642319749216301 0.57 0.045705329153605014 0.20477777777777778
0 0.42796783426468593 0.3611111111111111 0.42981527702058064 0.20174743357487934 0.49175518774703564 0.14653155193236714 0.48926087382445144 0.3079568614130435 0.426668767888783 0.36520606884057977
4 0.4849529780564263 0.31175 0.034482758620689655 0.07019444444444445