5 0.5692421875 0.43306944444444445 0.0598515625 0.17695833333333333
5 0.5158515625 0.7588472222222222 0.06640625 0.2331527777777778
6 0.46360156249999995 0.7893333333333334 0.055867187500000005 0.19566666666666666
5 0.5176796875 0.6059166666666667 0.0562734375 0.14625
7 0.1550546875 0.11616666666666667 0.036984375 0.09784722222222222
5 0.7298203125 0.32325000000000004 0.0463125 0.178375
2 0.40311718750000003 0.2665416666666667 0.032703125 0.06815277777777778
5 0.40504687500000003 0.6184861111111111 0.055843750000000004 0.267125
5 0.3529609375 0.6014583333333333 0.057421875 0.2417222222222222
0 0.37808593749999997 0.19968055555555558 0.0390390625 0.15031944444444445
5 0.4782265625 0.5501805555555556 0.0450703125 0.1985833333333333
5 0.4995078125 0.43572222222222223 0.080671875 0.12890277777777778
5 0.36846875 0.5002638888888888 0.0391953125 0.10683333333333334
7 0.3466875 0.05372222222222222 0.035562500000000004 0.10744444444444444
1 0.46246875000000004 0.14675 0.0193359375 0.03577777777777778