5 0.6619122257053291 0.49225 0.04650470219435737 0.18763888888888888
5 0.8781034482758621 0.5065555555555556 0.05103448275862069 0.21688888888888888
6 0.5525235109717869 0.3005277777777778 0.03213166144200627 0.14916666666666667
6 0.7248432601880878 0.6849166666666666 0.052288401253918496 0.21294444444444444
5 0.2830250783699059 0.3803888888888889 0.051112852664576804 0.12905555555555556
5 0.25079937304075234 0.5385000000000001 0.043009404388714735 0.16741666666666669
5 0.15452978056426334 0.5878611111111111 0.04735109717868339 0.19986111111111113
5 0.03471786833855799 0.6110555555555556 0.043699059561128524 0.24625000000000002
5 0.3353291536050157 0.33119444444444446 0.03553291536050157 0.1768611111111111
5 0.3497805642633229 0.28191666666666665 0.0418025078369906 0.17363888888888887
5 0.28669278996865205 0.29194444444444445 0.03910658307210031 0.09352777777777778
2 0.2273667711598746 0.24488888888888888 0.03495297805642633 0.059805555555555556
0 0.18536186452228434 0.2536231884057972 0.18172021943573669 0.14764492753623193 0.22321314484803056 0.11451728562801931 0.2252229709009132 0.2282467164855073 0.18451534176093773 0.25710484601449274