5 0.8931953125 0.6403333333333333 0.073171875 0.23622222222222225
5 0.6625546875 0.6754722222222221 0.075921875 0.23930555555555558
5 0.3513984375 0.5865138888888889 0.08204687499999999 0.2263611111111111
6 0.6314765625 0.796875 0.0799609375 0.20741666666666667
5 0.723359375 0.45749999999999996 0.0673046875 0.21590277777777775
5 0.9741796875000001 0.4877916666666666 0.051640624999999996 0.22305555555555553
5 0.742109375 0.6914305555555555 0.10465625 0.24230555555555558
5 0.2139765625 0.5427638888888889 0.057078125 0.20898611111111112
5 0.41839843749999994 0.4515416666666667 0.046609374999999995 0.2306111111111111
5 0.1735625 0.6101944444444444 0.056781250000000005 0.24570833333333333
6 0.3586484375 0.33841666666666664 0.0809296875 0.1818888888888889
1 0.7209453124999999 0.453125 0.015140625 0.026916666666666665