6 0.356734375 0.33958333333333335 0.0713359375 0.17055555555555554
5 0.9330078125 0.5123472222222222 0.07934375 0.22886111111111113
5 0.8961874999999999 0.6623888888888889 0.0995859375 0.21063888888888888
5 0.675109375 0.6996666666666667 0.0917265625 0.25193055555555555
2 0.05736718750000001 0.27416666666666667 0.0345625 0.06201388888888889
5 0.4854375 0.5010555555555556 0.053859375 0.19606944444444444
5 0.2645546875 0.5336527777777778 0.0560703125 0.21619444444444444
5 0.3422421875 0.5802777777777778 0.0840859375 0.2297638888888889
5 0.2140234375 0.5396666666666666 0.0591171875 0.21008333333333332
0 0.029640624999999997 0.20698611111111112 0.047328125 0.16676388888888888
5 0.5843203124999999 0.6740138888888889 0.05184375 0.24772222222222223
5 0.5546796875 0.7760833333333333 0.059773437500000005 0.18751388888888887
5 0.6750390625 0.4842777777777778 0.042765625 0.2152777777777778