6 0.27579937304075236 0.7099166666666666 0.05136363636363637 0.16133333333333333
7 0.8225548589341692 0.10186111111111111 0.03250783699059561 0.06413888888888888
5 0.20852664576802507 0.6250833333333333 0.056300940438871475 0.20905555555555558
5 0.3838087774294671 0.5564166666666667 0.04288401253918495 0.19994444444444445
0 0.6680721003134796 0.1743888888888889 0.03471786833855799 0.12777777777777777
5 0.4643416927899687 0.48158333333333336 0.05255485893416928 0.15730555555555556
5 0.8513793103448275 0.5545555555555555 0.04796238244514107 0.2197222222222222
5 0.29415360501567395 0.6226111111111111 0.07435736677115987 0.16980555555555557
5 0.5625705329153605 0.6325 0.059733542319749214 0.19063888888888889
5 0.755705329153605 0.52 0.04943573667711599 0.1574722222222222
5 0.5386363636363636 0.6319722222222222 0.03989028213166144 0.20111111111111113
7 0.6993887147335422 0.04761111111111111 0.028855799373040752 0.08702777777777777
5 0.5142633228840126 0.5743055555555555 0.05387147335423197 0.1748888888888889
6 0.9181661442006269 0.9797222222222222 0.05714733542319749 0.03961111111111111
2 0.6516457680250783 0.23097222222222225 0.031661442006269594 0.06094444444444445
1 0.19315047021943574 0.5393055555555556 0.014231974921630095 0.023027777777777775