6 0.443078125 0.7725416666666667 0.060781249999999995 0.21454166666666666
0 0.363875 0.20362500000000003 0.042499999999999996 0.15813888888888888
5 0.34228125 0.7478333333333335 0.0643515625 0.22437500000000002
5 0.327765625 0.5886527777777778 0.057976562499999995 0.19972222222222225
5 0.608875 0.49112500000000003 0.0688828125 0.18097222222222223
5 0.7209296875 0.340875 0.06471875 0.1483472222222222
5 0.63215625 0.42461111111111116 0.057648437500000003 0.1751111111111111
5 0.45931249999999996 0.5259305555555556 0.061578125 0.21393055555555557
6 0.9869140625 0.3415694444444445 0.026171875 0.1852777777777778
7 0.1521640625 0.1228611111111111 0.040953125 0.09468055555555556
5 0.5405703125 0.5392361111111111 0.06703125 0.23829166666666665
5 0.369640625 0.5735972222222222 0.0416484375 0.18206944444444445
7 0.3314375 0.06616666666666667 0.0308359375 0.12116666666666666
2 0.38689062500000004 0.2708611111111111 0.043710937500000005 0.07865277777777778
5 0.5189921875 0.5389027777777777 0.05953125 0.23823611111111112
5 0.359796875 0.4626527777777778 0.0445 0.1567638888888889
1 0.5135390625 0.42406944444444444 0.0191484375 0.029347222222222222