5 0.6878056426332289 0.5385833333333333 0.05166144200626959 0.23997222222222223
5 0.5050783699059561 0.6684722222222222 0.054905956112852664 0.249
5 0.24725705329153605 0.5441666666666667 0.04525078369905956 0.22783333333333333
5 0.7504702194357367 0.5263333333333333 0.05346394984326019 0.19997222222222222
5 0.5589811912225705 0.5784166666666667 0.04092476489028213 0.20994444444444443
5 0.32122257053291536 0.39616666666666667 0.06373040752351096 0.2062222222222222
5 0.5009561128526646 0.4206944444444444 0.06374608150470219 0.18169444444444444
6 0.7751097178683385 0.3506111111111111 0.043902821316614424 0.16947222222222222
6 0.6242006269592477 0.7019444444444444 0.04945141065830721 0.2091388888888889
5 0.39144200626959247 0.46697222222222223 0.04304075235109718 0.22344444444444445
5 0.4228213166144201 0.40458333333333335 0.042194357366771164 0.1958888888888889
2 0.7461598746081505 0.2316666666666667 0.03667711598746081 0.06477777777777778
7 0.9156583072100314 0.1363888888888889 0.028134796238244515 0.050555555555555555
0 0.7509881422924903 0.0917874396135266 0.7985717723524602 0.13633189915458938 0.7927179875971105 0.2589164402173913 0.7435131865885239 0.20994678442028986
5 0.4584012539184953 0.3950833333333333 0.03905956112852665 0.19358333333333333