5 0.48170846394984324 0.4049166666666667 0.057053291536050155 0.16533333333333333
5 0.48771159874608155 0.6078888888888889 0.042492163009404386 0.2604166666666667
6 0.2327272727272727 0.3276388888888889 0.04785266457680251 0.16169444444444445
5 0.8272727272727272 0.5868055555555556 0.048354231974921634 0.17019444444444445
5 0.6063949843260188 0.3765 0.04689655172413793 0.16527777777777777
5 0.23982758620689654 0.4469722222222222 0.04824451410658307 0.15938888888888889
5 0.5378840125391849 0.45083333333333336 0.04713166144200627 0.1651111111111111
5 0.5754388714733543 0.3839444444444444 0.03302507836990596 0.15394444444444444
5 0.6460031347962382 0.27397222222222223 0.030266457680250783 0.12777777777777777
5 0.8724921630094044 0.62475 0.04051724137931035 0.11916666666666666
5 0.5339655172413793 0.6099722222222222 0.05525078369905956 0.2151388888888889
6 0.5800940438871474 0.6906388888888889 0.045909090909090906 0.12280555555555556
1 0.48744514106583076 0.4915 0.012523510971786835 0.02436111111111111
7 0.8314576802507837 0.06613888888888889 0.017836990595611286 0.07913888888888888
2 0.7731974921630094 0.264 0.0280564263322884 0.057
0 0.7857434918904185 0.1352657004830918 0.8094780734632684 0.1802724939613527 0.8072925540070873 0.2705597071256039 0.7846866694493664 0.23412024456521735
6 0.8963009404388715 0.42241666666666666 0.04529780564263323 0.19508333333333333