5 0.5082265625 0.5726666666666667 0.07290624999999999 0.24341666666666664
5 0.2135703125 0.7529444444444444 0.09176562499999999 0.2833472222222222
0 0.6873203125 0.19968055555555558 0.062468749999999997 0.17127777777777778
7 0.9625234375 0.10126388888888889 0.050265625 0.13151388888888887
6 0.14725 0.9377777777777778 0.0596953125 0.12444444444444444
6 0.547875 0.34870833333333334 0.060726562500000004 0.21841666666666665
7 0.723515625 0.03888888888888889 0.0393515625 0.07777777777777778
5 0.6839296874999999 0.4696666666666667 0.055460937499999995 0.22247222222222224
2 0.6588437500000001 0.2887222222222222 0.034046875 0.07027777777777779
5 0.8095703125 0.5965555555555555 0.11096874999999999 0.09716666666666665
5 0.7899140625000001 0.5616111111111112 0.06789843749999999 0.25809722222222226
1 0.6427734375 0.25075 0.0147890625 0.026458333333333334