5 0.9334765624999999 0.5484583333333333 0.1036875 0.21129166666666666
5 0.7491875 0.6444583333333334 0.10382812500000001 0.24137499999999998
5 0.07974218749999999 0.4773055555555556 0.0780234375 0.20676388888888889
5 0.1764765625 0.391125 0.0681484375 0.2202361111111111
5 0.577734375 0.34380555555555553 0.055796875 0.17004166666666667
6 0.53621875 0.7858750000000001 0.07975 0.16025
1 0.67825 0.6550416666666666 0.018882812500000002 0.028749999999999998
5 0.2677109375 0.7172222222222222 0.0683046875 0.23680555555555555
6 0.0572734375 0.3430972222222222 0.0769140625 0.17906944444444445
5 0.42021875 0.7645694444444444 0.05765625 0.224
8 0.38366406249999996 0.23269444444444443 0.047281250000000004 0.10420833333333333