5 0.7358984375000001 0.48188888888888887 0.057265625 0.17883333333333332
5 0.350078125 0.6841111111111111 0.0646953125 0.22058333333333333
5 0.9252343749999999 0.5292777777777777 0.054015625 0.18181944444444445
5 0.6390859375 0.5178333333333333 0.059453124999999996 0.18072222222222223
0 0.2738671875 0.18775 0.036890624999999996 0.14727777777777779
5 0.3685546875 0.36697222222222226 0.04184375 0.15694444444444444
6 0.853890625 0.30215277777777777 0.03421875 0.1582638888888889
5 0.43770312499999997 0.576625 0.0587890625 0.20801388888888891
5 0.3414453125 0.2962916666666667 0.0397578125 0.15309722222222222
7 0.07357812500000001 0.107875 0.0409921875 0.08374999999999999
6 0.3976015625 0.7249722222222222 0.0449921875 0.19737500000000002
5 0.5106796874999999 0.4314583333333333 0.06515625 0.19406944444444443
5 0.24496875 0.45048611111111114 0.0458515625 0.18459722222222222
5 0.2808125 0.4524166666666667 0.0600703125 0.20350000000000001
2 0.29983593750000004 0.24454166666666666 0.02653125 0.058083333333333334
3 0.6597265625000001 0.6074999999999999 0.0096796875 0.007500000000000001
1 0.6590859375 0.5958472222222222 0.014875 0.02323611111111111