0 0.6420312499999999 0.19434722222222223 0.0458515625 0.14245833333333333
6 0.562953125 0.7506805555555556 0.06281250000000001 0.22862500000000002
5 0.47784375 0.7027222222222222 0.078015625 0.24736111111111111
5 0.508046875 0.5426666666666667 0.058062499999999996 0.17016666666666666
5 0.3395078125 0.46581944444444445 0.05242187499999999 0.19531944444444443
5 0.390921875 0.4743472222222222 0.054109375 0.20016666666666666
7 0.8466953125 0.11519444444444445 0.035562500000000004 0.08584722222222223
5 0.5518671875 0.3970416666666667 0.0434921875 0.1637361111111111
5 0.4619375 0.48418055555555556 0.041265625 0.16254166666666667
5 0.328640625 0.34620833333333334 0.0372109375 0.13252777777777777
7 0.6713125 0.061138888888888895 0.023304687499999997 0.11581944444444445
5 0.4966796875 0.2786666666666667 0.04165625 0.17804166666666665
6 0.6466640625 0.32131944444444444 0.0370703125 0.16075
6 0.11950000000000001 0.30556944444444445 0.031179687499999997 0.19169444444444445
5 0.2329921875 0.3148611111111111 0.033171875 0.1852777777777778
2 0.624125 0.24790277777777778 0.0373046875 0.05693055555555556
5 0.4493203125 0.5764027777777778 0.0392734375 0.2555972222222222
1 0.47239062499999995 0.4968472222222223 0.01628125 0.02377777777777778