6 0.760846394984326 0.7025555555555555 0.05479623824451411 0.22969444444444445
5 0.6224764890282132 0.4940555555555556 0.05139498432601881 0.1705
5 0.2378369905956113 0.6724444444444445 0.049780564263322884 0.19124999999999998
5 0.8728213166144201 0.5100277777777779 0.05192789968652038 0.22725
5 0.14984326018808777 0.5085 0.04434169278996865 0.2066388888888889
5 0.31829153605015675 0.5669166666666666 0.043605015673981194 0.17594444444444446
6 0.518385579937304 0.30069444444444443 0.03689655172413793 0.16619444444444445
0 0.16252351097178683 0.18969444444444447 0.04942006269592477 0.15722222222222224
1 0.8562695924764889 0.5048055555555555 0.01565830721003135 0.028944444444444443
5 0.31213166144200627 0.27869444444444447 0.03357366771159875 0.17558333333333334
2 0.1842476489028213 0.2393611111111111 0.03047021943573668 0.05841666666666667
5 0.2646551724137931 0.37399999999999994 0.037288401253918496 0.20211111111111113
5 0.2504702194357367 0.2667777777777778 0.019827586206896553 0.06252777777777778
5 0.2888087774294671 0.3226111111111111 0.03517241379310345 0.18630555555555553