5 0.4088087774294671 0.5066388888888889 0.04838557993730408 0.15877777777777777
5 0.8050940438871473 0.6397777777777778 0.06959247648902821 0.21866666666666668
5 0.5154545454545455 0.64675 0.06221003134796238 0.21655555555555553
5 0.2370846394984326 0.4806944444444445 0.052304075235109715 0.18491666666666665
5 0.4484952978056426 0.7003611111111111 0.055924764890282135 0.21094444444444443
5 0.3305485893416928 0.5047222222222222 0.03617554858934169 0.1919722222222222
5 0.3676018808777429 0.5185833333333333 0.0377742946708464 0.15188888888888888
6 0.620846394984326 0.7348888888888889 0.04968652037617555 0.12677777777777777
6 0.031175548589341694 0.4548611111111111 0.05523510971786834 0.16544444444444445
5 0.870282131661442 0.704388888888889 0.06412225705329153 0.2252222222222222
2 0.6981347962382446 0.30166666666666664 0.02652037617554859 0.05505555555555556
7 0.8577586206896551 0.20830555555555555 0.028166144200626957 0.05672222222222223
7 0.7561442006269593 0.09022222222222222 0.02531347962382445 0.10316666666666667
5 0.4241692789968652 0.39099999999999996 0.03738244514106583 0.13469444444444445
5 0.4038871473354232 0.36869444444444444 0.019984326018808778 0.11663888888888889
0 0.7032847212757258 0.17512077294685993 0.7447936188155923 0.20572444897342995 0.7436489496728909 0.32274211201690833 0.6998214316137388 0.28129245923913054