5 0.190359375 0.6638472222222223 0.0716328125 0.21197222222222223
5 0.353953125 0.5734722222222222 0.0632890625 0.21702777777777776
5 0.752328125 0.5862638888888889 0.070375 0.2141388888888889
6 0.4149375 0.7208611111111111 0.0591484375 0.18743055555555554
5 0.62375 0.6415833333333333 0.057734375000000004 0.20352777777777778
5 0.25565625000000003 0.4776666666666667 0.04653125 0.19002777777777777
0 0.303515625 0.18788888888888888 0.035812500000000004 0.1472638888888889
7 0.0998671875 0.11229166666666666 0.037828125000000004 0.09345833333333334
6 0.902109375 0.30618055555555557 0.037734375 0.15952777777777777
5 0.3282265625 0.4369722222222222 0.045906249999999996 0.1756111111111111
2 0.3266796875 0.24294444444444444 0.02521875 0.05979166666666666
5 0.7043203124999999 0.6375972222222223 0.0681015625 0.20306944444444447
5 0.5335 0.4997361111111111 0.051546875000000006 0.22155555555555556
5 0.6278125 0.2765 0.052289062500000004 0.15905555555555556
1 0.59328125 0.6984861111111111 0.0145625 0.025902777777777775
5 0.4983984375 0.3586527777777778 0.0387734375 0.13604166666666667
7 0.276875 0.06206944444444444 0.024234375 0.10969444444444446
8 0.5947109375 0.7119444444444445 0.00840625 0.007847222222222222