5 0.5168984375 0.5845833333333333 0.0600859375 0.16904166666666665
5 0.5918203125 0.5606666666666666 0.056898437499999996 0.1708888888888889
0 0.35714843749999997 0.19663888888888892 0.0413046875 0.1532222222222222
6 0.435578125 0.7537222222222222 0.0580546875 0.19595833333333335
5 0.272671875 0.7150277777777778 0.07878906249999999 0.19509722222222223
5 0.6730234375 0.5084166666666666 0.0591640625 0.20180555555555557
5 0.354796875 0.5914027777777778 0.053593749999999996 0.23227777777777778
5 0.48767187500000003 0.5064027777777778 0.059765625 0.196875
5 0.3065859375 0.5697916666666667 0.0492578125 0.22586111111111112
5 0.6219609375 0.41558333333333336 0.04775 0.15763888888888888
7 0.1468671875 0.12020833333333333 0.0406796875 0.09729166666666667
5 0.7545859375 0.3445 0.0657578125 0.1607638888888889
2 0.376734375 0.26295833333333335 0.025046875000000003 0.06083333333333333
6 0.9706015625 0.33694444444444444 0.0482265625 0.17394444444444443
7 0.32575 0.06297222222222222 0.0281328125 0.11955555555555555
5 0.3614140625 0.44704166666666667 0.0553359375 0.14534722222222224
6 0.68296875 0.29606944444444444 0.0328671875 0.17119444444444445
1 0.500046875 0.5563333333333333 0.020398437499999998 0.036208333333333335