6 0.673448275862069 0.7004444444444444 0.07557993730407524 0.21647222222222223
5 0.5157210031347962 0.38266666666666665 0.053652037617554854 0.21061111111111108
5 0.2732131661442006 0.518 0.0696551724137931 0.26555555555555554
5 0.16467084639498433 0.5320277777777778 0.05959247648902822 0.28047222222222223
5 0.6290282131661442 0.41891666666666666 0.056598746081504704 0.18788888888888888
5 0.601128526645768 0.5755277777777777 0.07202194357366772 0.2265
5 0.3715830721003135 0.39947222222222223 0.052946708463949846 0.22755555555555557
5 0.7334169278996866 0.35005555555555556 0.042413793103448276 0.16822222222222222
5 0.5673040752351097 0.5639444444444445 0.061332288401253925 0.21619444444444444
0 0.2967398119122257 0.14580555555555555 0.06210031347962382 0.15377777777777776
5 0.46550156739811915 0.2853611111111111 0.045094043887147335 0.18666666666666668
2 0.3130094043887147 0.1957777777777778 0.033134796238244515 0.06547222222222222
7 0.09090909090909091 0.1225 0.03324451410658307 0.0638611111111111