0 0.34461718750000003 0.1931111111111111 0.047234375 0.14655555555555555
5 0.2273984375 0.6862083333333333 0.077234375 0.20736111111111113
5 0.6167890625 0.573763888888889 0.053859375 0.2162361111111111
5 0.5410234375 0.5830416666666667 0.0595625 0.18143055555555554
6 0.42992187499999995 0.7385 0.0624375 0.20825
5 0.3558203125 0.5759166666666667 0.05134375 0.22590277777777779
5 0.697953125 0.5337083333333333 0.06782031250000001 0.20676388888888889
2 0.36690625 0.2577361111111111 0.027968749999999997 0.06329166666666666
5 0.5092890625 0.49419444444444444 0.0651015625 0.19044444444444444
7 0.139875 0.117625 0.0356328125 0.08794444444444445
5 0.7542109375 0.34834722222222225 0.0662265625 0.148125
5 0.29821875000000003 0.5474583333333334 0.04925 0.21329166666666666
5 0.593765625 0.38049999999999995 0.0455625 0.1280138888888889
5 0.358859375 0.4280138888888889 0.050921875000000005 0.1669027777777778
6 0.9553593749999999 0.32755555555555554 0.0487109375 0.16569444444444445
7 0.315234375 0.06104166666666667 0.025703125 0.12208333333333334
1 0.5151328125 0.5938055555555556 0.018226562499999998 0.03161111111111111