2 0.2600313479623825 0.2415 0.04067398119122257 0.0901388888888889
5 0.8780721003134797 0.5089444444444444 0.08336990595611285 0.26725
5 0.3299529780564263 0.5005555555555555 0.08213166144200627 0.25816666666666666
5 0.7783385579937304 0.535611111111111 0.06921630094043886 0.24566666666666667
5 0.5285423197492163 0.3516666666666666 0.055501567398119116 0.21383333333333335
6 0.1679780564263323 0.33108333333333334 0.054216300940438875 0.21844444444444444
5 0.45454545454545453 0.46452777777777776 0.07147335423197493 0.27305555555555555
5 0.3753761755485894 0.41655555555555557 0.050815047021943574 0.222
5 0.41804075235109717 0.4728055555555556 0.05528213166144201 0.26205555555555554
5 0.47893416927899685 0.4151944444444444 0.0692319749216301 0.22411111111111112
5 0.7571943573667711 0.49280555555555555 0.11844827586206895 0.20544444444444443
0 0.20989505247376314 0.26328502415458943 0.20736347025350965 0.1189990942028986 0.24364682005588117 0.048318614130434846 0.24778892513970288 0.20587541515700494