5 0.6142163009404389 0.4995833333333333 0.025893416927899687 0.065
5 0.6511128526645769 0.5035555555555555 0.022147335423197495 0.07341666666666667
6 0.4294514106583072 0.5888055555555556 0.020940438871473354 0.06916666666666667
5 0.6962695924764891 0.5375833333333333 0.015956112852664576 0.07275000000000001
5 0.7831347962382444 0.5391666666666667 0.017946708463949843 0.059027777777777776
5 0.7747178683385579 0.48583333333333334 0.016128526645768023 0.06105555555555556
5 0.7007993730407523 0.4774722222222222 0.018213166144200627 0.0685
2 0.7514263322884013 0.45488888888888884 0.0145141065830721 0.03297222222222222
5 0.505987460815047 0.5604444444444444 0.023840125391849532 0.07980555555555556
5 0.5116457680250783 0.49152777777777773 0.017429467084639497 0.06999999999999999
5 0.4172100313479624 0.5094444444444445 0.016645768025078368 0.07202777777777777
5 0.40158307210031347 0.5400833333333334 0.015376175548589343 0.06805555555555555
5 0.3869592476489028 0.5504166666666667 0.017476489028213166 0.0815
6 0.5729623824451411 0.4578055555555556 0.022852664576802507 0.06533333333333333