5 0.362203125 0.6988055555555556 0.070484375 0.23105555555555557
5 0.5433749999999999 0.4197222222222222 0.0564453125 0.1771388888888889
5 0.7335078125 0.4860138888888889 0.059640625 0.18087499999999998
6 0.40437500000000004 0.7388611111111112 0.05630468749999999 0.20629166666666668
5 0.941453125 0.5380416666666666 0.0474609375 0.19331944444444443
5 0.4120234375 0.557625 0.0425859375 0.21009722222222224
5 0.6447734374999999 0.43690277777777775 0.0457265625 0.15090277777777777
5 0.3706328125 0.37995833333333334 0.074046875 0.16365277777777779
6 0.8658671874999999 0.31183333333333335 0.039570312499999996 0.1597361111111111
7 0.0754765625 0.11783333333333333 0.040640625 0.08829166666666667
1 0.6293203125 0.47334722222222225 0.012796875 0.02113888888888889
5 0.2634296875 0.4999027777777778 0.057406250000000006 0.1999027777777778
6 0.2573515625 0.30406944444444445 0.0370234375 0.15179166666666669
7 0.253125 0.06784722222222223 0.028000000000000004 0.12408333333333334
5 0.31975 0.34247222222222223 0.050234375 0.1770138888888889
5 0.21001562499999998 0.48800000000000004 0.046484375 0.1942361111111111
2 0.3032421875 0.25352777777777774 0.0268828125 0.059847222222222225
0 0.2852421875 0.1994166666666667 0.0393515625 0.13180555555555556