5 0.40730468750000004 0.7355277777777778 0.0991953125 0.20915277777777777
5 0.0963828125 0.38254166666666667 0.0915859375 0.228
5 0.749765625 0.6354305555555555 0.10311718750000001 0.24634722222222222
5 0.927984375 0.5469444444444445 0.11085156249999999 0.21554166666666666
1 0.65771875 0.6794166666666667 0.020953125 0.033541666666666664
5 0.24503124999999998 0.6903611111111111 0.11573437499999999 0.235
5 0.5599375 0.3313888888888889 0.074125 0.1746111111111111
7 0.9864609375000001 0.04209722222222222 0.027078124999999998 0.08125
6 0.498453125 0.7959166666666666 0.06409375 0.17475
0 0.94978125 0.1796666666666667 0.059265625 0.15780555555555556
2 0.9252734374999999 0.24337499999999998 0.039718750000000004 0.06226388888888889
6 0.9212890625 0.3116527777777778 0.0383828125 0.13481944444444444