5 0.285921875 0.6600833333333334 0.0684921875 0.2270277777777778
5 0.7432265625000001 0.5600277777777778 0.0631875 0.22320833333333334
5 0.40699218750000005 0.3565277777777778 0.045671875 0.15865277777777778
0 0.27647656249999997 0.18297222222222223 0.039484375 0.14247222222222222
5 0.40724218749999996 0.5818194444444444 0.0561015625 0.20426388888888888
6 0.39934375 0.7198888888888889 0.0522421875 0.19379166666666667
5 0.860515625 0.5829444444444445 0.0596484375 0.18811111111111112
5 0.8198281250000001 0.5566666666666666 0.047265625 0.16236111111111112
5 0.31169531250000004 0.4258194444444444 0.03234375 0.21277777777777776
6 0.8607578124999999 0.2984861111111111 0.036203125 0.1644027777777778
7 0.07775 0.10698611111111112 0.034140625 0.08836111111111111
2 0.300140625 0.23665277777777777 0.0292734375 0.057888888888888886
5 0.5261796875 0.46472222222222226 0.051601562499999996 0.22965277777777776
5 0.43367187500000004 0.25884722222222223 0.037953125 0.15495833333333334
1 0.8556328125 0.5685694444444445 0.016398437499999998 0.030722222222222224
7 0.2460625 0.04674999999999999 0.0343125 0.09349999999999999
5 0.2820078125 0.4141666666666666 0.035976562499999996 0.18387499999999998