5 0.539828125 0.7002361111111112 0.068109375 0.2536527777777778
5 0.72790625 0.7700277777777778 0.086015625 0.2577777777777778
6 0.470234375 0.7995 0.061679687500000004 0.17555555555555558
5 0.78896875 0.3346388888888889 0.047046875 0.18968055555555555
7 0.1442109375 0.09438888888888888 0.04578125 0.11533333333333334
5 0.3811953125 0.5479444444444445 0.052460937500000006 0.21288888888888888
5 0.47310937500000005 0.4527638888888889 0.061289062500000005 0.21975
5 0.43278906250000004 0.49177777777777776 0.0488828125 0.1411111111111111
5 0.44057031249999995 0.6203194444444444 0.0672578125 0.23745833333333333
5 0.41078906249999997 0.6169444444444444 0.0652734375 0.25259722222222225
0 0.3807578125 0.19375 0.0399296875 0.176
7 0.347984375 0.04505555555555555 0.025820312499999998 0.08447222222222223
5 0.439609375 0.40073611111111107 0.0386015625 0.11259722222222221
2 0.407125 0.25458333333333333 0.03775 0.06836111111111111
1 0.40914062500000004 0.19923611111111109 0.017328125 0.03248611111111111