5 0.8354609375000001 0.733375 0.065015625 0.20440277777777777
6 0.5169453125000001 0.8249027777777778 0.0633984375 0.2855972222222222
6 0.93246875 0.25159722222222225 0.060406249999999995 0.21595833333333334
5 0.184296875 0.7349861111111112 0.0671640625 0.26934722222222224
5 0.73 0.5564861111111111 0.093671875 0.25493055555555555
5 0.29107812499999997 0.5564861111111111 0.0671484375 0.270375
5 0.5456484374999999 0.3320138888888889 0.047593750000000004 0.19490277777777779
5 0.565546875 0.20280555555555557 0.0408125 0.17720833333333333
5 0.41285937500000003 0.3944861111111111 0.0458046875 0.21490277777777778
5 0.37334375 0.386625 0.0505 0.22079166666666666
5 0.6574687499999999 0.40120833333333333 0.07047656249999999 0.22834722222222223
5 0.7048828125 0.3864444444444445 0.052125 0.14941666666666667
7 0.073609375 0.021916666666666664 0.048265625 0.043819444444444446
2 0.3535625 0.19087500000000002 0.0387265625 0.07929166666666668
0 0.2994791666666667 0.07561728395061738 0.34710693359374994 0.023111979166666685 0.3494873046875 0.15037254050925936 0.30256144205729163 0.20526499807098766
1 0.660578125 0.4355833333333333 0.015546874999999998 0.02640277777777778
3 0.6606171875 0.44709722222222226 0.011953125 0.009402777777777777