5 0.487319749216301 0.5750555555555555 0.08721003134796239 0.2891388888888889
5 0.37031347962382444 0.7021111111111111 0.09543887147335424 0.33952777777777776
0 0.20634796238244515 0.17027777777777778 0.06568965517241379 0.2331388888888889
5 0.658025078369906 0.6606388888888889 0.11073667711598748 0.32458333333333333
5 0.2640909090909091 0.4910833333333333 0.08192789968652038 0.2788888888888889
2 0.24710031347962383 0.2625 0.04268025078369906 0.09055555555555556
8 0.06100313479623825 0.5344166666666667 0.055485893416927896 0.14855555555555555
5 0.3456896551724138 0.4317222222222222 0.06854231974921629 0.28977777777777775
6 0.9781191222570532 0.8927222222222222 0.04377742946708464 0.21458333333333332
5 0.8221630094043887 0.38027777777777777 0.07884012539184952 0.2643611111111111
5 0.6451724137931034 0.5045833333333334 0.05130094043887147 0.12491666666666666
5 0.43100313479623825 0.3080833333333333 0.06191222570532915 0.28394444444444444
5 0.5888087774294671 0.5453055555555556 0.0525705329153605 0.30622222222222223
5 0.6747962382445141 0.4245833333333333 0.050438871473354234 0.28002777777777776
6 0.875078369905956 0.32780555555555557 0.05633228840125391 0.28338888888888886