5 0.6586796875 0.9074166666666668 0.0793046875 0.18411111111111111
5 0.22839843750000002 0.863638888888889 0.074578125 0.27170833333333333
5 0.637328125 0.6408611111111111 0.0713984375 0.2990555555555555
5 0.5530625 0.5997222222222223 0.090234375 0.19895833333333332
5 0.5772578125 0.4133333333333334 0.0645234375 0.1986388888888889
5 0.5820234375 0.23654166666666668 0.043234375000000005 0.16751388888888888
5 0.452078125 0.3347361111111111 0.054468749999999996 0.1844722222222222
5 0.41010937500000005 0.36251388888888886 0.048085937499999995 0.23131944444444447
5 0.2638671875 0.5032222222222222 0.061554687500000003 0.25295833333333334
5 0.2760625 0.3443055555555556 0.050562499999999996 0.12512500000000001
5 0.25993750000000004 0.6953611111111111 0.0734609375 0.1517222222222222
5 0.6753828125 0.24841666666666667 0.048890625 0.21509722222222222
1 0.5752517700195312 0.7665505642361113 0.5726129150390624 0.7559765625 0.5743460083007812 0.7406863064236112 0.5781497192382813 0.7384727647569446 0.5847805786132813 0.7371674262152779 0.588927001953125 0.7394547526041667 0.5908096313476563 0.7452490234375001 0.5922109985351562 0.7504665798611113 0.5916845703125 0.7587668185763891 0.5892233276367188 0.7668370225694445 0.5849569702148438 0.7704421657986111 0.5798922729492187 0.7699186197916668
3 0.582390625 0.7701944444444444 0.0168203125 0.012069444444444443
0 0.22743055555555552 0.10802469135802473 0.2783542209201389 0.04944902584876542 0.2816196017795139 0.1847752700617285 0.2301669650607639 0.25866247106481494
2 0.282265625 0.23165277777777776 0.043109375 0.08677777777777777
7 0.22046875 0.029319444444444443 0.0312109375 0.058638888888888886