7 0.882375 0.15254166666666666 0.0381796875 0.09830555555555556
7 0.696390625 0.08115277777777778 0.0229921875 0.12370833333333332
0 0.6692578124999999 0.22801388888888888 0.03990625 0.14894444444444443
2 0.6432578125 0.29009722222222223 0.0295703125 0.06168055555555555
5 0.6124921875 0.4482638888888889 0.0426875 0.20206944444444447
5 0.5856328125 0.3658194444444444 0.031507812499999996 0.16218055555555555
5 0.6125390625 0.6827083333333334 0.0488671875 0.23731944444444444
5 0.5540468749999999 0.6264444444444445 0.0508046875 0.22511111111111112
5 0.459421875 0.4095972222222223 0.05946875 0.1648888888888889
5 0.4212734375 0.3563611111111111 0.0326484375 0.12937500000000002
5 0.3488671875 0.49827777777777776 0.04234375 0.2033472222222222
5 0.328640625 0.413875 0.034890624999999995 0.09936111111111112
5 0.29559375 0.5622777777777778 0.050390625 0.21405555555555555
5 0.22465625 0.5675972222222222 0.0578125 0.22931944444444446
1 0.1926953125 0.6235416666666667 0.014765625 0.027097222222222224
3 0.19330468750000002 0.6381527777777778 0.0133359375 0.009083333333333334
5 0.2796328125 0.8210277777777778 0.049890625 0.2179722222222222
5 0.2845859375 0.34500000000000003 0.037921875 0.16570833333333335