5 0.8768025078369905 0.5132777777777778 0.053620689655172415 0.21702777777777776
5 0.6839655172413793 0.4856388888888889 0.05678683385579937 0.17358333333333334
6 0.7723824451410658 0.6958333333333333 0.05324451410658307 0.20975000000000002
5 0.18017241379310345 0.4916388888888889 0.03913793103448276 0.19655555555555557
6 0.5271159874608151 0.29583333333333334 0.03561128526645768 0.15022222222222223
5 0.11804075235109718 0.6291111111111111 0.04905956112852665 0.16905555555555554
5 0.2547805642633229 0.34755555555555556 0.03297805642633229 0.17802777777777778
5 0.27932601880877744 0.5621111111111111 0.04170846394984326 0.18016666666666667
1 0.8599216300940439 0.518888888888889 0.01614420062695925 0.02808333333333333
5 0.31967084639498433 0.2794166666666667 0.03962382445141066 0.1723888888888889
5 0.30115987460815047 0.32619444444444445 0.0353448275862069 0.18136111111111114
2 0.19481191222570535 0.24158333333333332 0.02434169278996865 0.060444444444444446
0 0.15497489181545596 0.26106770833333337 0.15156750459997276 0.14491338315217395 0.1925466599086821 0.1149796195652174 0.19652638169551595 0.22263737922705318