6 0.8650470219435736 0.7109166666666666 0.08557993730407523 0.2211111111111111
5 0.8163479623824452 0.39491666666666664 0.05794670846394984 0.21077777777777776
5 0.6463949843260187 0.4101666666666667 0.07081504702194358 0.2056666666666667
5 0.15970219435736677 0.48619444444444443 0.06153605015673981 0.19480555555555554
5 0.5026645768025079 0.6320833333333333 0.06929467084639498 0.22230555555555556
5 0.37061128526645765 0.4961666666666667 0.05412225705329154 0.21269444444444444
5 0.7986050156739811 0.26025 0.045078369905956116 0.19402777777777777
5 0.23672413793103447 0.473 0.07216300940438872 0.208
5 0.6399686520376175 0.6672777777777777 0.0703448275862069 0.20852777777777776
5 0.6165673981191223 0.3658333333333333 0.055047021943573665 0.10777777777777776
5 0.5772884012539184 0.42783333333333334 0.06578369905956112 0.20308333333333334
1 0.5390909090909091 0.6486388888888889 0.02053291536050157 0.034
5 0.42420062695924765 0.5038055555555556 0.06470219435736678 0.20083333333333334
5 0.7377115987460815 0.252 0.04025078369905956 0.1851388888888889
2 0.2962382445141066 0.1825 0.04047021943573668 0.06791666666666667
0 0.27634796238244513 0.13633333333333333 0.07974921630094044 0.1156388888888889