6 0.6922890625 0.2877222222222222 0.046046875 0.18965277777777778
6 0.43569531250000004 0.8865694444444445 0.058890624999999995 0.22684722222222223
5 0.4920625 0.8183333333333334 0.0969609375 0.2416111111111111
5 0.6448828125 0.43354166666666666 0.073171875 0.20829166666666665
5 0.8107890624999999 0.3716666666666667 0.043453124999999995 0.2217361111111111
5 0.42356249999999995 0.5969166666666667 0.091921875 0.20430555555555555
5 0.43574999999999997 0.2524444444444444 0.0624765625 0.19316666666666668
5 0.42053906249999995 0.36504166666666665 0.0685 0.20848611111111112
5 0.369953125 0.5175833333333334 0.069765625 0.2611111111111111
5 0.3313984375 0.5094861111111111 0.0829375 0.22574999999999998
5 0.3326640625 0.3936111111111111 0.0385859375 0.14216666666666666
5 0.3601328125 0.3941111111111111 0.0344921875 0.08759722222222223
2 0.2915234375 0.25393055555555555 0.03790625 0.07883333333333332
7 0.0166484375 0.08223611111111111 0.033296875 0.12743055555555555
7 0.230328125 0.036680555555555557 0.0387734375 0.07336111111111111
0 0.24045138888888892 0.2700617283950618 0.238861083984375 0.14107108410493827 0.28539021809895837 0.09176673418209881 0.2874484592013889 0.21246865354938277
1 0.5631328124999999 0.8848194444444445 0.019625 0.034125