6 0.4383125 0.7622916666666667 0.05639062500000001 0.20413888888888887
5 0.6513671875 0.5028055555555555 0.0801953125 0.19043055555555558
5 0.568953125 0.5580138888888888 0.06735156249999999 0.19479166666666667
0 0.35878125 0.19734722222222223 0.0376484375 0.16175
5 0.4660078125 0.5258611111111111 0.0581953125 0.20975000000000002
5 0.5144921874999999 0.5623333333333334 0.044828125 0.23477777777777778
5 0.30460937499999996 0.7251666666666666 0.07467968750000001 0.20652777777777775
2 0.38178125 0.265 0.0273671875 0.06541666666666666
7 0.14996875 0.11780555555555555 0.038492187500000004 0.09076388888888888
5 0.729375 0.3435138888888889 0.0634140625 0.15731944444444443
5 0.362203125 0.5925138888888889 0.0485546875 0.22808333333333333
5 0.315765625 0.5827638888888889 0.05988281250000001 0.22155555555555556
7 0.3274375 0.06276388888888888 0.02878125 0.11706944444444445
6 0.9758828125000001 0.33555555555555555 0.044921875 0.17879166666666665
5 0.6262109375 0.40376388888888887 0.039640625 0.14302777777777778
6 0.3324453125 0.31227777777777777 0.0359375 0.13245833333333334
1 0.5115234375 0.46479166666666666 0.015234375 0.029583333333333333
5 0.3594609375 0.45955555555555555 0.035765625 0.121875