0 0.6569453125 0.19804166666666667 0.042796875 0.14591666666666667
6 0.590515625 0.7480277777777778 0.064296875 0.21393055555555557
5 0.34049999999999997 0.3602222222222222 0.034046875 0.16819444444444442
5 0.5468359375 0.3823888888888889 0.0425078125 0.18219444444444446
7 0.682765625 0.0628888888888889 0.0254765625 0.1257638888888889
5 0.359890625 0.6491944444444445 0.064875 0.23745833333333333
6 0.6595078125 0.32040277777777776 0.0403125 0.15169444444444444
5 0.4488046875 0.543125 0.061843749999999996 0.18658333333333335
5 0.38687499999999997 0.5238333333333334 0.0343046875 0.19516666666666668
5 0.411578125 0.4240138888888889 0.0490078125 0.08416666666666667
7 0.8612734375000001 0.11883333333333333 0.0328046875 0.08820833333333333
2 0.6331640625 0.25736111111111115 0.033578125 0.07311111111111111
5 0.360609375 0.4465 0.037343749999999995 0.13927777777777778
1 0.3418984375 0.46062499999999995 0.016140625 0.026111111111111113
5 0.50428125 0.2745694444444444 0.0386328125 0.181375
6 0.1342109375 0.30269444444444443 0.0356171875 0.18594444444444444
5 0.4070703125 0.5517361111111111 0.0547734375 0.21319444444444444
5 0.2451171875 0.3185 0.0355546875 0.1758888888888889