5 0.5044296875 0.6858333333333333 0.09762499999999999 0.2558333333333333
5 0.3094375 0.7160416666666666 0.0919765625 0.2951388888888889
5 0.45303125 0.5685138888888889 0.074328125 0.24088888888888887
5 0.730390625 0.6240694444444445 0.04975 0.25981944444444444
5 0.6817734375 0.46288888888888885 0.062015625 0.20681944444444444
5 0.044234375 0.44101388888888887 0.07566406249999999 0.20593055555555556
5 0.8708359375000001 0.48175 0.06253125000000001 0.17423611111111112
5 0.6226875 0.39398611111111115 0.0538203125 0.17355555555555555
5 0.41783593750000003 0.4812222222222223 0.0786875 0.21281944444444442
5 0.57246875 0.48719444444444443 0.058734375000000005 0.19733333333333336
6 0.6398515625 0.7818611111111112 0.0720546875 0.2016111111111111
6 0.104328125 0.34855555555555556 0.062281249999999996 0.18038888888888888
1 0.2830859375 0.5669444444444445 0.0168984375 0.034527777777777775