5 0.5334921875 0.6905138888888889 0.059828124999999996 0.2412361111111111
6 0.4687578125 0.7974305555555555 0.06671875000000001 0.17255555555555555
7 0.14925 0.097125 0.0428984375 0.11074999999999999
5 0.78034375 0.3270138888888889 0.045515625 0.18154166666666668
5 0.38471875 0.5853333333333334 0.060343749999999995 0.2730416666666667
5 0.4796484375 0.45443055555555556 0.0675703125 0.21545833333333334
5 0.6958515625 0.7649722222222222 0.0715859375 0.22868055555555555
0 0.38189843749999997 0.19634722222222223 0.03775 0.16269444444444445
7 0.352609375 0.06086111111111111 0.025023437500000002 0.10738888888888888
5 0.43521875000000004 0.48323611111111114 0.04625 0.12966666666666665
5 0.412078125 0.6105 0.0651875 0.2568611111111111
5 0.4340703125 0.6193888888888889 0.0631484375 0.24056944444444445
5 0.45075000000000004 0.4087083333333333 0.03478125 0.13768055555555556
2 0.40797656250000003 0.2558472222222222 0.037828125000000004 0.06723611111111111
1 0.4052421875 0.21769444444444447 0.0156953125 0.03168055555555555