6 0.3960546875 0.7968333333333334 0.06349218749999999 0.24144444444444446
5 0.262953125 0.6407361111111111 0.070453125 0.24944444444444444
5 0.43965624999999997 0.5008888888888888 0.067359375 0.20890277777777777
5 0.40453906249999994 0.43034722222222227 0.044656249999999995 0.1963888888888889
5 0.8800703125 0.6705972222222222 0.0586953125 0.1764861111111111
2 0.276109375 0.2637361111111111 0.0336015625 0.07390277777777778
5 0.3659453125 0.5108611111111111 0.065234375 0.22181944444444446
0 0.2513671875 0.2023888888888889 0.0438515625 0.1758333333333333
5 0.35509375 0.40319444444444447 0.043187500000000004 0.15808333333333333
5 0.647671875 0.5014444444444445 0.0742890625 0.21780555555555556
7 0.22035156250000001 0.06906944444444443 0.0408125 0.13358333333333333
5 0.367375 0.7028333333333333 0.082078125 0.21805555555555556
5 0.3026875 0.4657222222222222 0.051789062500000003 0.19541666666666666
6 0.18062499999999998 0.36897222222222226 0.037828125000000004 0.17465277777777777
7 0.011296875000000001 0.12930555555555553 0.022593750000000003 0.13293055555555555
1 0.463859375 0.4031666666666666 0.01578125 0.026041666666666668