5 0.5306328125 0.5814722222222223 0.069265625 0.1649861111111111
5 0.355734375 0.5887083333333334 0.054515625 0.22972222222222222
6 0.43403125 0.7473333333333334 0.061625 0.19666666666666666
5 0.6126875 0.40730555555555553 0.05659375 0.1585
5 0.24925000000000003 0.7033194444444444 0.088171875 0.2018888888888889
5 0.6041015625 0.5615972222222223 0.055929687500000005 0.17258333333333334
5 0.75975 0.36058333333333337 0.06029687500000001 0.13351388888888888
0 0.3508046875 0.19616666666666668 0.04178125 0.16001388888888887
5 0.6836562500000001 0.5133333333333334 0.059140625 0.20172222222222225
5 0.3021953125 0.5659027777777778 0.048890625 0.21258333333333335
5 0.49778124999999995 0.5040277777777777 0.0606796875 0.21333333333333332
7 0.14353906249999998 0.11680555555555555 0.033546875 0.08680555555555555
6 0.9626171875 0.33152777777777775 0.05565625 0.16659722222222223
7 0.32059375 0.06366666666666668 0.025 0.11290277777777778
2 0.374171875 0.259875 0.024953125 0.062
5 0.35928125 0.4358472222222222 0.0527109375 0.15706944444444446
1 0.5138828125 0.5756944444444444 0.0168203125 0.03194444444444444