5 0.359046875 0.5802222222222222 0.06071093749999999 0.21694444444444444
5 0.5427187499999999 0.5030416666666666 0.0718359375 0.21477777777777776
5 0.1965703125 0.6546666666666667 0.0526796875 0.22668055555555558
0 0.29115625 0.18318055555555554 0.036359375 0.13604166666666667
6 0.40910156249999996 0.7208472222222222 0.058203125 0.18908333333333333
5 0.48657812500000003 0.3713055555555555 0.0371328125 0.16930555555555557
5 0.253171875 0.4625972222222222 0.05239843749999999 0.1990972222222222
5 0.7491875 0.6313055555555556 0.0983046875 0.1750972222222222
5 0.6635625 0.6306666666666666 0.046406249999999996 0.21412499999999998
7 0.08690624999999999 0.1076388888888889 0.037453125 0.08283333333333333
5 0.3241328125 0.4415138888888889 0.05128125 0.17777777777777778
6 0.8894062500000001 0.3004583333333333 0.0356171875 0.16330555555555556
2 0.31451562499999997 0.24023611111111112 0.028367187500000002 0.06141666666666667
5 0.5858749999999999 0.27773611111111113 0.0371953125 0.14881944444444445
6 0.2706484375 0.29225 0.0328515625 0.1349861111111111
5 0.7625078125 0.5735416666666666 0.055796875 0.21522222222222223
1 0.645390625 0.6156805555555556 0.0156640625 0.03209722222222222
7 0.2628828125 0.05634722222222222 0.024390625 0.11102777777777778