5 0.7875078369905956 0.4866944444444445 0.07852664576802508 0.18669444444444444
5 0.30648902821316615 0.53525 0.058369905956112855 0.21163888888888888
6 0.6419749216300941 0.663 0.05272727272727273 0.20441666666666666
5 0.6443887147335423 0.4860555555555555 0.05039184952978056 0.1753611111111111
5 0.30824451410658305 0.37722222222222224 0.047100313479623825 0.1413888888888889
6 0.5728526645768025 0.29425 0.038197492163009404 0.16452777777777777
5 0.3590438871473354 0.33258333333333334 0.030250783699059564 0.1802222222222222
5 0.18297805642633228 0.5335833333333333 0.061567398119122256 0.2000277777777778
6 0.019294670846394985 0.5150833333333333 0.03860501567398119 0.20166666666666666
5 0.3731504702194357 0.28025 0.04029780564263323 0.16194444444444445
5 0.10724137931034483 0.5742499999999999 0.06456112852664576 0.23797222222222222
5 0.07813479623824451 0.5618055555555556 0.04543887147335423 0.2081388888888889
1 0.787115987460815 0.5410555555555555 0.016300940438871474 0.030055555555555558
2 0.24984326018808778 0.24016666666666664 0.026598746081504702 0.05102777777777778
0 0.2087183180749501 0.25742286142676774 0.20578222962382442 0.14277541035353533 0.24801459194214875 0.10851680871212119 0.24899978181105725 0.22973879419191917 0.2087183180749501 0.2601256707702021
5 0.28363636363636363 0.35266666666666663 0.041159874608150473 0.17394444444444443