5 0.2582288401253918 0.5567777777777778 0.04512539184952978 0.23241666666666666
5 0.35915360501567395 0.46108333333333335 0.045391849529780565 0.17158333333333334
5 0.4344514106583072 0.5070277777777777 0.050862068965517246 0.1748888888888889
5 0.5151097178683386 0.6447777777777778 0.0568025078369906 0.20616666666666666
5 0.6914576802507837 0.5812777777777778 0.05614420062695925 0.1711388888888889
5 0.5017241379310345 0.39977777777777773 0.07550156739811913 0.13880555555555554
5 0.48681818181818176 0.6648055555555555 0.04628526645768025 0.18900000000000003
5 0.6570532915360502 0.6765277777777778 0.040783699059561127 0.14280555555555555
6 0.07521943573667712 0.47891666666666666 0.053652037617554854 0.16844444444444445
6 0.6719749216300941 0.7095833333333333 0.035517241379310345 0.08822222222222223
2 0.7205485893416927 0.30469444444444443 0.03042319749216301 0.05386111111111111
7 0.7773667711598746 0.09019444444444444 0.024122257053291535 0.09583333333333334
7 0.8812539184952978 0.21666666666666667 0.028840125391849526 0.05652777777777778
0 0.7270831913588661 0.17735695954106281 0.7698671970832767 0.20635661986714982 0.7677216079460272 0.3241951615338165 0.723180668188633 0.28687349033816434