0 0.6419609375 0.19394444444444442 0.045914062500000005 0.137125
6 0.5637421875 0.7526527777777777 0.0634296875 0.23005555555555554
5 0.480765625 0.7025277777777778 0.0872578125 0.2367361111111111
5 0.3873828125 0.4773888888888889 0.05265625 0.20972222222222223
5 0.509 0.541375 0.059171875 0.16291666666666665
7 0.84746875 0.11336111111111112 0.039320312499999996 0.08893055555555555
5 0.461734375 0.48356944444444444 0.0420703125 0.16649999999999998
5 0.5522734375 0.40054166666666663 0.043 0.1668888888888889
5 0.336625 0.4781805555555556 0.0523203125 0.21209722222222224
5 0.3286328125 0.3469583333333333 0.0375078125 0.13602777777777778
7 0.6703125 0.06295833333333332 0.02278125 0.11645833333333333
6 0.6451015625000001 0.3178194444444445 0.038375 0.16216666666666668
5 0.23335937499999998 0.31463888888888886 0.0370625 0.1821111111111111
5 0.4964921875 0.2663888888888889 0.0383984375 0.173125
6 0.118328125 0.29943055555555553 0.033523437499999996 0.18219444444444446
2 0.622578125 0.2463888888888889 0.0342421875 0.056652777777777774
1 0.4827734375 0.5176527777777777 0.0186796875 0.03252777777777778
5 0.45142187500000003 0.5835416666666666 0.04334375 0.24680555555555553