5 0.295171875 0.6580555555555556 0.0571953125 0.223625
5 0.41014062500000004 0.5806527777777778 0.05207031250000001 0.2111388888888889
6 0.398875 0.7207777777777779 0.0513359375 0.19136111111111112
5 0.40160937499999994 0.35847222222222225 0.050562499999999996 0.16330555555555556
5 0.7291328125 0.553236111111111 0.052328125 0.22216666666666668
5 0.8181171875000001 0.5500972222222222 0.049875 0.17480555555555555
0 0.2746328125 0.18293055555555557 0.0380546875 0.14633333333333334
6 0.8588203125 0.30065277777777777 0.034859375 0.162
5 0.313484375 0.4354027777777778 0.0466875 0.21648611111111113
7 0.07709375 0.105 0.032460937499999995 0.08431944444444445
5 0.5242578124999999 0.45729166666666665 0.055703125 0.20630555555555555
2 0.2990078125 0.238375 0.023953125 0.0515
5 0.8745312500000001 0.5622222222222223 0.0522109375 0.16922222222222222
6 0.2580390625 0.29544444444444445 0.0305859375 0.13408333333333333
1 0.8750312499999999 0.5504722222222221 0.0158125 0.028722222222222222
5 0.2797578125 0.4157222222222222 0.037359375 0.18144444444444444
5 0.42215625 0.24225 0.0291328125 0.10394444444444445
7 0.2473984375 0.042416666666666665 0.026046875000000004 0.08483333333333333