6 0.3969921875 0.8004027777777777 0.06301562499999999 0.22080555555555553
5 0.387984375 0.6868055555555556 0.08757812499999999 0.2076388888888889
5 0.3534453125 0.507125 0.062117187500000004 0.22554166666666664
5 0.41331249999999997 0.42501388888888886 0.0494375 0.18431944444444445
5 0.44846874999999997 0.4992916666666667 0.07653125 0.19469444444444445
0 0.24929687500000003 0.20043055555555556 0.046234375 0.16981944444444444
2 0.27509375 0.2661805555555556 0.028898437500000002 0.0615
5 0.6469140624999999 0.4978194444444445 0.0777109375 0.2109861111111111
5 0.89725 0.6729861111111112 0.060257812499999994 0.18097222222222223
5 0.253671875 0.64675 0.0669296875 0.2418472222222222
7 0.21669531250000001 0.06549999999999999 0.0327265625 0.1309861111111111
5 0.3532890625 0.37472222222222223 0.0342578125 0.13151388888888887
1 0.466125 0.37177777777777776 0.0160625 0.028902777777777777
5 0.3063359375 0.46149999999999997 0.0648828125 0.20581944444444444
7 0.0060390625 0.10231944444444445 0.0120703125 0.08088888888888889
6 0.176625 0.37343055555555554 0.0464375 0.20645833333333335