5 0.8188671875000001 0.6599861111111112 0.06703125 0.18845833333333334
6 0.3888359375 0.7810972222222222 0.054570312499999996 0.21422222222222223
5 0.3418828125 0.6329722222222223 0.062203125000000005 0.2494861111111111
5 0.688640625 0.5003194444444444 0.0471796875 0.2443888888888889
0 0.2495234375 0.20979166666666668 0.0442421875 0.16370833333333334
2 0.2721328125 0.27261111111111114 0.031468750000000004 0.0636111111111111
5 0.302359375 0.46849999999999997 0.05502343750000001 0.20754166666666668
7 0.21776562500000002 0.06277777777777778 0.036148437500000005 0.12556944444444443
5 0.36550781250000003 0.44027777777777777 0.0712109375 0.19008333333333335
7 0.0163125 0.145625 0.0326171875 0.12098611111111111
5 0.47456250000000005 0.5076388888888889 0.0486796875 0.22190277777777778
5 0.43282031249999997 0.49645833333333333 0.047515625 0.22486111111111112
5 0.4032265625 0.6473194444444444 0.0594921875 0.16309722222222223
5 0.342703125 0.43119444444444444 0.0491796875 0.16809722222222223
1 0.4131875 0.35127777777777774 0.013343749999999998 0.024430555555555556