5 0.22879310344827586 0.4583333333333333 0.05380877742946708 0.19894444444444445
2 0.7591379310344827 0.2679722222222222 0.03576802507836991 0.058138888888888886
5 0.4797962382445141 0.6105555555555556 0.05688087774294671 0.2229722222222222
6 0.20626959247648902 0.3244444444444444 0.046363636363636364 0.1623888888888889
6 0.5897492163009405 0.70375 0.04142633228840125 0.13905555555555557
5 0.584576802507837 0.36138888888888887 0.035156739811912224 0.15202777777777776
5 0.8176489028213165 0.6036944444444445 0.04363636363636363 0.16752777777777778
5 0.8573040752351098 0.6388611111111111 0.03927899686520376 0.1366388888888889
5 0.47206896551724137 0.4276111111111111 0.07642633228840125 0.15427777777777776
6 0.8862852664576804 0.44525 0.04470219435736677 0.18083333333333332
5 0.5817241379310345 0.49375 0.054326018808777424 0.1588611111111111
5 0.6152351097178683 0.4036666666666667 0.03874608150470219 0.17344444444444443
5 0.5080094043887148 0.5994722222222222 0.03888714733542319 0.20925
1 0.5852664576802508 0.33291666666666664 0.014137931034482758 0.021222222222222222
0 0.7708748931319465 0.1397306397306397 0.7939776883252588 0.18585266729797978 0.7942819654222476 0.294665404040404 0.7673126246793959 0.2473333596380472
7 0.8144043887147336 0.071 0.01822884012539185 0.08644444444444445
5 0.6322727272727272 0.28008333333333335 0.0435423197492163 0.12130555555555556