5 0.41474921630094047 0.6195 0.06003134796238244 0.24627777777777776
6 0.26177115987460814 0.9041944444444444 0.08766457680250783 0.19080555555555556
0 0.26619122257053296 0.31383333333333335 0.060987460815047016 0.19236111111111112
6 0.30630094043887146 0.534 0.04667711598746082 0.23941666666666667
5 0.5275705329153605 0.5773611111111111 0.05487460815047022 0.24994444444444447
5 0.7099843260188088 0.5934722222222223 0.0629780564263323 0.3061111111111111
5 0.9694827586206897 0.5909444444444445 0.05929467084639498 0.26205555555555554
5 0.7681974921630095 0.7277222222222223 0.051473354231974924 0.15425
4 0.300564263322884 0.3883055555555555 0.036332288401253916 0.06744444444444445
7 0.22119122257053292 0.10113888888888888 0.045094043887147335 0.18644444444444447
7 0.012868338557993731 0.27469444444444446 0.025736677115987462 0.09491666666666668