5 0.9325859375000001 0.5209444444444444 0.07990625 0.20584722222222224
5 0.7547421875 0.6597222222222222 0.0894375 0.2422777777777778
5 0.4497578125 0.7866666666666666 0.0821875 0.2107638888888889
5 0.3081171875 0.5175694444444444 0.051992187499999995 0.18484722222222222
5 0.061312500000000006 0.5425555555555556 0.06059375 0.23638888888888887
5 0.298484375 0.7207083333333333 0.0884609375 0.22437500000000002
5 0.6158828125 0.35044444444444445 0.0465859375 0.16533333333333333
6 0.585453125 0.7917777777777778 0.06853125 0.18130555555555555
1 0.692796875 0.7217361111111111 0.017125 0.030875
5 0.3475625 0.3905694444444444 0.044906249999999995 0.17801388888888886
6 0.199515625 0.3370694444444444 0.04953125 0.15320833333333334
8 0.92471875 0.3141111111111111 0.042476562499999995 0.1635
3 0.693 0.7367361111111111 0.0117890625 0.008194444444444445