0 0.6221630094043887 0.20541666666666666 0.04899686520376176 0.1864722222222222
2 0.5920846394984326 0.28030555555555553 0.039231974921630094 0.071
5 0.1946551724137931 0.5545833333333333 0.06255485893416927 0.24933333333333335
5 0.44572100313479623 0.5487777777777778 0.07768025078369906 0.19922222222222222
5 0.5833385579937305 0.6494444444444445 0.06788401253918495 0.34002777777777776
7 0.8236990595611285 0.14741666666666667 0.048197492163009406 0.11019444444444446
5 0.42003134796238245 0.35333333333333333 0.04921630094043887 0.2260277777777778
5 0.33894984326018807 0.4802222222222222 0.06730407523510971 0.25755555555555554
5 0.3406269592476489 0.7025833333333333 0.059733542319749214 0.2143611111111111
6 0.45534482758620687 0.7791666666666667 0.06018808777429467 0.0825
6 0.6974921630094044 0.4496388888888889 0.047021943573667714 0.25916666666666666
5 0.6288244514106583 0.5710833333333334 0.06371473354231974 0.275
5 0.5415360501567398 0.47538888888888886 0.04721003134796238 0.1995833333333333
7 0.6586677115987462 0.020999999999999998 0.03206896551724138 0.04197222222222222
5 0.5851724137931034 0.5078333333333334 0.03774294670846395 0.12675