5 0.29893749999999997 0.5960555555555556 0.0440625 0.21856944444444446
5 0.664140625 0.76725 0.1029296875 0.20626388888888889
5 0.72846875 0.40579166666666666 0.0637265625 0.15619444444444444
5 0.14725 0.5798194444444444 0.0380390625 0.2152638888888889
5 0.1788671875 0.742 0.056859375000000004 0.22833333333333333
5 0.67059375 0.2733055555555556 0.0353828125 0.17756944444444445
5 0.5111953125 0.6059166666666667 0.0490390625 0.22466666666666665
5 0.4100390625 0.7953472222222222 0.059390624999999996 0.2692777777777778
5 0.4952421875 0.3462777777777778 0.0429921875 0.17270833333333332
5 0.4864921875 0.23376388888888888 0.0426328125 0.11833333333333333
5 0.8334921874999999 0.3943194444444445 0.04421875 0.19340277777777778
5 0.7490234375 0.5603472222222222 0.051054687499999994 0.22386111111111112
1 0.8278984375 0.45905555555555555 0.0135625 0.019875
3 0.831203125 0.4704305555555555 0.005523437500000001 0.009291666666666667
7 0.3229375 0.05745833333333333 0.03409375 0.11493055555555555
7 0.1255859375 0.11277777777777778 0.039632812499999996 0.11872222222222223
2 0.37687499999999996 0.2718333333333333 0.0361953125 0.07143055555555555
0 0.329326923076923 0.1623931623931624 0.3288315993088943 0.2905774238782052 0.37645075871394235 0.22826522435897437 0.3734389085036057 0.11806807558760682