6 0.4409921875 0.7701388888888889 0.058210937500000004 0.2133611111111111
5 0.7249609375 0.3355416666666667 0.0763828125 0.16379166666666667
0 0.3618828125 0.20193055555555553 0.040203125 0.14995833333333333
5 0.46117968749999994 0.5262083333333334 0.0568359375 0.2105
5 0.3178359375 0.7345 0.0751484375 0.20872222222222223
5 0.3227109375 0.5855555555555556 0.057757812500000005 0.1899861111111111
5 0.5158984375 0.5335694444444444 0.045179687499999996 0.2360833333333333
5 0.558671875 0.5386527777777778 0.06221875 0.21733333333333332
7 0.15090625 0.11991666666666667 0.0395859375 0.08945833333333333
6 0.97959375 0.3386527777777778 0.040703125 0.18113888888888888
5 0.6307578125 0.4078888888888889 0.0477421875 0.14516666666666667
5 0.3659296875 0.5823611111111111 0.049390625 0.19108333333333336
7 0.3285625 0.06052777777777778 0.028304687499999998 0.11347222222222222
5 0.6331875 0.49133333333333334 0.0969453125 0.18866666666666668
2 0.3836875 0.2696527777777778 0.026476562500000002 0.07581944444444445
5 0.35715625 0.46319444444444446 0.0415546875 0.1257361111111111
6 0.337421875 0.3104722222222222 0.0331015625 0.15023611111111113
1 0.5135546875 0.4423194444444445 0.01728125 0.03191666666666667