5 0.2773040752351097 0.47722222222222227 0.030893416927899688 0.16683333333333333
5 0.5826645768025078 0.4677222222222222 0.03326018808777429 0.13941666666666666
5 0.6629153605015674 0.4117222222222222 0.023526645768025076 0.11277777777777778
5 0.5141379310344827 0.5808611111111112 0.03949843260188088 0.14316666666666666
5 0.5719905956112853 0.3950833333333333 0.02871473354231975 0.08669444444444445
6 0.17457680250783697 0.32913888888888887 0.027257053291536052 0.1488611111111111
1 0.739012539184953 0.49869444444444444 0.0169435736677116 0.028805555555555553
5 0.23916927899686521 0.6469166666666666 0.04352664576802508 0.15130555555555555
6 0.58217868338558 0.6386388888888889 0.04537617554858934 0.09611111111111112
4 0.7142006269592477 0.2848611111111111 0.02865203761755486 0.043166666666666666
7 0.7635736677115987 0.11677777777777777 0.019733542319749216 0.07175
7 0.9136990595611286 0.22291666666666668 0.021489028213166145 0.042444444444444444
5 0.6797962382445141 0.5045833333333334 0.04023510971786834 0.16477777777777777
5 0.6891065830721003 0.38980555555555557 0.03705329153605016 0.12016666666666666
0 0.7250919994548181 0.17632850241545897 0.7447510264753985 0.21432952143719816 0.7427545105288265 0.29933291817632846 0.7207475807550772 0.26596467391304357
6 0.7728526645768025 0.35694444444444445 0.03282131661442007 0.15108333333333335