6 0.30778125 0.2815416666666667 0.051398437500000005 0.1934861111111111
5 0.9613046875 0.6938333333333333 0.070171875 0.25472222222222224
0 0.263203125 0.1403888888888889 0.05375 0.14954166666666666
6 0.463265625 0.7710972222222223 0.0464296875 0.2142777777777778
5 0.6066015625000001 0.36108333333333337 0.05396093749999999 0.15802777777777777
5 0.6300234375 0.49895833333333334 0.060164062500000004 0.21255555555555555
7 0.022343750000000002 0.06066666666666667 0.0446953125 0.10168055555555555
5 0.5360078125000001 0.5007638888888889 0.065203125 0.206
5 0.9423125000000001 0.3514583333333334 0.047625 0.2185138888888889
5 0.372578125 0.5365694444444444 0.066515625 0.15441666666666667
5 0.4240234375 0.6108611111111111 0.064078125 0.2553194444444445
5 0.4225546875 0.4170138888888889 0.0874765625 0.163125
2 0.29512499999999997 0.2141111111111111 0.032218750000000004 0.06801388888888889
1 0.3957578125 0.6023055555555555 0.015335937499999999 0.033541666666666664