5 0.430734375 0.5827777777777778 0.0791015625 0.19625
6 0.39942968749999996 0.7182916666666667 0.0475234375 0.1907222222222222
0 0.2739375 0.18213888888888888 0.043671875 0.15290277777777778
5 0.332859375 0.6675972222222223 0.075765625 0.20904166666666665
5 0.37946875 0.36447222222222225 0.048671874999999996 0.1527638888888889
5 0.9113984374999999 0.5205972222222222 0.05846875 0.15330555555555556
5 0.5051640625 0.43120833333333336 0.058367187499999994 0.215875
6 0.854828125 0.2966944444444444 0.032109375 0.16080555555555556
5 0.6796171875 0.5395833333333333 0.097546875 0.19375
5 0.7632578125 0.48506944444444444 0.05878124999999999 0.177375
7 0.076046875 0.10316666666666667 0.0361640625 0.07790277777777778
5 0.25798437500000004 0.43436111111111114 0.051015624999999995 0.18170833333333336
2 0.298203125 0.24002777777777776 0.0249140625 0.0546388888888889
5 0.370078125 0.2726805555555556 0.0355078125 0.14808333333333334
5 0.2928671875 0.4450694444444444 0.04971875 0.19398611111111108
6 0.2602109375 0.29906944444444444 0.030929687500000004 0.13105555555555556
7 0.251125 0.06583333333333333 0.0227734375 0.10173611111111111
1 0.7531171875 0.5330694444444445 0.0167734375 0.028916666666666667