5 0.623859375 0.5416527777777778 0.170921875 0.5706527777777778
0 0.06819531250000001 0.267 0.10872656249999998 0.13266666666666665
2 0.08610156249999999 0.33508333333333334 0.03740625 0.05406944444444444
5 0.27690625 0.5703194444444445 0.1331328125 0.364
5 0.4242734375 0.5474444444444445 0.09459375 0.3685
5 0.986015625 0.49469444444444444 0.027976562500000003 0.25372222222222224
5 0.6599999999999999 0.5256111111111111 0.06574218750000001 0.27344444444444443
5 0.38106249999999997 0.48044444444444445 0.0490546875 0.2639166666666667
6 0.24759375 0.5393611111111111 0.032125 0.16205555555555556
7 0.05215625 0.13025 0.054593749999999996 0.1115138888888889
1 0.6754261363636364 0.4520202020202021 0.6714921431107954 0.4587081755050505 0.6698552911931817 0.4627327967171716 0.6678910688920456 0.4676008128156566 0.6674000133167612 0.47414082228535354 0.6670726429332388 0.48045395359848475 0.666908957741477 0.48959319760101017 0.6685624556107952 0.4987077809343433 0.6709816672585225 0.5049617266414141 0.675304066051136 0.5096176609848484 0.6790077903053977 0.5136225536616161 0.6807778098366477 0.5153389362373737 0.6839960271661931 0.5147520123106061 0.6863902698863635 0.5132921006944444 0.6881353204900569 0.5139431423611112 0.6921969327059657 0.514673098169192 0.6959006569602271 0.5132181186868687 0.6965443004261362 0.5079801925505051 0.6970270330255681 0.5036152541035354 0.6971879438920454 0.5007052951388888 0.6978315873579545 0.4963403566919193 0.6978315873579544 0.49255741003787884 0.697667902166193 0.48877446338383834 0.6966857910156248 0.4835365372474748 0.6950489390980111 0.47975359059343436 0.6939031427556817 0.47684363162878785 0.6925936612215907 0.4748066603535354 0.6912841796874998 0.4718967013888889 0.6901383833451703 0.471023713699495 0.687716397372159 0.467452848800505 0.6868979714133521 0.4654158775252526 0.6844759854403407 0.46263908617424254 0.6830028187144885 0.4600201231060606 0.681857022372159 0.4591471354166667 0.6810385964133521 0.45827414772727276 0.680547540838068 0.4579831518308082