2 0.5853761755485893 0.39949999999999997 0.03702194357366771 0.06694444444444445
7 0.5863949843260188 0.11902777777777779 0.052742946708463946 0.12272222222222222
0 0.5803134796238245 0.32372222222222224 0.14335423197492161 0.14455555555555555
5 0.5872100313479623 0.7077777777777778 0.07478056426332289 0.2550277777777778
5 0.927037617554859 0.6841111111111111 0.057695924764890286 0.24986111111111112
5 0.20003134796238245 0.6880277777777778 0.059263322884012544 0.3011666666666667
5 0.32324451410658306 0.7011666666666666 0.09857366771159874 0.28638888888888886
5 0.40537617554858935 0.6828611111111111 0.06658307210031347 0.2594444444444445
5 0.5444827586206896 0.69025 0.06954545454545454 0.31530555555555556
5 0.819921630094044 0.670611111111111 0.058824451410658306 0.28677777777777774
5 0.8799843260188087 0.6648055555555555 0.07534482758620689 0.30083333333333334
1 0.632411067193676 0.6847826086956522 0.6275741745604471 0.6915949577294686 0.6270577424356005 0.7081918025362319 0.6297117776339104 0.7269823746980677 0.6384192491822271 0.7319548233695653 0.6492669858252692 0.731912364130435 0.6511197526236882 0.7216136397946861 0.6528580525078371 0.7083097448671499 0.652384212723184 0.6933357865338166 0.6477043793444188 0.6868583937198068 0.643088434475944 0.6858723958333334 0.6343250604811234 0.6861413043478262 0.6327518059152244 0.6858535250603865