5 0.32458593750000003 0.6654027777777778 0.0760625 0.2147222222222222
6 0.39846875000000004 0.722875 0.050359375 0.19686111111111113
5 0.42047656250000004 0.5784166666666667 0.066453125 0.18618055555555557
6 0.8545546875 0.29759722222222224 0.0338828125 0.16505555555555557
5 0.7748046875 0.5064444444444445 0.0787109375 0.17198611111111112
5 0.7043437499999999 0.5396805555555555 0.10918749999999999 0.19066666666666668
7 0.07613281250000001 0.10540277777777778 0.037101562500000004 0.0792361111111111
0 0.273171875 0.18184722222222224 0.040296874999999996 0.15288888888888888
5 0.379984375 0.36630555555555555 0.0413984375 0.15468055555555557
5 0.266703125 0.42870833333333336 0.040921875 0.18270833333333336
5 0.8977031249999999 0.5240972222222222 0.0566640625 0.14429166666666668
2 0.298234375 0.24023611111111112 0.0253359375 0.05559722222222222
5 0.5085703125000001 0.4407777777777778 0.05645312500000001 0.20791666666666664
1 0.802921875 0.5235000000000001 0.0159453125 0.027763888888888887
5 0.37506249999999997 0.26681944444444444 0.0342265625 0.12979166666666667
7 0.25206249999999997 0.06518055555555556 0.025820312499999998 0.106875
5 0.2992421875 0.4403611111111111 0.0414921875 0.19572222222222221
6 0.2603359375 0.2975 0.033328125 0.13344444444444445