5 0.7429375 0.6410833333333333 0.088984375 0.23026388888888888
1 0.6719375000000001 0.6735277777777777 0.018484375 0.02965277777777778
5 0.1658046875 0.37666666666666665 0.0733984375 0.22469444444444445
5 0.9290390625 0.5560555555555555 0.09084375 0.21806944444444443
5 0.5780859375 0.34381944444444446 0.0729609375 0.16133333333333333
6 0.5301484375000001 0.7831250000000001 0.07373437499999999 0.15870833333333334
5 0.06351562499999999 0.48320833333333335 0.0790234375 0.20194444444444445
5 0.42696093749999997 0.7577083333333333 0.075796875 0.21930555555555556
6 0.053445312499999995 0.34297222222222223 0.07753125 0.17652777777777778
5 0.260828125 0.7107361111111111 0.06736718750000001 0.2593611111111111
6 0.9811796875000001 0.3093888888888889 0.0353515625 0.17119444444444445