0 0.365375 0.20251388888888888 0.037679687499999996 0.15758333333333333
5 0.6321718749999999 0.43276388888888884 0.07828906249999999 0.15379166666666666
5 0.7169218749999999 0.34161111111111114 0.05509375 0.15405555555555556
6 0.44846874999999997 0.7753333333333333 0.060335937500000006 0.20731944444444445
5 0.46177343750000005 0.5147638888888889 0.065546875 0.22043055555555557
5 0.37896874999999997 0.7477777777777778 0.0715078125 0.23705555555555557
5 0.32834375 0.5990555555555556 0.0513359375 0.24406944444444442
7 0.150875 0.12593055555555555 0.0367265625 0.10337500000000001
5 0.58409375 0.4776527777777778 0.07257812500000001 0.19816666666666669
6 0.987640625 0.3449027777777778 0.02471875 0.1859861111111111
5 0.5125625 0.5275972222222223 0.0405390625 0.2482916666666667
2 0.3920625 0.26679166666666665 0.029890624999999997 0.06769444444444445
7 0.3359140625 0.065 0.025015625000000003 0.11879166666666667
5 0.370671875 0.5896527777777778 0.039078125000000005 0.2041527777777778
5 0.5366328125 0.5015555555555555 0.0357734375 0.2142083333333333
5 0.367609375 0.465625 0.03821875 0.11181944444444446
1 0.509078125 0.36011111111111105 0.01971875 0.03026388888888889