5 0.3015 0.7229722222222221 0.106484375 0.2431111111111111
5 0.7413984375 0.6629861111111112 0.0666953125 0.2412083333333333
5 0.9215546874999999 0.5427222222222222 0.0647578125 0.2145277777777778
5 0.455109375 0.7740138888888889 0.10440624999999999 0.2368611111111111
5 0.3340078125 0.38669444444444445 0.056374999999999995 0.17756944444444445
6 0.5835625 0.7905277777777777 0.085328125 0.20295833333333332
5 0.290453125 0.5167638888888889 0.0556484375 0.19093055555555555
5 0.0400625 0.5400277777777778 0.063609375 0.24248611111111112
5 0.62978125 0.3343055555555555 0.078875 0.181375
6 0.1770078125 0.3441111111111111 0.0487578125 0.14833333333333332
1 0.6979453125 0.65325 0.017609375 0.03151388888888889