6 0.8146081504702195 0.6256111111111111 0.0814576802507837 0.24655555555555558
5 0.23532915360501566 0.47736111111111107 0.04714733542319749 0.24833333333333335
5 0.5433385579937303 0.49633333333333335 0.06329153605015675 0.248
5 0.4422727272727273 0.44566666666666666 0.053824451410658315 0.2091388888888889
5 0.8873510971786833 0.42150000000000004 0.04863636363636364 0.18361111111111109
1 0.8344043887147335 0.4423888888888889 0.011692789968652037 0.024944444444444446
5 0.016692789968652037 0.5953611111111111 0.03338557993730407 0.27249999999999996
5 0.2804075235109718 0.4870555555555556 0.042789968652037616 0.19988888888888887
6 0.28188087774294673 0.2852777777777778 0.04272727272727273 0.18933333333333333
5 0.04156739811912226 0.2966111111111111 0.040862068965517244 0.18897222222222224
5 0.014592476489028214 0.3313611111111111 0.029184952978056428 0.20872222222222223