5 0.28807031250000004 0.6243055555555556 0.052125 0.27873611111111113
5 0.9450390625 0.6003055555555556 0.0687421875 0.3027916666666667
5 0.60725 0.6375416666666667 0.102671875 0.26437499999999997
5 0.7334140625 0.3847361111111111 0.05503125 0.22218055555555555
5 0.9695078125000001 0.7714305555555555 0.060984375 0.278625
0 0.25389062500000004 0.19240277777777778 0.042890625 0.15030555555555555
5 0.45653125 0.5030416666666666 0.0802109375 0.20416666666666666
6 0.6394453125 0.8793472222222222 0.066109375 0.24130555555555558
5 0.24367187499999998 0.4371944444444444 0.058421875 0.26702777777777775
5 0.429015625 0.4308333333333333 0.0484140625 0.21668055555555554
6 0.310203125 0.3092222222222222 0.0444765625 0.1989861111111111
5 0.9787421875 0.4583055555555556 0.042515625 0.2482916666666667
7 0.22228124999999999 0.04738888888888888 0.0374140625 0.09479166666666666
7 0.0080390625 0.08094444444444444 0.016078125 0.11859722222222223
2 0.2869921875 0.2492638888888889 0.036296875 0.08023611111111112