6 0.4474453125 0.769625 0.05680468749999999 0.21412499999999998
0 0.3637421875 0.20201388888888888 0.041976562499999995 0.1555138888888889
5 0.333359375 0.5877361111111111 0.0610625 0.2152083333333333
5 0.6324765625000001 0.42790277777777774 0.06449218749999999 0.17372222222222222
5 0.3569609375 0.7441111111111111 0.06218749999999999 0.2293472222222222
5 0.5992656249999999 0.491375 0.05834375000000001 0.19361111111111112
5 0.46099218750000004 0.5183055555555556 0.0605390625 0.21713888888888888
5 0.71709375 0.3359722222222222 0.053476562500000005 0.13755555555555557
7 0.1498671875 0.12459722222222222 0.038015625 0.09148611111111112
6 0.9843671875 0.341625 0.031257812499999996 0.18722222222222223
7 0.33285156250000003 0.06493055555555556 0.0283203125 0.11919444444444444
2 0.3905078125 0.2697361111111111 0.031 0.07473611111111111
5 0.5130625 0.5273194444444445 0.051859375 0.25306944444444446
5 0.5374609375 0.5201111111111112 0.0628203125 0.23956944444444445
5 0.360390625 0.5824166666666666 0.05307031250000001 0.18213888888888888
5 0.364921875 0.4847916666666667 0.04434375 0.16218055555555555
6 0.3415703125 0.3255 0.0345703125 0.15930555555555556
1 0.5140703125 0.4146944444444444 0.017203125 0.03215277777777777