5 0.6565624999999999 0.5612638888888889 0.0421171875 0.23195833333333332
1 0.1673359375 0.6421527777777778 0.015312500000000001 0.027777777777777776
3 0.1676328125 0.6570694444444444 0.014085937500000001 0.010291666666666668
5 0.1308125 0.5614444444444444 0.0492265625 0.19583333333333333
5 0.2733515625 0.5531111111111111 0.0532734375 0.18516666666666665
5 0.150140625 0.8149444444444445 0.0650859375 0.23661111111111113
5 0.8446015625 0.5257638888888889 0.028265625 0.19598611111111114
5 0.8178750000000001 0.6954166666666667 0.0560703125 0.21370833333333333
5 0.47890625 0.37916666666666665 0.0359375 0.18612499999999998
5 0.4146640625 0.3996388888888889 0.040265625 0.18538888888888888
5 0.3588125 0.3662222222222222 0.044187500000000005 0.163
5 0.3541875 0.2376527777777778 0.041546875 0.1453888888888889
5 0.3891796875 0.2868472222222222 0.046640625000000005 0.118125
7 0.898015625 0.10376388888888888 0.03353125 0.09919444444444445
7 0.717359375 0.043972222222222225 0.022226562499999998 0.08795833333333333
0 0.67109375 0.10138888888888889 0.706884765625 0.14888780381944444 0.703997802734375 0.2538845486111111 0.66839599609375 0.202099609375
2 0.6656093750000001 0.23751388888888889 0.03278125 0.06391666666666668