5 0.538046875 0.7013333333333333 0.08628125 0.23047222222222222
5 0.8322265625 0.6571527777777777 0.06378125 0.20775000000000002
6 0.283828125 0.35225 0.05292187499999999 0.1659027777777778
0 0.1743671875 0.2185972222222222 0.0502890625 0.16875
2 0.2015546875 0.27423611111111107 0.031070312500000002 0.06898611111111111
5 0.33992187500000004 0.5502083333333333 0.0568125 0.21868055555555554
5 0.8156328125 0.4865833333333333 0.043921875 0.19620833333333335
5 0.586453125 0.49695833333333334 0.05615625 0.21511111111111111
5 0.5139609375 0.42902777777777773 0.044906249999999995 0.2405972222222222
5 0.45385937500000006 0.7684166666666666 0.051234375 0.18712499999999999
7 0.1411796875 0.07648611111111112 0.0380390625 0.14454166666666665
5 0.47133593749999997 0.6522222222222223 0.053023437500000006 0.2244861111111111
5 0.2780625 0.5055972222222221 0.0571484375 0.19013888888888889
5 0.24567968750000002 0.4929722222222222 0.053796875 0.1910138888888889