5 0.35928125 0.7011388888888889 0.0695546875 0.23324999999999999
0 0.2852578125 0.20244444444444443 0.0359453125 0.144375
6 0.8671640625 0.3153611111111111 0.040625 0.15761111111111112
5 0.6640234375 0.4333194444444445 0.053859375 0.1678611111111111
6 0.408015625 0.7493888888888888 0.058374999999999996 0.20576388888888889
5 0.933015625 0.5574166666666667 0.046953125 0.18961111111111112
5 0.404484375 0.5530138888888889 0.0487578125 0.20765277777777777
5 0.3859609375 0.3885833333333333 0.0521484375 0.16144444444444445
5 0.6949062500000001 0.47826388888888893 0.0855625 0.16652777777777777
5 0.520640625 0.3915416666666667 0.036921875 0.1530138888888889
7 0.25475781249999996 0.06858333333333334 0.0290390625 0.1187361111111111
7 0.07921875 0.1266388888888889 0.0364296875 0.08819444444444445
2 0.3075234375 0.2589583333333333 0.026695312500000002 0.060597222222222226
5 0.20499218749999998 0.5057777777777778 0.04878125 0.2179861111111111
5 0.34971874999999997 0.34425 0.0420625 0.17043055555555556
5 0.2651484375 0.503625 0.064265625 0.20393055555555556
1 0.6548046875 0.43413888888888885 0.014296875 0.026625000000000003