6 0.92090625 0.3550833333333333 0.0574921875 0.17622222222222222
6 0.48417187500000003 0.8045694444444444 0.0837421875 0.22641666666666668
5 0.8001953125 0.5676805555555556 0.0691484375 0.24956944444444445
5 0.724125 0.4374583333333334 0.0489453125 0.22677777777777777
5 0.24670312499999997 0.47144444444444444 0.0642734375 0.21756944444444445
5 0.0851328125 0.5474444444444445 0.1005625 0.236875
5 0.016929687500000002 0.3984166666666667 0.0338515625 0.1949722222222222
5 0.4430625 0.37977777777777777 0.0722109375 0.1941388888888889
5 0.5334218749999999 0.3403611111111111 0.084890625 0.20391666666666666
5 0.5841328125 0.571375 0.07132031250000001 0.2353472222222222
5 0.520375 0.6162638888888888 0.0894609375 0.23044444444444442
5 0.20363281249999998 0.7421388888888889 0.0840625 0.2775
1 0.49837499999999996 0.486375 0.01571875 0.025666666666666667
3 0.4984296875 0.5003055555555556 0.012273437500000001 0.011569444444444445