5 0.51728125 0.6382916666666667 0.051984375000000006 0.20920833333333333
5 0.3591484375 0.6046527777777778 0.0585703125 0.2365972222222222
5 0.5522265625 0.43619444444444444 0.051601562499999996 0.18269444444444444
5 0.7365781250000001 0.32926388888888886 0.05200781249999999 0.1947361111111111
7 0.15471875 0.11355555555555556 0.035164062499999996 0.099125
5 0.5573046875000001 0.7678055555555556 0.0633671875 0.24233333333333332
5 0.4098515625 0.6129027777777778 0.0619296875 0.2378472222222222
5 0.470078125 0.5558472222222222 0.05034375 0.19106944444444443
2 0.4040078125 0.26537499999999997 0.0350078125 0.06651388888888889
6 0.46146093749999995 0.7894027777777778 0.05140625 0.19743055555555555
0 0.3821484375 0.19830555555555557 0.036 0.14763888888888888
5 0.4848515625 0.44972222222222225 0.057203125 0.16875
7 0.35034375 0.058958333333333335 0.0319375 0.11791666666666667
1 0.4524453125 0.13072222222222224 0.0171953125 0.028819444444444446