7 0.958375 0.09494444444444444 0.064328125 0.17752777777777776
7 0.66471875 0.05633333333333334 0.0368828125 0.11265277777777778
0 0.5946180555555556 0.10802469135802475 0.656917995876736 0.15151186342592604 0.657470703125 0.3375530478395062 0.5921563042534722 0.2725212191358025
6 0.9670156249999999 0.7954444444444445 0.06596874999999999 0.35323611111111114
5 0.7095703125 0.6585138888888888 0.0808671875 0.3262916666666667
5 0.44239843749999996 0.7154166666666667 0.10007031250000001 0.33822222222222226
5 0.3110703125 0.5556666666666666 0.094359375 0.26256944444444447
5 0.124078125 0.6713888888888888 0.09536718749999999 0.30266666666666664
5 0.06165625 0.6365277777777778 0.0885859375 0.3131805555555556
5 0.0442734375 0.8952083333333333 0.0885390625 0.13551388888888888
1 0.3403359375 0.8962777777777778 0.0233828125 0.04348611111111111
3 0.3401875 0.9201388888888888 0.019953125 0.018972222222222224