5 0.6683671875 0.5311527777777778 0.1007890625 0.18631944444444445
6 0.3990078125 0.718625 0.047140625000000005 0.18881944444444443
5 0.4347578125 0.5861111111111111 0.0764375 0.19327777777777777
0 0.27502343749999997 0.18393055555555557 0.0432734375 0.15341666666666665
5 0.9145625000000001 0.5341527777777777 0.061226562500000005 0.17306944444444444
5 0.3400078125 0.6746666666666666 0.06999999999999999 0.20206944444444447
5 0.7528359375 0.48527777777777775 0.057820312500000005 0.17622222222222222
5 0.37429687500000003 0.36570833333333336 0.048812499999999995 0.15005555555555555
5 0.500890625 0.44094444444444447 0.05721875 0.2118888888888889
6 0.8551015625 0.2965277777777778 0.0313359375 0.1572638888888889
7 0.0765234375 0.10369444444444444 0.0355234375 0.07722222222222222
5 0.2583828125 0.4330972222222222 0.0560546875 0.1996388888888889
1 0.7130625 0.5454583333333334 0.014890625 0.028722222222222222
2 0.29874999999999996 0.24063888888888887 0.024640625 0.05391666666666667
5 0.2927890625 0.44705555555555554 0.048390625 0.19502777777777777
5 0.3668125 0.2603611111111111 0.0362734375 0.1300277777777778
6 0.2566875 0.29218055555555555 0.029765625 0.13245833333333334
7 0.251609375 0.06745833333333333 0.02309375 0.10522222222222223