5 0.286546875 0.58425 0.14451562499999998 0.369375
5 0.48833593750000004 0.5302638888888889 0.11540625 0.331125
5 0.61265625 0.5615833333333333 0.137015625 0.5240694444444445
0 0.11021875 0.26331944444444444 0.110546875 0.13452777777777777
5 0.3989140625 0.5145277777777777 0.07528125 0.3750416666666666
5 0.693375 0.5113472222222223 0.0695625 0.30669444444444444
7 0.0939765625 0.12545833333333334 0.052203124999999996 0.10013888888888887
2 0.1257265625 0.3216805555555556 0.0370234375 0.053125
6 0.28385937499999997 0.47691666666666666 0.022257812499999998 0.04726388888888889
5 0.3719296875 0.5385555555555556 0.035046875 0.21348611111111113
1 0.6598011363636364 0.47348484848484845 0.6537642045454545 0.47207425820707066 0.6477078524502841 0.47207425820707066 0.644106778231534 0.4743578361742424 0.6444119540127841 0.48838975694444436 0.6429776278409091 0.5048285590277776 0.6424837979403409 0.5131392045454545 0.6436101740056819 0.5231760969065656 0.6502186168323865 0.5286113083964648 0.6562916148792615 0.5281032986111112 0.6622342196377841 0.5247247869318182 0.666720303622159 0.5210750078914143 0.6700356223366477 0.5144412878787878 0.6727766557173295 0.5057114109848484 0.6750099875710227 0.5021405460858587 0.6700994318181819 0.49486564867424254 0.6650251908735796 0.4864267676767677