5 0.7483593749999999 0.6622361111111111 0.103625 0.23615277777777777
5 0.4455078125 0.7767499999999999 0.07711718749999999 0.22747222222222221
5 0.9319921875 0.5388055555555555 0.0863125 0.20255555555555557
5 0.25329687500000003 0.5104166666666666 0.05721875 0.18638888888888888
6 0.5719296875000001 0.7835 0.055929687500000005 0.18433333333333332
5 0.30262500000000003 0.7051944444444445 0.11744531250000001 0.2595694444444444
5 0.3080859375 0.3920555555555555 0.055695312500000003 0.18079166666666666
5 0.6134453125 0.3490694444444445 0.0634140625 0.1791111111111111
6 0.165296875 0.3456527777777778 0.0492578125 0.16558333333333333
8 0.850859375 0.31027777777777776 0.0403359375 0.15330555555555556
1 0.709578125 0.5857083333333333 0.01859375 0.035041666666666665