0 0.356828125 0.19549999999999998 0.0394921875 0.15175
5 0.2729453125 0.7111388888888889 0.0816171875 0.19194444444444442
5 0.67521875 0.5097638888888889 0.06449218749999999 0.1985833333333333
5 0.5929609375 0.5626666666666666 0.0562421875 0.16922222222222222
5 0.5211796875 0.5848194444444444 0.05982031249999999 0.16629166666666667
6 0.43587499999999996 0.7515000000000001 0.059078125 0.19830555555555557
5 0.3554765625 0.5911388888888889 0.052289062500000004 0.23044444444444442
5 0.3062421875 0.569875 0.048578125 0.22354166666666664
5 0.48940625000000004 0.5085555555555555 0.05665625 0.20565277777777777
5 0.6176484375 0.4130138888888889 0.04746875 0.1589722222222222
5 0.7519218750000001 0.3489583333333333 0.074890625 0.15988888888888889
7 0.14684375 0.11969444444444445 0.040523437499999995 0.09740277777777777
6 0.9689609375 0.3368055555555556 0.0502265625 0.17269444444444446
2 0.37703125000000004 0.2614722222222222 0.024210937499999998 0.058625000000000003
7 0.325328125 0.06290277777777778 0.0281328125 0.11706944444444445
5 0.362078125 0.4449861111111111 0.056781250000000005 0.1530138888888889
6 0.3308203125 0.31119444444444444 0.03334375 0.13736111111111113
1 0.5024921875 0.5655138888888889 0.020609375 0.036597222222222225