5 0.20305642633228843 0.48238888888888887 0.06879310344827587 0.24994444444444447
5 0.7749373040752352 0.6175833333333334 0.04841692789968652 0.19694444444444445
6 0.6843573667711599 0.3705833333333333 0.03898119122257054 0.16358333333333333
5 0.5849686520376175 0.5507500000000001 0.04796238244514107 0.23333333333333334
5 0.5452351097178684 0.48172222222222216 0.04156739811912226 0.18975
8 0.8282915360501568 0.7418888888888888 0.02926332288401254 0.1683611111111111
5 0.47369905956112857 0.31680555555555556 0.037523510971786835 0.18588888888888888
5 0.6691379310344828 0.5232222222222223 0.03304075235109718 0.13419444444444445
7 0.8185423197492163 0.1862777777777778 0.028808777429467084 0.04888888888888889
7 0.7224921630094043 0.06577777777777778 0.023432601880877743 0.09530555555555556
6 0.517539184952978 0.6951666666666666 0.0469435736677116 0.12222222222222222
1 0.7612695924764891 0.5427777777777778 0.015125391849529782 0.02272222222222222
5 0.6328369905956113 0.6043333333333334 0.04366771159874608 0.17147222222222222
5 0.6393416927899687 0.48486111111111113 0.03429467084639498 0.08566666666666667
2 0.669639498432602 0.27975 0.03357366771159875 0.059500000000000004
0 0.6746626686656673 0.1485507246376812 0.7190172669347146 0.18374943387681164 0.7151227298282679 0.29988960597826086 0.6681939569987735 0.2602468297101449