0 0.3138828125 0.18359722222222222 0.0368125 0.15079166666666666
5 0.195015625 0.6662083333333334 0.0646796875 0.21055555555555555
7 0.1171953125 0.10847222222222222 0.0411796875 0.09463888888888888
5 0.72734375 0.5779166666666667 0.06425 0.2266527777777778
6 0.4154765625 0.7215972222222221 0.056898437499999996 0.19520833333333334
5 0.592 0.6128888888888888 0.056546874999999996 0.21470833333333333
5 0.35053125 0.5682916666666666 0.05115625 0.21155555555555555
5 0.5190078125 0.5070694444444445 0.062296874999999995 0.18924999999999997
5 0.27185156250000003 0.5083749999999999 0.04009375 0.19333333333333333
6 0.926109375 0.31033333333333335 0.0373828125 0.16797222222222222
5 0.6565234375 0.617111111111111 0.05680468749999999 0.22191666666666668
5 0.5354453125 0.37087499999999995 0.0427421875 0.12211111111111111
2 0.341296875 0.2423888888888889 0.03371875 0.073125
5 0.33375 0.44519444444444445 0.0415703125 0.18275000000000002
1 0.5680703125 0.5944027777777778 0.017390625 0.03048611111111111
7 0.2898046875 0.055874999999999994 0.026484374999999998 0.11174999999999999