5 0.884890625 0.6484722222222222 0.081328125 0.2373472222222222
5 0.47289843749999994 0.49397222222222226 0.0477265625 0.192375
6 0.5705546874999999 0.7852916666666666 0.057906250000000006 0.20269444444444445
5 0.683734375 0.47215277777777775 0.060289062500000004 0.20443055555555556
5 0.6022734375 0.6705833333333333 0.070140625 0.22572222222222224
5 0.206703125 0.54275 0.05378125 0.18684722222222222
5 0.349171875 0.5822361111111111 0.054906250000000004 0.22845833333333335
5 0.6812734375 0.6959861111111111 0.06403125 0.25552777777777774
5 0.2501875 0.5360416666666666 0.054445312499999995 0.2108472222222222
5 0.9544140625 0.4991527777777778 0.091171875 0.21022222222222225
2 0.0163515625 0.2765833333333333 0.032695312500000004 0.059125
6 0.3501640625 0.3482638888888889 0.049734375 0.1701527777777778
1 0.6586953125 0.5395694444444444 0.014828125000000001 0.026111111111111113