5 0.8648046875000001 0.6851388888888889 0.06233593750000001 0.2757361111111111
5 0.37906249999999997 0.5797083333333333 0.058484375 0.25479166666666664
5 0.6572421875 0.5336111111111111 0.063671875 0.259
5 0.5200625 0.34305555555555556 0.070078125 0.16830555555555557
5 0.8711718749999999 0.41218055555555555 0.05621875 0.23477777777777778
6 0.43671875 0.8589722222222222 0.05865625 0.26869444444444446
0 0.26815625 0.19644444444444445 0.0523046875 0.1666388888888889
5 0.38090625 0.42462500000000003 0.0488671875 0.16997222222222222
5 0.424546875 0.46365277777777775 0.0490546875 0.22088888888888888
7 0.23345312499999998 0.057847222222222223 0.0316484375 0.11288888888888889
5 0.331890625 0.4591388888888889 0.053570312499999995 0.2032777777777778
6 0.30169531250000003 0.30040277777777774 0.03528125 0.18080555555555555
7 0.0162265625 0.10090277777777779 0.032453125 0.14484722222222224
5 0.32634375000000004 0.5714722222222222 0.04946875 0.24979166666666666
2 0.29681250000000003 0.26369444444444445 0.0362109375 0.0742638888888889
1 0.3245058302190869 0.4184952046889622 0.3256605109700378 0.4410246504260745 0.322528999014174 0.43306801663028677 0.32003858851880723 0.43047928802548274 0.3158220030227169 0.4319547749777089 0.31286553599324024 0.43955113069775087 0.31157118817539264 0.4308582236668717 0.3124508390165398 0.42532342886356145 0.3150489306402098 0.4204188842808111 0.3187983491672477 0.41761908980762585 0.32173990686043374 0.417683877048146