5 0.577453125 0.4328888888888889 0.070171875 0.17329166666666665
7 0.15618749999999998 0.11794444444444445 0.0383359375 0.10176388888888889
6 0.45737500000000003 0.7851388888888888 0.05094531249999999 0.19797222222222222
2 0.3997890625 0.2678888888888889 0.02815625 0.06193055555555556
0 0.37808593749999997 0.19974999999999998 0.0406484375 0.1560277777777778
5 0.7256328125 0.3191666666666667 0.039468750000000004 0.17401388888888888
5 0.5102265625 0.6100555555555556 0.0518828125 0.15990277777777778
5 0.478921875 0.5467361111111111 0.052453125 0.2171111111111111
5 0.355046875 0.6078472222222222 0.06511718749999999 0.24444444444444444
5 0.3992265625 0.60875 0.0601484375 0.24508333333333335
5 0.5099296875 0.7585138888888889 0.057171875000000004 0.22829166666666667
5 0.48924218750000004 0.4347916666666667 0.0640390625 0.10861111111111112
5 0.37415625 0.5078750000000001 0.028000000000000004 0.12408333333333334
1 0.46846875 0.15558333333333332 0.0160390625 0.02816666666666667
7 0.34842968750000003 0.06536111111111112 0.0300859375 0.13070833333333334