0 0.154578125 0.21515277777777778 0.047445312499999996 0.16629166666666667
5 0.238234375 0.5073472222222223 0.053703125 0.1986527777777778
2 0.1837109375 0.27276388888888886 0.030093750000000002 0.07244444444444444
5 0.615515625 0.4792638888888889 0.07485937499999999 0.20668055555555556
5 0.8534218750000001 0.4882638888888889 0.07570312500000001 0.19034722222222225
5 0.343421875 0.5715833333333333 0.0673828125 0.22447222222222224
5 0.8445 0.65625 0.057937499999999996 0.21743055555555557
6 0.3081953125 0.3519861111111111 0.0582265625 0.17184722222222223
5 0.2794140625 0.5175000000000001 0.047140625000000005 0.2031527777777778
6 0.46504687499999997 0.7578611111111111 0.04865625 0.1684027777777778
5 0.49947656250000005 0.6398055555555556 0.0620703125 0.2057361111111111
5 0.565203125 0.7108472222222222 0.062117187500000004 0.25179166666666664
7 0.12303125 0.06999999999999999 0.034328125 0.129625
5 0.5167734375 0.41768055555555555 0.043734375 0.2837361111111111
1 0.5328593749999999 0.2685972222222222 0.014937500000000001 0.030250000000000003