2 0.2782734375 0.2730138888888889 0.031101562500000002 0.06631944444444444
0 0.25272656250000003 0.20625 0.045453125 0.17176388888888888
6 0.3873046875 0.7760416666666666 0.0567734375 0.21756944444444445
5 0.46564843749999996 0.4944305555555556 0.045484375 0.19870833333333332
5 0.83375 0.6593611111111112 0.059367187499999995 0.1867222222222222
5 0.313296875 0.6484027777777778 0.069546875 0.21659722222222222
5 0.295203125 0.4709305555555555 0.0639765625 0.20330555555555554
5 0.674609375 0.5008333333333334 0.057937499999999996 0.23679166666666668
5 0.4185 0.5038888888888889 0.055484374999999996 0.20602777777777778
5 0.3835546875 0.6545416666666667 0.056351562499999994 0.15945833333333334
7 0.2217890625 0.06895833333333333 0.034578125 0.12894444444444444
7 0.0148046875 0.13999999999999999 0.0296015625 0.13041666666666668
5 0.3673203125 0.437375 0.054906250000000004 0.18468055555555554
5 0.3477734375 0.42583333333333334 0.028867187500000002 0.16872222222222222
6 0.20703906249999998 0.37616666666666665 0.0395859375 0.17320833333333333
1 0.4307578125 0.39691666666666664 0.013507812499999999 0.021111111111111112