0 0.6378671875 0.195375 0.04684375 0.13959722222222223
5 0.48158593749999995 0.7040138888888888 0.0828046875 0.22856944444444444
6 0.573921875 0.75575 0.0681875 0.20972222222222223
5 0.559125 0.4162777777777778 0.051601562499999996 0.18666666666666668
7 0.841546875 0.11466666666666667 0.036859375 0.08679166666666667
5 0.513953125 0.5309027777777777 0.0499140625 0.162
5 0.460078125 0.47891666666666666 0.0450703125 0.17605555555555558
7 0.6657265625 0.06472222222222222 0.021921875 0.11051388888888888
5 0.316765625 0.48412499999999997 0.07368749999999999 0.2030972222222222
5 0.3263203125 0.3524027777777778 0.037328125000000004 0.15180555555555555
1 0.500578125 0.6087361111111111 0.019398437499999997 0.030500000000000003
5 0.3806953125 0.4731666666666667 0.0559453125 0.19498611111111108
6 0.6418437499999999 0.3191388888888889 0.0382109375 0.15754166666666666
2 0.62028125 0.25369444444444444 0.0356953125 0.06761111111111111
5 0.49409375000000005 0.2687083333333333 0.0386484375 0.18655555555555556
6 0.1150625 0.30483333333333335 0.037929687499999996 0.19301388888888887
5 0.2263203125 0.3167083333333333 0.032328125 0.18341666666666667
5 0.4692265625 0.5617361111111111 0.041585937499999996 0.12347222222222223