5 0.6847648902821316 0.6045 0.07054858934169278 0.14105555555555555
5 0.4707210031347962 0.6108055555555555 0.040564263322884014 0.21386111111111109
5 0.775705329153605 0.5483888888888888 0.053401253918495296 0.181
5 0.29747648902821316 0.6709166666666667 0.07926332288401254 0.1848888888888889
5 0.5255799373040753 0.5009444444444444 0.050188087774294676 0.1943611111111111
5 0.4106269592476489 0.4243333333333333 0.037539184952978054 0.1108888888888889
5 0.3232915360501567 0.46347222222222223 0.04089341692789969 0.15125
5 0.44979623824451415 0.48680555555555555 0.037962382445141066 0.18566666666666667
6 0.047523510971786836 0.48836111111111113 0.039247648902821314 0.1612222222222222
5 0.5022257053291537 0.3928055555555555 0.04221003134796238 0.1098888888888889
5 0.4675235109717868 0.36836111111111114 0.02993730407523511 0.11108333333333334
6 0.658025078369906 0.711361111111111 0.0430564263322884 0.1401111111111111
6 0.7088557993730408 0.3753888888888888 0.029420062695924763 0.14141666666666666
2 0.7481661442006269 0.30266666666666664 0.032539184952978056 0.05702777777777778
7 0.8022884012539185 0.10433333333333333 0.02219435736677116 0.08788888888888889
7 0.8945924764890282 0.2154722222222222 0.025532915360501566 0.05411111111111111
0 0.7523510971786834 0.1871980676328503 0.7925715764276954 0.21511737620772944 0.7904845517582118 0.32555385718599034 0.7452355143451002 0.28514209692028986