5 0.6918671875 0.6471944444444445 0.10871875 0.2199861111111111
5 0.3361796875 0.7711111111111112 0.117578125 0.22655555555555557
5 0.51909375 0.3734722222222222 0.0753671875 0.17291666666666666
5 0.040078125 0.6993472222222222 0.0775546875 0.27290277777777777
7 0.9722890625 0.08886111111111111 0.04690625 0.1331388888888889
2 0.682265625 0.25826388888888885 0.035671875 0.07552777777777778
0 0.7108749999999999 0.18156944444444442 0.049921875 0.1691527777777778
7 0.742640625 0.03386111111111111 0.03575 0.06772222222222223
6 0.38303125 0.9006527777777779 0.07857031249999999 0.19869444444444445
1 0.6676015625 0.7147083333333334 0.018453125 0.035486111111111114
5 0.8879296875 0.5557222222222222 0.11534375 0.2276111111111111