5 0.3383046875 0.70075 0.0655703125 0.2474861111111111
0 0.28959375 0.20441666666666666 0.035484375 0.14647222222222223
6 0.41130468750000004 0.7533472222222222 0.054093749999999996 0.2074861111111111
5 0.509140625 0.4083888888888889 0.053679687499999997 0.18256944444444442
5 0.6593203125 0.4109722222222222 0.043734375 0.15997222222222224
7 0.0791953125 0.1296388888888889 0.0357109375 0.08051388888888888
5 0.6796562500000001 0.4765 0.055343750000000004 0.17394444444444443
5 0.40151562500000004 0.5540833333333334 0.04496875 0.22190277777777778
5 0.2120078125 0.5226666666666666 0.044421875 0.18829166666666666
6 0.8699609374999999 0.31719444444444445 0.038890625 0.16191666666666665
5 0.92521875 0.5795694444444445 0.0537578125 0.18855555555555553
5 0.40756249999999994 0.38756944444444447 0.055632812499999997 0.1396111111111111
2 0.3123359375 0.26163888888888887 0.029203125000000003 0.057555555555555554
5 0.3884765625 0.3736666666666667 0.0492890625 0.15715277777777778
5 0.2636640625 0.49459722222222224 0.0546015625 0.21359722222222222
7 0.261328125 0.07211111111111111 0.027734375 0.11005555555555555
1 0.6825703125 0.41558333333333336 0.012 0.026152777777777775