0 0.1920859375 0.220875 0.049234375000000004 0.16158333333333333
5 0.79203125 0.492625 0.0657890625 0.20952777777777779
5 0.815453125 0.6617638888888889 0.0399140625 0.19826388888888888
5 0.5657890625 0.50525 0.07242968749999999 0.21668055555555554
2 0.21828124999999998 0.27858333333333335 0.0358359375 0.06245833333333333
7 0.1638203125 0.08306944444444445 0.035890624999999995 0.16215277777777778
5 0.290828125 0.512 0.056296875 0.20926388888888886
6 0.43529687499999997 0.7736944444444444 0.051976562500000004 0.17523611111111112
6 0.266578125 0.3562916666666666 0.04365625 0.16705555555555557
5 0.44448437500000004 0.6287777777777778 0.045734375 0.17343055555555556
5 0.5008515625000001 0.7036250000000001 0.0495234375 0.23494444444444443
5 0.336984375 0.5458333333333333 0.063203125 0.2087361111111111
5 0.2485703125 0.48215277777777776 0.0462265625 0.1636388888888889
5 0.515296875 0.4457916666666667 0.050734375 0.22176388888888887
1 0.44929687500000004 0.24012499999999998 0.014320312499999998 0.025958333333333337