5 0.718078125 0.5076388888888889 0.0784453125 0.2274861111111111
0 0.23792968750000001 0.21644444444444444 0.0445390625 0.1641111111111111
2 0.26556250000000003 0.27825 0.034078125 0.07243055555555555
5 0.36931250000000004 0.6408194444444444 0.058835937500000005 0.25016666666666665
5 0.805515625 0.6562222222222223 0.0487265625 0.18333333333333332
5 0.49790625000000005 0.48741666666666666 0.0345546875 0.22030555555555556
7 0.2095546875 0.05511111111111111 0.0338671875 0.11022222222222222
6 0.230484375 0.36330555555555555 0.0365859375 0.14691666666666667
5 0.36589062499999997 0.4259305555555556 0.046328125 0.1905277777777778
7 0.0125703125 0.13056944444444446 0.0251484375 0.100625
5 0.288671875 0.463625 0.0715390625 0.2088611111111111
5 0.42948437500000003 0.6897361111111111 0.054296875 0.2547361111111111
5 0.33132812500000003 0.43494444444444447 0.0451328125 0.16377777777777777
6 0.397296875 0.7830833333333334 0.048859375 0.2353472222222222
5 0.467078125 0.505625 0.0421171875 0.23095833333333332
1 0.3881796875 0.3129861111111111 0.01278125 0.026