7 0.9397500000000001 0.053875 0.0322734375 0.10775
5 0.09717187499999999 0.8601666666666667 0.0849609375 0.24194444444444443
6 0.5895703125 0.887125 0.10275000000000001 0.224875
6 0.1930859375 0.3064444444444444 0.0823515625 0.16536111111111113
6 0.8423984375 0.35455555555555557 0.066734375 0.17825
5 0.89321875 0.7226111111111111 0.12325 0.223
5 0.7111875000000001 0.49322222222222223 0.080359375 0.22408333333333333
5 0.70721875 0.3418472222222222 0.048117187500000005 0.1497638888888889
5 0.43042968750000005 0.40088888888888885 0.0605078125 0.1968472222222222
5 0.0621328125 0.5636111111111112 0.09475 0.24931944444444443
5 0.04940625 0.4285972222222222 0.0640859375 0.22140277777777778
5 0.47113281249999994 0.38534722222222223 0.098515625 0.20343055555555556
5 0.44819531250000005 0.27626388888888886 0.064796875 0.105
2 0.87096875 0.2637222222222222 0.037078125 0.07683333333333334
0 0.884548611111111 0.1064814814814816 0.9255574544270833 0.16121720679012358 0.920901828342014 0.2867537133487654 0.8773566351996527 0.2245973186728396
1 0.653640625 0.5906111111111111 0.0158828125 0.028194444444444446
3 0.6537499999999999 0.6043333333333334 0.010890625 0.009833333333333333