5 0.36096093749999997 0.581375 0.059453124999999996 0.21813888888888888
0 0.29100000000000004 0.1828611111111111 0.0386015625 0.13925
5 0.544140625 0.5047222222222222 0.068765625 0.21493055555555557
6 0.4078125 0.7207916666666667 0.05903125 0.18877777777777777
5 0.4842578125 0.3715138888888889 0.037359375 0.17054166666666667
5 0.75809375 0.6240833333333333 0.10272656250000001 0.17759722222222224
5 0.198078125 0.6555416666666667 0.0494296875 0.22677777777777777
5 0.669828125 0.6286388888888889 0.050484375000000005 0.218125
7 0.0834609375 0.10672222222222223 0.0356953125 0.08565277777777779
5 0.323765625 0.4346388888888889 0.0444765625 0.15733333333333333
5 0.25053125 0.4567361111111111 0.053914062500000005 0.18915277777777778
2 0.3143671875 0.23731944444444444 0.028617187500000002 0.05798611111111111
6 0.887890625 0.30094444444444446 0.033437499999999995 0.1618888888888889
5 0.5813203125 0.27768055555555554 0.0363359375 0.14702777777777779
5 0.7641015624999999 0.5815833333333333 0.0643984375 0.22743055555555555
7 0.2628359375 0.05329166666666666 0.029445312499999998 0.10659722222222222
8 0.6654296875 0.2828333333333333 0.036867187499999995 0.12165277777777778
1 0.6533203125 0.6195972222222222 0.0165703125 0.034361111111111106
6 0.2709296875 0.29259722222222223 0.027226562500000002 0.12815277777777778