5 0.1803671875 0.5049305555555555 0.07954687499999999 0.16102777777777777
5 0.24619531249999999 0.44375 0.0729375 0.20270833333333332
5 0.29226562500000003 0.4657777777777778 0.048171874999999996 0.1483472222222222
5 0.37853125 0.4676805555555556 0.0740234375 0.20520833333333333
5 0.5185 0.3974861111111111 0.0411171875 0.18969444444444447
5 0.48567968749999996 0.34631944444444446 0.0405546875 0.192625
5 0.7462734375 0.7024027777777778 0.0818359375 0.21829166666666666
5 0.67725 0.6233888888888889 0.05315625 0.25472222222222224
5 0.6346093749999999 0.519 0.046 0.2245138888888889
5 0.702953125 0.528125 0.053734375 0.22201388888888887
5 0.2700078125 0.7899166666666667 0.0814140625 0.26237499999999997
5 0.29626562500000003 0.33091666666666664 0.0434140625 0.15388888888888888
3 0.178875 0.594486111111111 0.013664062499999999 0.011416666666666667
1 0.17835937500000001 0.580125 0.016710937500000002 0.027388888888888886
7 0.8783828124999999 0.14775 0.047625 0.12243055555555557
7 0.687171875 0.07883333333333332 0.026992187499999997 0.1555277777777778
0 0.6382211538461537 0.14636752136752135 0.6800091083233172 0.17881527110042736 0.6777179424579327 0.305709969284188 0.6352726862980769 0.2614766960470085
2 0.6327734375 0.28444444444444444 0.033578125 0.06890277777777777