5 0.358484375 0.5795833333333333 0.059921875 0.21875
5 0.541953125 0.503625 0.0723828125 0.21595833333333334
5 0.1961171875 0.6558888888888889 0.053421874999999994 0.22584722222222225
0 0.29128125 0.18290277777777778 0.0357734375 0.1396388888888889
6 0.4094765625 0.7196388888888888 0.057476562499999995 0.190625
5 0.4872734375 0.37195833333333334 0.037015625 0.16909722222222223
5 0.7466796875 0.6325138888888889 0.095484375 0.173625
5 0.2535078125 0.4619027777777778 0.0512421875 0.1984861111111111
5 0.6608046875 0.6325138888888889 0.0493671875 0.2011527777777778
7 0.09017968750000001 0.11320833333333334 0.0326875 0.09166666666666666
5 0.3205625 0.4402222222222222 0.05425 0.18145833333333333
5 0.7603671875 0.5746527777777778 0.056484374999999996 0.20004166666666667
5 0.5893984375 0.27455555555555555 0.03484375 0.13970833333333335
6 0.8905625 0.30141666666666667 0.034953125 0.16165277777777778
2 0.315375 0.24019444444444443 0.0279296875 0.06172222222222222
6 0.2697265625 0.29197222222222224 0.0338984375 0.13619444444444445
1 0.6416015625 0.6139861111111111 0.018484375 0.03180555555555555
8 0.6679375000000001 0.28284722222222225 0.038484375 0.12184722222222223
7 0.2621953125 0.056 0.0353359375 0.112