5 0.3970546875 0.6314444444444445 0.074484375 0.17458333333333334
5 0.43339062500000003 0.7079305555555555 0.0854375 0.24304166666666668
5 0.729875 0.38775 0.046796875 0.1683611111111111
5 0.476625 0.40873611111111113 0.04375 0.18256944444444442
5 0.5890546875 0.52225 0.042875 0.23725
5 0.07085156249999999 0.5891666666666666 0.059109375 0.21802777777777776
5 0.7705625 0.7894444444444444 0.0411171875 0.24555555555555558
5 0.541859375 0.35018055555555555 0.043539062499999996 0.17655555555555555
5 0.6305078125 0.31251388888888887 0.031093749999999996 0.113125
5 0.6343671875 0.43727777777777777 0.043765625 0.16909722222222223
5 0.3475625 0.5061388888888889 0.0325546875 0.2146527777777778
5 0.3288125 0.4283333333333333 0.032625 0.09079166666666667
5 0.70240625 0.5631388888888889 0.0699921875 0.19373611111111114
3 0.7016953125 0.6860972222222222 0.0155078125 0.009625
1 0.702015625 0.6727083333333334 0.016703125 0.02816666666666667
7 0.04659375 0.1641527777777778 0.040445312500000004 0.09913888888888889
7 0.2405 0.10097222222222223 0.0298359375 0.1359861111111111
2 0.2914609375 0.28738888888888886 0.0301875 0.064375
0 0.25 0.19270833333333334 0.24870681762695318 0.3111097547743056 0.2899742126464844 0.26390923394097227 0.2841720581054688 0.15736897786458337