5 0.6656796875000001 0.7174861111111112 0.1073984375 0.2599722222222222
5 0.34992968750000003 0.5826944444444445 0.0758984375 0.21869444444444447
5 0.5750859375 0.6744027777777778 0.0721171875 0.25540277777777776
5 0.489328125 0.49916666666666665 0.0672421875 0.19893055555555555
5 0.2697421875 0.5320833333333334 0.063609375 0.21215277777777777
5 0.214390625 0.5183333333333333 0.066015625 0.19720833333333335
2 0.0856796875 0.2723055555555556 0.03590625 0.06475
5 0.6735390625 0.4788055555555556 0.0642421875 0.21379166666666669
5 0.9271953125 0.5091249999999999 0.07127343750000001 0.21109722222222224
0 0.055281250000000004 0.20454166666666668 0.0498046875 0.16165277777777778
6 0.543921875 0.7738194444444444 0.061703125000000004 0.1973888888888889
5 0.879515625 0.6641666666666667 0.0618046875 0.20168055555555556
7 0.021828125 0.06213888888888889 0.032671875 0.11302777777777777
6 0.3373125 0.34547222222222224 0.03815625 0.15744444444444444