2 0.2774375 0.27298611111111115 0.0311640625 0.06436111111111112
6 0.3882265625 0.7773333333333332 0.055078125 0.21323611111111113
0 0.2519453125 0.20820833333333333 0.0460390625 0.170375
5 0.83278125 0.6596944444444445 0.06259375 0.18072222222222223
5 0.31701562499999997 0.6437361111111112 0.0645546875 0.22286111111111112
5 0.30084374999999997 0.4680277777777778 0.054976562500000006 0.20201388888888888
5 0.4688125 0.4938472222222222 0.0471015625 0.193375
7 0.22086718749999998 0.06958333333333333 0.0357734375 0.12883333333333333
5 0.37196093750000003 0.4404166666666667 0.052609375 0.1898611111111111
7 0.0142734375 0.13965277777777776 0.0285546875 0.12816666666666668
5 0.6765234375 0.49945833333333334 0.0522734375 0.23208333333333334
5 0.38682812499999997 0.651625 0.055203125 0.1608888888888889
5 0.42472656249999996 0.50375 0.0429375 0.21369444444444446
6 0.20640624999999999 0.37751388888888887 0.041335937499999996 0.17168055555555556
5 0.348625 0.43072222222222223 0.0281328125 0.1683888888888889
1 0.42639843749999995 0.3854027777777778 0.0124765625 0.02059722222222222