6 0.2929921875 0.27781944444444445 0.06784375000000001 0.18669444444444444
6 0.45835156250000003 0.7669861111111111 0.06351562499999999 0.21402777777777776
1 0.37117187500000004 0.6219027777777778 0.0164765625 0.029277777777777774
5 0.6579375 0.5033055555555556 0.08590624999999999 0.2131111111111111
0 0.21139843749999998 0.13718055555555556 0.0510859375 0.1525
5 0.437015625 0.43772222222222223 0.079734375 0.21593055555555554
5 0.9338124999999999 0.3637361111111111 0.059578125 0.20447222222222222
5 0.5702578125 0.4859027777777778 0.07753125 0.22547222222222224
5 0.42614062500000005 0.6263611111111111 0.083921875 0.1850138888888889
5 0.63025 0.3274722222222222 0.04253125 0.14180555555555555
5 0.371921875 0.5320694444444444 0.0531875 0.154125
2 0.23976562499999998 0.214875 0.03596875 0.07575
3 0.37159375 0.6356111111111111 0.0125546875 0.00926388888888889
5 0.984984375 0.6860138888888889 0.03003125 0.24222222222222223