6 0.4686796875 0.7970416666666666 0.06478125 0.174125
5 0.5298671875000001 0.6752361111111111 0.05884374999999999 0.23772222222222222
5 0.670796875 0.7696666666666666 0.06967187500000001 0.2412361111111111
5 0.36628125 0.5797361111111111 0.0576328125 0.24833333333333335
7 0.1493046875 0.10348611111111111 0.0461875 0.11502777777777777
5 0.7715546875 0.33234722222222224 0.0426796875 0.18534722222222222
5 0.4879609375 0.4384722222222222 0.0631171875 0.1942361111111111
2 0.40815625000000005 0.25861111111111107 0.031046875 0.07015277777777777
0 0.383796875 0.19315277777777776 0.037296875 0.1691527777777778
5 0.44174218749999994 0.48373611111111114 0.047203125 0.1294861111111111
5 0.436828125 0.6364583333333333 0.0690859375 0.26825
5 0.45134375000000004 0.4063333333333333 0.032382812500000004 0.13211111111111112
5 0.3943515625 0.6012361111111111 0.045679687499999996 0.2607916666666667
7 0.35124218749999997 0.03980555555555555 0.027476562500000003 0.0796111111111111
1 0.41415625 0.18709722222222222 0.0133359375 0.029180555555555557