0 0.26114420062695926 0.1943333333333333 0.0569435736677116 0.21980555555555553
2 0.29984326018808777 0.28294444444444444 0.04821316614420063 0.1115
5 0.7192476489028213 0.7071388888888889 0.1257680250783699 0.235
5 0.7484169278996865 0.4588055555555555 0.06335423197492163 0.22619444444444448
5 0.46413793103448275 0.49899999999999994 0.057021943573667716 0.23025
7 0.041379310344827586 0.10650000000000001 0.0527742946708464 0.09947222222222223
6 0.24045454545454545 0.46225 0.058401253918495294 0.2698888888888889
5 0.44504702194357365 0.6588055555555555 0.06141065830721003 0.31036111111111114
5 0.37912225705329156 0.6620833333333334 0.05678683385579937 0.2831111111111111
5 0.29178683385579934 0.6152500000000001 0.051567398119122254 0.29088888888888886
1 0.3425705329153605 0.5229166666666667 0.02274294670846395 0.03375
5 0.3311598746081505 0.6441944444444444 0.039592476489028215 0.19175