5 0.35348437499999996 0.7031805555555556 0.0725625 0.23197222222222225
5 0.6911640625000001 0.4803194444444444 0.0758046875 0.16165277777777778
5 0.92634375 0.5801805555555556 0.05178125 0.21123611111111112
6 0.4088671875 0.7491527777777778 0.059625 0.211875
6 0.8670234375 0.315375 0.0386171875 0.15655555555555556
0 0.2844765625 0.19666666666666666 0.0374765625 0.14568055555555556
5 0.5091328125000001 0.4038472222222222 0.055234375 0.20419444444444446
5 0.3881328125 0.38762499999999994 0.0489296875 0.16577777777777777
5 0.6658671875 0.42925 0.047578125 0.17091666666666666
5 0.40138281249999996 0.5534583333333334 0.04471875 0.21905555555555556
5 0.35954687500000004 0.34952777777777777 0.0360234375 0.169875
7 0.076 0.12455555555555556 0.03675 0.08819444444444445
2 0.30832031249999997 0.26108333333333333 0.02709375 0.06469444444444444
5 0.211625 0.5088055555555555 0.055406250000000004 0.20140277777777776
7 0.2554375 0.05766666666666667 0.0280859375 0.11533333333333334
5 0.2606484375 0.49570833333333336 0.0672734375 0.2037638888888889
6 0.2626015625 0.3072916666666667 0.0390390625 0.15690277777777778
1 0.666515625 0.41254166666666664 0.0158359375 0.030625