5 0.7334140625 0.48383333333333334 0.05228125 0.17627777777777778
5 0.350796875 0.6860833333333334 0.0633359375 0.22205555555555556
5 0.9285546874999999 0.5275416666666667 0.050539062499999995 0.18152777777777776
5 0.4322265625 0.5681944444444444 0.0520625 0.19923611111111109
5 0.36871875 0.3664583333333334 0.041273437499999996 0.16215277777777778
0 0.27351562500000004 0.18800000000000003 0.0388828125 0.15013888888888888
6 0.8539765625 0.30345833333333333 0.0340859375 0.15770833333333334
7 0.073453125 0.10802777777777778 0.040953125 0.08263888888888889
5 0.636671875 0.5149444444444444 0.05387499999999999 0.1943888888888889
6 0.3983046875 0.7249027777777777 0.043578125 0.19130555555555556
1 0.655984375 0.5671111111111111 0.014671875000000001 0.02323611111111111
5 0.3391484375 0.2988472222222222 0.040515625 0.14579166666666665
5 0.2768828125 0.4597777777777778 0.044546875 0.20497222222222225
5 0.5153359375 0.42527777777777775 0.069203125 0.20191666666666666
5 0.23874218749999998 0.4466805555555556 0.035898437500000005 0.18706944444444445
2 0.29990625 0.24686111111111111 0.027625 0.06429166666666666
6 0.2591953125 0.3034722222222222 0.0312421875 0.14193055555555556