0 0.45098746081504704 0.26019444444444445 0.057774294670846396 0.2056111111111111
5 0.8964420062695924 0.9156666666666666 0.06827586206896552 0.16494444444444445
7 0.22260188087774296 0.2252222222222222 0.05159874608150471 0.10416666666666667
5 0.6487931034482759 0.5295 0.06648902821316614 0.21569444444444447
5 0.5597335423197493 0.6917777777777777 0.07360501567398119 0.2907222222222222
2 0.48459247648902826 0.3558888888888889 0.039514106583072105 0.08869444444444444
6 0.5872100313479623 0.9526944444444445 0.11299373040752352 0.09377777777777777
5 0.4691849529780564 0.6030555555555556 0.07156739811912226 0.24716666666666667
5 0.6035579937304075 0.6316111111111111 0.043166144200626956 0.29944444444444446
6 0.4187774294670846 0.4593055555555555 0.052507836990595615 0.2229722222222222
5 0.5756583072100313 0.5238333333333334 0.043996865203761754 0.1636111111111111