5 0.2797578125 0.6672083333333333 0.0981328125 0.2788611111111111
6 0.4848671875 0.8660277777777777 0.077984375 0.21388888888888888
0 0.659546875 0.19031944444444446 0.054929687500000005 0.17679166666666668
5 0.5807578125 0.5804444444444444 0.060804687499999996 0.2896944444444445
7 0.929453125 0.09084722222222222 0.0526484375 0.1447361111111111
5 0.6547265624999999 0.48512500000000003 0.056609374999999997 0.22504166666666667
6 0.65615625 0.3420416666666667 0.0379140625 0.15283333333333335
5 0.32449218750000003 0.566875 0.10389062499999999 0.23387499999999997
5 0.4839765625 0.42531944444444447 0.055453125000000006 0.13779166666666665
7 0.6902421875 0.05584722222222222 0.034359375 0.11168055555555555
5 0.5079140625 0.6607777777777778 0.0675546875 0.24890277777777778
2 0.6305468750000001 0.2678333333333333 0.038890625 0.07902777777777778
5 0.48782812499999995 0.5039305555555555 0.049515625 0.12906944444444446
1 0.6839453125 0.5504583333333333 0.0176015625 0.035680555555555556