2 0.2942319749216301 0.26208333333333333 0.04482758620689655 0.09663888888888889
0 0.26384012539184953 0.15944444444444444 0.06109717868338557 0.20541666666666666
5 0.9358463949843261 0.7650555555555556 0.09177115987460814 0.3303333333333333
1 0.5247648902821317 0.5599722222222222 0.020329153605015676 0.03386111111111111
5 0.6589655172413793 0.4628611111111111 0.06277429467084639 0.2886666666666667
5 0.6177899686520376 0.6900277777777778 0.07120689655172414 0.24983333333333332
5 0.46139498432601883 0.43547222222222226 0.05822884012539185 0.2189722222222222
7 0.03537617554858934 0.09108333333333334 0.056833855799373036 0.1208611111111111
5 0.45141065830721006 0.6599444444444444 0.06550156739811912 0.31477777777777777
5 0.3929153605015674 0.6926944444444445 0.09191222570532916 0.23802777777777778
5 0.24710031347962383 0.6421944444444444 0.0441692789968652 0.3495833333333333
5 0.33305642633228844 0.5985555555555555 0.05351097178683386 0.32755555555555554
6 0.2342319749216301 0.4185833333333333 0.04321316614420063 0.22363888888888891