5 0.478578125 0.5639305555555555 0.11246875 0.24891666666666667
5 0.1865703125 0.7532083333333333 0.10287500000000001 0.2729722222222222
5 0.687515625 0.48024999999999995 0.0708828125 0.22101388888888887
5 0.7606171875000001 0.5528888888888889 0.0971328125 0.23391666666666666
6 0.521109375 0.33952777777777776 0.071609375 0.21190277777777777
7 0.7544296875 0.043583333333333335 0.03621875 0.08715277777777777
6 0.1013671875 0.9257777777777777 0.06303125000000001 0.1441388888888889
0 0.7198671875 0.20670833333333336 0.0604375 0.16040277777777778
7 0.9858671875 0.10055555555555556 0.028265625 0.1046111111111111
2 0.6940078125 0.27618055555555554 0.047109374999999995 0.07255555555555555
5 0.7872890625 0.5575416666666667 0.0561015625 0.11256944444444444
1 0.7093828125 0.22897222222222224 0.0158359375 0.02791666666666667