5 0.694921875 0.6477777777777778 0.105203125 0.2670694444444444
5 0.28210156249999996 0.6531944444444444 0.0577421875 0.296125
6 0.70853125 0.8939999999999999 0.0801484375 0.212
5 0.431078125 0.4394583333333334 0.058265625 0.23494444444444443
5 0.7951796875 0.39143055555555556 0.082796875 0.22941666666666669
5 0.4908984375 0.5165 0.0993125 0.2423611111111111
0 0.26008593750000003 0.1754027777777778 0.05532812499999999 0.18331944444444445
6 0.3163125 0.3045555555555556 0.041078125 0.20819444444444446
7 0.0080390625 0.07413888888888889 0.016078125 0.14827777777777779
7 0.221 0.03929166666666666 0.03875 0.07858333333333332
2 0.2898125 0.24866666666666665 0.041140625 0.08204166666666667
5 0.2298359375 0.4279305555555556 0.06290625 0.27919444444444447