5 0.7545078125 0.6608472222222223 0.097484375 0.2411111111111111
5 0.4367109375 0.7745277777777777 0.06609374999999999 0.21218055555555557
6 0.216515625 0.3320138888888889 0.057015625 0.17291666666666666
5 0.930671875 0.5241666666666667 0.0633984375 0.2011527777777778
6 0.5817812499999999 0.7957777777777778 0.0616484375 0.18809722222222222
5 0.3431796875 0.5258194444444444 0.0494609375 0.20402777777777778
5 0.3796484375 0.3904444444444444 0.0433984375 0.1705
5 0.10300781249999999 0.5263888888888889 0.060804687499999996 0.2269861111111111
5 0.2929296875 0.7136527777777778 0.08928125 0.25113888888888886
5 0.6354140625 0.3465 0.0492421875 0.17020833333333332
1 0.71403125 0.6538888888888889 0.018312500000000002 0.03227777777777777