5 0.3274765625 0.6316388888888889 0.06079687499999999 0.2373472222222222
6 0.38790625 0.7769722222222222 0.05434375 0.21556944444444445
5 0.831078125 0.6587500000000001 0.062578125 0.17858333333333334
0 0.251109375 0.21045833333333333 0.046671875 0.1695
5 0.3031328125 0.46593055555555557 0.05452343750000001 0.20131944444444444
5 0.68209375 0.49780555555555556 0.05171875 0.23316666666666666
2 0.2774921875 0.275 0.03053125 0.06304166666666666
5 0.368203125 0.44958333333333333 0.0560703125 0.19930555555555557
7 0.218484375 0.07434722222222222 0.034734375 0.14869444444444443
7 0.0173828125 0.14426388888888889 0.0347578125 0.12519444444444444
5 0.46917187499999996 0.49905555555555553 0.048921875 0.20302777777777778
5 0.3998203125 0.6427916666666667 0.07875 0.15991666666666668
5 0.4260859375 0.5018333333333334 0.047359374999999995 0.22404166666666667
6 0.2086015625 0.374375 0.0375625 0.16452777777777777
1 0.4202109375 0.37261111111111106 0.0151484375 0.023