5 0.5311250000000001 0.6835555555555556 0.0598984375 0.2411111111111111
6 0.468359375 0.7980277777777778 0.06541406250000001 0.17672222222222222
5 0.6873125 0.7697083333333334 0.07065625 0.2487777777777778
5 0.37191406250000003 0.5754583333333333 0.04890625 0.2834305555555555
6 0.7761875 0.33094444444444443 0.0475703125 0.19402777777777777
5 0.48148437499999996 0.4471805555555556 0.06915625 0.21218055555555557
7 0.149875 0.09923611111111111 0.0442265625 0.11070833333333333
0 0.381359375 0.19630555555555557 0.0398671875 0.17002777777777778
2 0.4067265625 0.25825 0.044703124999999996 0.07409722222222223
5 0.43471093749999995 0.4784027777777778 0.041749999999999995 0.11265277777777778
7 0.35128125 0.058125 0.0260859375 0.10476388888888889
5 0.39734375 0.5982500000000001 0.0478203125 0.25351388888888887
5 0.44957812500000005 0.4010833333333333 0.0350859375 0.12995833333333331
5 0.440734375 0.6414027777777778 0.0502109375 0.27275
1 0.40835156250000004 0.206625 0.0182109375 0.034125