6 0.4351484375 0.7525 0.060289062500000004 0.20306944444444447
0 0.35531250000000003 0.1952222222222222 0.0408828125 0.15290277777777778
5 0.593375 0.5620138888888888 0.054398437499999994 0.17219444444444446
5 0.6747421874999999 0.5080555555555556 0.0676484375 0.20001388888888888
5 0.5214453125 0.5846250000000001 0.0600859375 0.16575
5 0.3554140625 0.5926944444444444 0.053390625000000004 0.23383333333333337
5 0.48927343749999996 0.505125 0.061750000000000006 0.21323611111111113
5 0.2706015625 0.7088888888888889 0.0826484375 0.19193055555555555
5 0.30505468750000003 0.5659027777777778 0.049539062499999995 0.2222916666666667
7 0.1453984375 0.11526388888888889 0.044609375 0.09759722222222221
5 0.6198750000000001 0.4134583333333333 0.0524296875 0.15034722222222222
5 0.756515625 0.3458472222222222 0.0694609375 0.16655555555555557
2 0.3765234375 0.25984722222222223 0.025070312500000004 0.058444444444444445
6 0.968515625 0.33725 0.051437500000000004 0.17248611111111112
5 0.36355468750000003 0.44152777777777774 0.05775 0.15605555555555556
7 0.32418749999999996 0.06434722222222222 0.029984375 0.1213611111111111
6 0.33078124999999997 0.311875 0.0332734375 0.1356111111111111
1 0.50609375 0.5672083333333333 0.02 0.034430555555555555