5 0.2636171875 0.6593055555555556 0.06103125 0.2359166666666667
6 0.3974375 0.7225138888888889 0.059265625 0.18599999999999997
0 0.2758359375 0.18270833333333336 0.041484375000000004 0.1530138888888889
5 0.7539296875 0.5553611111111111 0.054906250000000004 0.22408333333333333
5 0.8342499999999999 0.5849722222222222 0.0763125 0.19469444444444445
5 0.42596875 0.35818055555555556 0.043929687499999995 0.16197222222222224
5 0.40082031249999994 0.5860972222222223 0.0677109375 0.20344444444444443
7 0.076078125 0.10615277777777779 0.038015625 0.08597222222222221
5 0.285515625 0.4302916666666667 0.0484921875 0.1787361111111111
6 0.8633046875 0.29766666666666663 0.0350546875 0.16212500000000002
5 0.5422578125 0.4654861111111111 0.05559375 0.22361111111111112
5 0.4534765625 0.2681527777777778 0.04278125 0.15315277777777778
2 0.2994296875 0.23963888888888887 0.0255859375 0.056375
5 0.310109375 0.41734722222222226 0.0531953125 0.1948888888888889
7 0.24771875 0.052208333333333336 0.0217890625 0.10441666666666667
5 0.80625 0.5665694444444445 0.05 0.17756944444444445
1 0.8130625 0.6723333333333333 0.01565625 0.028291666666666666