5 0.5344218749999999 0.6977222222222222 0.06689843749999999 0.24397222222222223
6 0.4692421875 0.798888888888889 0.0626015625 0.175
5 0.71240625 0.7560694444444445 0.0797109375 0.2368888888888889
7 0.14756249999999999 0.09612499999999999 0.0428828125 0.11302777777777777
5 0.784640625 0.3315 0.041140625 0.193
5 0.474984375 0.4361111111111111 0.0619140625 0.179125
5 0.43461718749999995 0.4875 0.0455546875 0.13658333333333333
0 0.3815234375 0.19443055555555558 0.041257812500000005 0.17831944444444442
5 0.37584375 0.5640833333333333 0.0560703125 0.2537361111111111
5 0.4026484375 0.595375 0.05765625 0.25443055555555555
5 0.44249218749999997 0.6116944444444444 0.057851562499999995 0.23144444444444442
7 0.3462890625 0.043222222222222224 0.0275703125 0.08279166666666667
2 0.40903124999999996 0.25630555555555556 0.0383671875 0.07094444444444445
1 0.40598437499999995 0.2095138888888889 0.0158046875 0.03138888888888889
5 0.444453125 0.41134722222222225 0.0373359375 0.13583333333333333