5 0.7939655172413793 0.535 0.04341692789968652 0.17266666666666666
6 0.7019749216300941 0.3654722222222222 0.04432601880877743 0.14744444444444443
5 0.36363636363636365 0.4378611111111111 0.041912225705329154 0.12100000000000001
5 0.7387931034482759 0.5818055555555556 0.07315047021943574 0.1488611111111111
5 0.4668652037617555 0.46891666666666665 0.03407523510971787 0.10152777777777777
5 0.5384169278996865 0.5169166666666667 0.05246081504702194 0.19575
5 0.47358934169278993 0.592 0.04181818181818182 0.20191666666666666
6 0.05603448275862069 0.47191666666666665 0.05942006269592476 0.16291666666666665
5 0.24590909090909088 0.6566111111111111 0.06683385579937304 0.19147222222222224
2 0.7501880877742947 0.29825 0.029733542319749215 0.060250000000000005
7 0.8048902821316614 0.10647222222222222 0.01921630094043887 0.0801111111111111
7 0.8917084639498432 0.21388888888888888 0.02794670846394984 0.04613888888888889
5 0.48847962382445137 0.3831944444444444 0.03979623824451411 0.12386111111111112
5 0.4088401253918495 0.41191666666666665 0.030094043887147336 0.09677777777777778
5 0.42954545454545456 0.3615555555555555 0.0322884012539185 0.10475
1 0.43833855799373045 0.36275 0.009827586206896551 0.020194444444444442
0 0.7557584843941667 0.18357487922705318 0.7945121899277635 0.21181027324879234 0.7931785172754532 0.3139907910628019 0.7499739121916316 0.2761265851449275
6 0.6590909090909091 0.7093333333333334 0.04244514106583072 0.1602222222222222