6 0.15280564263322882 0.25719444444444445 0.059937304075235114 0.18722222222222223
5 0.498307210031348 0.47538888888888886 0.08021943573667711 0.22783333333333333
5 0.1970062695924765 0.4324722222222222 0.057272727272727274 0.2125277777777778
5 0.7927899686520377 0.21713888888888888 0.09810344827586208 0.17822222222222223
5 0.34663009404388717 0.61175 0.10747648902821315 0.23605555555555557
5 0.8452664576802508 0.47350000000000003 0.07025078369905956 0.2032777777777778
5 0.9300626959247649 0.32419444444444445 0.057037617554858935 0.19469444444444445
5 0.49821316614420064 0.24891666666666667 0.0497962382445141 0.11841666666666667
6 0.6376489028213166 0.6488611111111111 0.05195924764890282 0.11494444444444445
5 0.4597335423197492 0.3388888888888889 0.0622884012539185 0.18172222222222223
1 0.4330094043887147 0.7016944444444445 0.019623824451410657 0.033805555555555554