6 0.28033593749999997 0.28670833333333334 0.07228124999999999 0.16944444444444445
5 0.92553125 0.3600833333333333 0.056820312500000004 0.2065972222222222
5 0.65753125 0.5027222222222222 0.08209375 0.2228888888888889
5 0.6325390625 0.326125 0.045453125 0.179375
5 0.9831875 0.66925 0.0336171875 0.2784861111111111
5 0.5653046875000001 0.4648888888888889 0.08201562500000001 0.22152777777777777
0 0.1898203125 0.13630555555555557 0.0566015625 0.14581944444444445
6 0.44661718749999996 0.7549722222222223 0.0662578125 0.22586111111111112
5 0.42982812499999995 0.42563888888888884 0.08675000000000001 0.20990277777777777
5 0.43783593749999994 0.6229166666666667 0.0739453125 0.1870138888888889
2 0.2123125 0.20897222222222223 0.035398437500000005 0.0705
5 0.35628125 0.5349722222222222 0.058320312500000006 0.15205555555555555
1 0.3647265625 0.5961805555555556 0.0171875 0.03179166666666667
5 0.42270312499999996 0.4046666666666667 0.083234375 0.18269444444444444