5 0.6486328125 0.5246666666666666 0.0721875 0.17858333333333334
5 0.34464843749999996 0.6742916666666667 0.061304687499999996 0.20620833333333333
5 0.917640625 0.5301666666666667 0.057796875000000004 0.16809722222222223
0 0.2757421875 0.18526388888888887 0.0413984375 0.1507638888888889
5 0.747171875 0.4760972222222222 0.07523437499999999 0.20223611111111112
5 0.43727343750000003 0.5852222222222222 0.06643750000000001 0.1993611111111111
7 0.07616406249999999 0.10476388888888889 0.0385390625 0.08209722222222222
5 0.37200781250000003 0.36108333333333337 0.0430859375 0.16034722222222222
5 0.24962499999999999 0.4415833333333333 0.049375 0.18670833333333334
6 0.8536718750000001 0.3021388888888889 0.033296875 0.15775
6 0.396203125 0.7231805555555556 0.048390625 0.2017638888888889
5 0.5047734375 0.4404861111111111 0.0630234375 0.20558333333333334
5 0.288140625 0.457 0.051101562499999996 0.20027777777777775
2 0.29903124999999997 0.2419861111111111 0.0268984375 0.060097222222222225
5 0.34962499999999996 0.28906944444444443 0.0411875 0.17124999999999999
1 0.6750546875000001 0.5555277777777778 0.013515625 0.025180555555555553