7 0.89178125 0.1875 0.031820312499999996 0.10338888888888889
7 0.726640625 0.13606944444444444 0.027437499999999997 0.13016666666666665
2 0.6809140625000001 0.2994861111111111 0.030226562499999998 0.05268055555555556
5 0.2755390625 0.5465694444444444 0.063234375 0.17647222222222222
5 0.2857109375 0.6669166666666667 0.065734375 0.21345833333333333
5 0.3477109375 0.6345277777777778 0.056523437499999996 0.17645833333333333
5 0.3840703125 0.352125 0.037234375 0.16722222222222222
5 0.46264843750000006 0.49716666666666665 0.05550000000000001 0.18877777777777777
5 0.45248437499999994 0.3640972222222222 0.042125 0.11091666666666666
6 0.5349921875 0.7701111111111112 0.045671875 0.20072222222222225
5 0.5827578124999999 0.7398055555555555 0.0561484375 0.19256944444444446
5 0.5969921874999999 0.6513611111111112 0.0793984375 0.14531944444444445
5 0.602578125 0.40906944444444443 0.040234375 0.1483888888888889
5 0.5918125 0.2816666666666667 0.0395234375 0.1312361111111111
6 0.7379921875 0.4080972222222222 0.0384765625 0.16494444444444445
6 0.6901041666666667 0.18518518518518523 0.720638699001736 0.22703872492283955 0.7195231119791667 0.32593677662037046 0.6835157606336806 0.27360026041666674
1 0.32429687500000004 0.775263888888889 0.0170078125 0.030055555555555558
3 0.32521875 0.7917083333333333 0.012273437500000001 0.014708333333333334