5 0.612609375 0.7663888888888888 0.0725546875 0.2462916666666667
6 0.466296875 0.7964027777777777 0.06015625 0.19141666666666665
5 0.5214453125 0.6526666666666667 0.0656328125 0.2259722222222222
7 0.1531171875 0.10381944444444445 0.041265625 0.0947638888888889
5 0.3778359375 0.601375 0.062203125000000005 0.24515277777777778
5 0.46060156250000006 0.551125 0.047585937499999995 0.22188888888888889
5 0.5197499999999999 0.4374583333333334 0.0494609375 0.18729166666666666
0 0.3871328125 0.19352777777777777 0.0433359375 0.155875
5 0.7524765625 0.33661111111111114 0.0542265625 0.17345833333333333
5 0.42171875 0.6271666666666667 0.0675546875 0.2557638888888889
2 0.4062734375 0.259125 0.040531250000000005 0.07395833333333333
5 0.46167187500000006 0.4099305555555555 0.0402421875 0.12808333333333333
7 0.35135937500000003 0.05973611111111111 0.0249921875 0.11186111111111112
5 0.4894375 0.4670694444444445 0.047625 0.22301388888888887
1 0.43234374999999997 0.14308333333333334 0.016468749999999997 0.031194444444444445