5 0.22225705329153606 0.4921666666666667 0.06084639498432602 0.2197222222222222
5 0.7843887147335423 0.5558611111111111 0.09335423197492164 0.2261388888888889
6 0.11454545454545455 0.8230555555555555 0.10647335423197493 0.22583333333333333
6 0.24481191222570534 0.29055555555555557 0.04821316614420063 0.18380555555555556
5 0.6571786833855799 0.4547777777777778 0.08440438871473355 0.21444444444444447
5 0.4251880877742946 0.7682777777777777 0.06774294670846395 0.24580555555555555
5 0.9055485893416928 0.59725 0.12133228840125392 0.26363888888888887
8 0.3997492163009404 0.9532222222222223 0.16434169278996863 0.08397222222222223
8 0.10772727272727273 0.9423611111111111 0.170564263322884 0.11255555555555556
1 0.490141065830721 0.62775 0.016677115987460817 0.028444444444444446
5 0.32760188087774295 0.4723333333333333 0.07321316614420063 0.18863888888888888
5 0.37996865203761754 0.3583888888888889 0.05802507836990596 0.21433333333333332
5 0.5815047021943573 0.46697222222222223 0.06909090909090909 0.2286388888888889
5 0.2866614420062696 0.31269444444444444 0.03496865203761755 0.18094444444444444
2 0.7958777429467084 0.2157777777777778 0.04615987460815047 0.06925
0 0.7980633262913999 0.06043365036231884 0.8554911109786016 0.10123697916666667 0.8522115007836992 0.24295176630434784 0.7882617640043614 0.1927743810386473 0.7959683155581301 0.05972599637681157