5 0.3373046875 0.5770972222222223 0.07453125000000001 0.22052777777777777
5 0.8850625000000001 0.6403055555555556 0.0995859375 0.22780555555555557
5 0.17876562499999998 0.5788472222222222 0.059953124999999996 0.2298888888888889
5 0.7047578125 0.4594722222222222 0.0824453125 0.22095833333333334
5 0.22028124999999998 0.5434027777777778 0.05325 0.20381944444444444
6 0.593046875 0.7955972222222223 0.058046875 0.19741666666666666
5 0.6976328125 0.6911666666666666 0.0672265625 0.24441666666666664
5 0.43565624999999997 0.47380555555555554 0.0611328125 0.2189027777777778
5 0.9490078125 0.5065694444444445 0.047632812499999996 0.2308611111111111
5 0.61625 0.6924027777777777 0.058765625 0.25020833333333337
1 0.6793984375 0.45940277777777777 0.016468749999999997 0.02233333333333333
6 0.3513515625 0.3403888888888889 0.0592421875 0.17319444444444446