6 0.251453125 0.7910416666666666 0.0943125 0.1993611111111111
6 0.024875 0.36269444444444443 0.0462734375 0.1574861111111111
5 0.46332031249999994 0.4124027777777778 0.0412265625 0.17356944444444444
5 0.44296875 0.34081944444444445 0.046359375 0.15384722222222222
5 0.2696328125 0.46031944444444445 0.04928125 0.16136111111111112
5 0.21482031250000003 0.5525138888888889 0.0929296875 0.1575
5 0.1918203125 0.511263888888889 0.0556015625 0.18919444444444444
5 0.8269296875000001 0.5982777777777778 0.06879687500000001 0.190375
5 0.857359375 0.47323611111111114 0.0393671875 0.20881944444444445
5 0.9739609375 0.7703888888888888 0.0520859375 0.23830555555555558
5 0.9717421875 0.29891666666666666 0.0547890625 0.16881944444444444
1 0.3121484375 0.5287777777777778 0.0128046875 0.023763888888888886
3 0.3120546875 0.5392777777777777 0.01065625 0.010125