5 0.47576802507836996 0.6375 0.054310344827586204 0.2043888888888889
5 0.28586206896551725 0.5069722222222222 0.04920062695924765 0.1925277777777778
5 0.6037147335423197 0.632 0.050062695924764894 0.17575000000000002
5 0.42899686520376173 0.48291666666666666 0.04092476489028213 0.2062222222222222
5 0.4986050156739812 0.5045555555555555 0.05352664576802508 0.1585
5 0.7279780564263323 0.5791666666666667 0.05029780564263323 0.18241666666666667
5 0.5382601880877743 0.39549999999999996 0.0681974921630094 0.12230555555555556
5 0.3866457680250784 0.6920277777777778 0.055031347962382446 0.176
6 0.7202194357366771 0.3815 0.04246081504702194 0.17055555555555554
6 0.6658934169278996 0.7245833333333334 0.04164576802507837 0.1311388888888889
6 0.05130094043887147 0.48644444444444446 0.04929467084639498 0.16994444444444445
5 0.39128526645768025 0.43244444444444446 0.0424294670846395 0.12633333333333333
2 0.7443573667711598 0.3135277777777778 0.0385423197492163 0.05219444444444444
0 0.749625187406297 0.18840579710144925 0.7904180012266596 0.2174998112922705 0.7876947534755352 0.3248037439613527 0.7423179390418428 0.2882793629227053
7 0.8966927899686521 0.22080555555555553 0.028369905956112856 0.05269444444444444
7 0.7992006269592477 0.09716666666666665 0.01873040752351097 0.08566666666666667
5 0.507257053291536 0.3785833333333333 0.025423197492163006 0.11466666666666667