5 0.6680312500000001 0.48131944444444447 0.0465078125 0.1983888888888889
6 0.3570234375 0.31725 0.0331328125 0.14722222222222223
5 0.36814843750000004 0.5151527777777778 0.05390625 0.20198611111111112
5 0.5327734375000001 0.4473888888888889 0.04721875 0.20997222222222223
6 0.8614921875 0.31683333333333336 0.043140625 0.1585
5 0.7238749999999999 0.4572222222222222 0.055234375 0.17451388888888889
7 0.17189062500000002 0.127125 0.03765625 0.09295833333333334
5 0.4938359375 0.35094444444444445 0.039671875 0.18206944444444445
5 0.5791015625 0.35574999999999996 0.040421875 0.13079166666666667
6 0.47309375 0.7225 0.050484375000000005 0.19906944444444447
0 0.360515625 0.1957361111111111 0.0358203125 0.14077777777777778
5 0.5735234375 0.46444444444444444 0.046406249999999996 0.14294444444444446
5 0.4183671875 0.5068472222222222 0.050164062499999995 0.1902083333333333
7 0.335890625 0.07311111111111111 0.027695312500000003 0.1202361111111111
2 0.383140625 0.24754166666666666 0.0292109375 0.05419444444444445
5 0.571828125 0.2728055555555555 0.02521875 0.1511111111111111
1 0.6650078125000001 0.4769583333333334 0.011539062499999999 0.02301388888888889