5 0.2826171875 0.6604027777777778 0.0713671875 0.22655555555555557
5 0.7448203125 0.5625694444444445 0.0647734375 0.2283888888888889
5 0.40881249999999997 0.3567638888888889 0.045414062500000005 0.15815277777777778
6 0.399 0.7215694444444444 0.05639062500000001 0.19156944444444446
0 0.276125 0.1825 0.040054687500000005 0.143375
5 0.4065546875 0.58225 0.056796875000000004 0.20405555555555555
5 0.859703125 0.5854722222222223 0.0576875 0.18025
5 0.28210156249999996 0.4127638888888889 0.036671875 0.18466666666666667
5 0.820515625 0.5655 0.050546875000000005 0.168375
6 0.8610859375000001 0.29841666666666666 0.035203125 0.1644027777777778
7 0.07746875 0.10688888888888888 0.0338359375 0.08787500000000001
5 0.4377578125 0.266375 0.0388984375 0.1626388888888889
5 0.5326484375 0.4554444444444445 0.052234375 0.21779166666666666
2 0.29903124999999997 0.23802777777777778 0.0243828125 0.052
5 0.3134296875 0.42270833333333335 0.031546875 0.21486111111111109
1 0.8478984374999999 0.5762777777777778 0.0164765625 0.032125
7 0.24895312500000003 0.04531944444444445 0.03540625 0.09065277777777778