0 0.2740546875 0.1820277777777778 0.043984375 0.15168055555555554
5 0.43236718749999997 0.5839722222222222 0.0805078125 0.190375
6 0.3988671875 0.7183611111111111 0.046609374999999995 0.1914861111111111
5 0.33264062499999997 0.6689027777777778 0.07975 0.21066666666666667
5 0.758640625 0.4873611111111111 0.057320312500000005 0.17523611111111112
5 0.3768359375 0.36227777777777775 0.0468203125 0.15530555555555556
6 0.8551953125 0.29627777777777775 0.0312421875 0.15901388888888887
5 0.9136171875000001 0.5306666666666666 0.06 0.17226388888888888
5 0.5041328125 0.4318888888888889 0.0585546875 0.21819444444444444
5 0.6759999999999999 0.5354027777777778 0.093453125 0.17997222222222223
5 0.2578359375 0.43379166666666663 0.0561171875 0.18290277777777778
7 0.075875 0.10297222222222223 0.0357109375 0.07779166666666666
2 0.2983984375 0.24031944444444445 0.024875 0.05416666666666667
5 0.3691640625 0.26966666666666667 0.0352890625 0.14165277777777777
5 0.2916953125 0.4425 0.05142187499999999 0.1949722222222222
6 0.26040625 0.2997222222222222 0.02996875 0.13115277777777778
1 0.7453125 0.5361944444444444 0.0168125 0.02861111111111111
7 0.24572656249999997 0.036375000000000005 0.035484375 0.07276388888888889