5 0.542 0.7732222222222223 0.07372656250000001 0.251
5 0.3568828125 0.6018472222222222 0.0589375 0.24405555555555555
5 0.5163671875 0.6340694444444444 0.053859375 0.21902777777777777
5 0.558296875 0.4384722222222222 0.05334375 0.1847638888888889
5 0.7331015625 0.32605555555555554 0.0560859375 0.1925138888888889
6 0.46221875 0.7932916666666666 0.0610546875 0.1958472222222222
7 0.15578125 0.1097638888888889 0.038492187500000004 0.09137500000000001
2 0.404015625 0.2631805555555556 0.0322578125 0.06704166666666667
5 0.47165625 0.5517361111111111 0.049109375 0.20384722222222224
5 0.41053125 0.6093055555555555 0.060164062500000004 0.24945833333333337
0 0.377578125 0.2053472222222222 0.0452578125 0.16181944444444446
5 0.48415625 0.45061111111111113 0.05496875 0.17095833333333335
5 0.48989062499999997 0.41570833333333335 0.0551640625 0.09836111111111111
7 0.3485 0.06280555555555556 0.0268828125 0.11751388888888889
1 0.45386718750000005 0.13308333333333333 0.0190078125 0.030055555555555558