5 0.27203125 0.6624583333333334 0.0692578125 0.22506944444444446
0 0.27521874999999996 0.18190277777777777 0.043734375 0.15340277777777778
6 0.39715625 0.7224444444444444 0.058773437500000004 0.18929166666666666
5 0.40099999999999997 0.5849722222222222 0.06589062500000001 0.19709722222222223
5 0.751 0.5574722222222223 0.0571328125 0.2264861111111111
5 0.41746875 0.35168055555555555 0.043210937500000005 0.17559722222222224
7 0.0762734375 0.10580555555555557 0.0367578125 0.08416666666666667
2 0.2988359375 0.23927777777777778 0.026046875000000004 0.056819444444444436
5 0.5364687499999999 0.45920833333333333 0.054203125 0.22209722222222222
5 0.8416640624999999 0.5928888888888889 0.07490625 0.18118055555555554
5 0.28552343750000003 0.4290416666666667 0.051125 0.17227777777777778
6 0.862390625 0.2983194444444444 0.0334765625 0.16383333333333333
5 0.4504140625 0.27537500000000004 0.0408515625 0.14525
5 0.3068046875 0.42020833333333335 0.050515624999999995 0.19408333333333336
5 0.8081796875 0.5655 0.052390625 0.1671111111111111
1 0.8203515625 0.6490833333333333 0.0190625 0.030305555555555554
7 0.2463125 0.04579166666666667 0.0301328125 0.09158333333333334