0 0.18814843750000002 0.21895833333333334 0.046890625000000005 0.16405555555555557
5 0.5201171875 0.7065 0.0694140625 0.24106944444444445
2 0.21525781249999998 0.27729166666666666 0.03696875 0.06419444444444444
5 0.8196171874999999 0.6586388888888889 0.047585937499999995 0.197625
5 0.3404921875 0.5457916666666667 0.062179687500000004 0.20787499999999998
7 0.15232812499999998 0.07783333333333334 0.0363046875 0.14883333333333332
6 0.27003125 0.35441666666666666 0.0496640625 0.1612777777777778
5 0.51240625 0.44126388888888884 0.053570312499999995 0.255125
5 0.5772734374999999 0.5029027777777777 0.0605390625 0.2141111111111111
5 0.7967500000000001 0.4835138888888889 0.044210937500000005 0.19330555555555556
5 0.2726484375 0.5114027777777778 0.06209375 0.20877777777777776
6 0.43911718750000006 0.7682638888888889 0.0517109375 0.17423611111111112
5 0.458 0.6433333333333333 0.0521640625 0.2199861111111111
5 0.24909374999999997 0.4827222222222222 0.043 0.1818888888888889
1 0.46439062499999995 0.2369861111111111 0.015187500000000001 0.02838888888888889