0 0.344796875 0.19294444444444442 0.047109374999999995 0.1487638888888889
5 0.231984375 0.6897222222222222 0.07422656250000001 0.2108611111111111
5 0.5431328125 0.5829861111111111 0.0527578125 0.19034722222222225
6 0.429625 0.7379722222222223 0.060625 0.20650000000000002
5 0.356140625 0.5769444444444444 0.051796875 0.2255
5 0.615375 0.5736944444444444 0.05428125 0.21395833333333336
2 0.368953125 0.2549444444444445 0.026976562500000002 0.060361111111111115
5 0.6969609375 0.5330416666666667 0.0662890625 0.20026388888888888
5 0.755625 0.3486666666666667 0.0606171875 0.14147222222222222
7 0.1400234375 0.11819444444444444 0.0358515625 0.08805555555555555
5 0.510296875 0.49459722222222224 0.060171875 0.18740277777777778
5 0.5963125 0.3999861111111111 0.048890625 0.15825
5 0.298296875 0.5474722222222222 0.04959375 0.21486111111111109
5 0.3602109375 0.42525 0.050390625 0.1668611111111111
6 0.958609375 0.3265 0.0497109375 0.16622222222222224
1 0.515140625 0.58975 0.0164609375 0.030250000000000003
7 0.31565625 0.06237499999999999 0.02471875 0.11690277777777779