6 0.39557031249999997 0.8000138888888889 0.0651328125 0.22252777777777777
5 0.3545390625 0.5066388888888889 0.065484375 0.2265833333333333
5 0.385859375 0.6869861111111111 0.0915703125 0.21351388888888886
5 0.41360156249999996 0.4267916666666667 0.049062499999999995 0.19093055555555555
5 0.645515625 0.5001666666666666 0.0799453125 0.21288888888888888
5 0.44557812500000005 0.49801388888888887 0.074 0.19287500000000002
0 0.24969531250000002 0.2019027777777778 0.045265625 0.17206944444444444
5 0.2539296875 0.6452916666666667 0.06553125 0.24384722222222222
5 0.8942265624999999 0.6704583333333334 0.0611328125 0.17404166666666668
2 0.27525 0.2667083333333333 0.0288515625 0.06119444444444445
7 0.21717187500000001 0.06483333333333333 0.03440625 0.12966666666666665
5 0.35221874999999997 0.37919444444444445 0.037515625000000004 0.14083333333333334
5 0.3033671875 0.46723611111111113 0.052359375 0.20752777777777776
1 0.46557031249999997 0.3778611111111111 0.016375 0.033513888888888885
6 0.176296875 0.37590277777777775 0.04578125 0.20129166666666667
7 0.006750000000000001 0.10306944444444444 0.013492187499999999 0.079875