5 0.48215624999999995 0.5806666666666667 0.1072265625 0.2688611111111111
5 0.1910625 0.7605694444444444 0.0845859375 0.2718611111111111
5 0.68984375 0.4824583333333333 0.0674453125 0.23065277777777776
6 0.1081953125 0.9258333333333334 0.06990625 0.14833333333333332
6 0.53028125 0.34852777777777777 0.062890625 0.20220833333333335
7 0.9777421875 0.10390277777777777 0.0445078125 0.11804166666666666
7 0.7508671875 0.03947222222222223 0.0392890625 0.07715277777777778
0 0.7153046875 0.2064861111111111 0.0551640625 0.15536111111111112
5 0.7745 0.5683472222222222 0.10679687499999999 0.23493055555555556
2 0.6876328125 0.2770972222222222 0.051390625 0.0743888888888889
1 0.69771875 0.22884722222222223 0.017078125 0.03195833333333334