6 0.4519921875 0.7793749999999999 0.06546093750000001 0.2099861111111111
5 0.344296875 0.6055694444444444 0.060640625000000004 0.24231944444444445
5 0.6140546875 0.43111111111111106 0.0738515625 0.1643888888888889
7 0.1511015625 0.12056944444444445 0.03965625 0.09352777777777778
5 0.46861718750000003 0.4956527777777778 0.051140624999999995 0.21813888888888888
0 0.36903125000000003 0.20431944444444447 0.0400859375 0.17298611111111112
5 0.7136250000000001 0.3344722222222222 0.042890625 0.16283333333333333
5 0.5463828125 0.47081944444444446 0.0551796875 0.20168055555555556
5 0.5145078125 0.5682638888888889 0.0505 0.22375
2 0.3962578125 0.269 0.0326484375 0.07927777777777778
5 0.412484375 0.7420694444444444 0.09032812500000001 0.21965277777777778
5 0.3902734375 0.6235138888888889 0.07030468749999999 0.2732361111111111
5 0.361875 0.48198611111111106 0.045515625 0.10627777777777778
5 0.5061953124999999 0.45902777777777776 0.0433203125 0.15305555555555556
7 0.34152343749999997 0.04890277777777778 0.0252265625 0.09780555555555556
1 0.494328125 0.2549444444444445 0.0172265625 0.03318055555555555