5 0.2711484375 0.7120833333333334 0.064703125 0.2601388888888889
5 0.4110390625 0.5654305555555555 0.059421875 0.22286111111111112
6 0.2571796875 0.33144444444444443 0.056382812500000004 0.1540138888888889
6 0.58675 0.7850416666666666 0.062382812499999996 0.1933888888888889
5 0.6445000000000001 0.3396666666666667 0.0581171875 0.164125
5 0.9343984375 0.5030694444444445 0.0660390625 0.20154166666666667
5 0.094578125 0.6259722222222222 0.070203125 0.2243611111111111
5 0.43139062499999997 0.7725416666666667 0.05565625 0.22040277777777778
5 0.193234375 0.49250000000000005 0.0562890625 0.172375
5 0.447390625 0.37041666666666667 0.059203125 0.16375
5 0.745109375 0.6527777777777778 0.0874375 0.2341111111111111
1 0.7193515625 0.61025 0.01825 0.031097222222222224