5 0.14324451410658307 0.7465 0.055658307210031344 0.24855555555555556
6 0.786269592476489 0.7457222222222222 0.0657680250783699 0.18880555555555556
2 0.09169278996865204 0.23180555555555557 0.03774294670846395 0.08986111111111111
5 0.5457836990595611 0.4688055555555556 0.09310344827586206 0.22716666666666668
5 0.77576802507837 0.6056388888888888 0.05539184952978057 0.1798611111111111
5 0.6974137931034483 0.6120277777777778 0.08261755485893417 0.23258333333333334
5 0.5291379310344827 0.28675 0.04418495297805643 0.19430555555555556
5 0.4457680250783699 0.4786944444444445 0.06131661442006269 0.22525
5 0.24942006269592476 0.6468333333333334 0.05269592476489028 0.24908333333333335
0 0.05989028213166144 0.16502777777777777 0.04847962382445141 0.1941388888888889
5 0.4403761755485893 0.33052777777777775 0.04178683385579937 0.14847222222222223
6 0.48363636363636364 0.26080555555555557 0.04283699059561128 0.20783333333333331
5 0.24448275862068963 0.2728333333333333 0.05307210031347962 0.21044444444444446
1 0.8190438871473353 0.67275 0.017413793103448275 0.028277777777777777
5 0.13612852664576802 0.37483333333333335 0.04573667711598746 0.23963888888888887