5 0.3360859375 0.6971527777777777 0.05878124999999999 0.24440277777777777
5 0.2118828125 0.5241944444444445 0.0418515625 0.21031944444444445
0 0.2890390625 0.20425000000000001 0.035171875000000005 0.14154166666666665
6 0.4107421875 0.7538333333333334 0.054921874999999995 0.20591666666666666
7 0.07884375 0.13027777777777777 0.0351015625 0.08330555555555555
5 0.656453125 0.41206944444444443 0.0410546875 0.16627777777777777
5 0.40123437500000003 0.5559305555555555 0.0465 0.22406944444444446
5 0.679171875 0.48486111111111113 0.053976562500000005 0.16616666666666666
5 0.9232968749999999 0.5831527777777777 0.05194531249999999 0.1890138888888889
5 0.42103906249999995 0.38572222222222224 0.050890625 0.12676388888888887
5 0.26742187500000003 0.5025555555555555 0.0581171875 0.1856111111111111
5 0.5106171875000001 0.40073611111111107 0.051484375000000006 0.2036388888888889
6 0.869890625 0.3193472222222222 0.035328125 0.15533333333333335
2 0.3120078125 0.25934722222222223 0.028929687500000002 0.05655555555555555
5 0.3949453125 0.3603055555555556 0.0481796875 0.16390277777777779
7 0.2634140625 0.07409722222222223 0.0287421875 0.11540277777777778