5 0.8283828124999999 0.6810694444444445 0.06546093750000001 0.28497222222222224
6 0.5404765625 0.27020833333333333 0.059671875 0.1546111111111111
6 0.97221875 0.9081111111111112 0.0555546875 0.18377777777777776
5 0.300421875 0.6198333333333333 0.06959375 0.22637500000000002
5 0.4248046875 0.5907916666666667 0.04796875 0.17850000000000002
5 0.387828125 0.6130555555555556 0.0968359375 0.20908333333333332
5 0.339015625 0.4456944444444444 0.0841171875 0.1753472222222222
5 0.28385937499999997 0.39216666666666666 0.09894531250000001 0.18558333333333335
5 0.7666953125 0.42036111111111113 0.0725078125 0.1895
2 0.1694453125 0.23979166666666668 0.038546875 0.06908333333333333
7 0.10882031249999999 0.03925 0.038820312499999995 0.0785
0 0.11631944444444446 0.1373456790123458 0.16306559244791669 0.08800516010802469 0.16788397894965282 0.21040702160493832 0.12443033854166671 0.26220703125000006
5 0.5844296875 0.4418611111111111 0.07940625 0.19855555555555557
5 0.6211562500000001 0.3574861111111111 0.0424140625 0.18719444444444444
1 0.48 0.6585 0.0167734375 0.03334722222222222
3 0.48023437500000005 0.6748333333333333 0.011960937500000001 0.008888888888888889