5 0.25129687500000003 0.7346805555555556 0.0701796875 0.24870833333333334
6 0.6294765625000001 0.7752499999999999 0.060187500000000005 0.1978472222222222
5 0.679015625 0.6349444444444445 0.053390625000000004 0.24394444444444444
5 0.4375859375 0.5703472222222222 0.0694453125 0.2500833333333333
5 0.54234375 0.5209583333333333 0.066765625 0.2476388888888889
5 0.8213046875 0.5079861111111111 0.0724921875 0.21120833333333333
5 0.6429609375 0.4583055555555556 0.051726562499999997 0.2029722222222222
6 0.052453125 0.34965277777777776 0.055898437499999995 0.18993055555555555
5 0.3960859375 0.5102638888888889 0.061828125 0.24288888888888888
5 0.49371875000000004 0.7074722222222222 0.06448437500000001 0.27708333333333335
5 0.014296875 0.44583333333333336 0.02759375 0.20240277777777776
5 0.5655234375 0.36037500000000006 0.044390625 0.15256944444444442