5 0.920484375 0.5191527777777778 0.0576171875 0.1512222222222222
5 0.347296875 0.6774027777777778 0.057085937499999996 0.21480555555555556
5 0.43665624999999997 0.5825277777777778 0.06346874999999999 0.20447222222222222
5 0.6445000000000001 0.5233055555555555 0.069765625 0.17559722222222224
5 0.7436640625 0.48701388888888886 0.0614765625 0.14281944444444444
5 0.24778906250000002 0.44112500000000004 0.047031250000000004 0.1807361111111111
5 0.36991406250000003 0.3649027777777778 0.0419375 0.15311111111111111
7 0.0749453125 0.10533333333333333 0.038109375 0.08311111111111112
0 0.2774921875 0.18661111111111112 0.04 0.15109722222222224
6 0.8538828125 0.3032777777777778 0.031296875 0.15429166666666666
6 0.399125 0.7231944444444445 0.0479609375 0.1981388888888889
5 0.2838828125 0.4524583333333333 0.05575 0.20783333333333331
2 0.2994140625 0.24302777777777776 0.027828125 0.06061111111111111
5 0.502875 0.4318472222222222 0.052414062500000004 0.16990277777777776
5 0.344625 0.29733333333333334 0.035625000000000004 0.15851388888888887
1 0.6656015625 0.5595972222222223 0.013507812499999999 0.025972222222222223
5 0.50809375 0.3910972222222222 0.04940625 0.10640277777777778
7 0.2544921875 0.07061111111111111 0.0243828125 0.102625
7 0.25992187499999997 0.08915277777777778 0.026023437500000003 0.08704166666666667