0 0.47478056426332294 0.13775 0.36509404388714733 0.27547222222222223
5 0.24050156739811912 0.7238333333333333 0.13150470219435736 0.5460833333333334
0 0.7863793103448276 0.8226944444444445 0.06211598746081505 0.06988888888888889
4 0.48181818181818176 0.2574722222222222 0.10547021943573669 0.15158333333333335
2 0.7865830721003134 0.8470555555555556 0.01938871473354232 0.027444444444444445
7 0.7858150470219436 0.7479444444444444 0.026034482758620688 0.041777777777777775
5 0.40468652037617553 0.7620833333333334 0.18379310344827587 0.4758333333333334
1 0.453103448275862 0.26330555555555557 0.04891849529780564 0.07736111111111112
5 0.9654545454545456 0.7844166666666667 0.06910658307210032 0.43116666666666664
5 0.5683855799373041 0.7868333333333333 0.09274294670846395 0.4263333333333333
5 0.6620689655172414 0.7469722222222223 0.1288244514106583 0.5060277777777777