5 0.6769296875 0.6674166666666667 0.053515625 0.23297222222222225
6 0.44743750000000004 0.7524444444444445 0.045921875 0.19316666666666668
6 0.067953125 0.2865972222222222 0.036953124999999996 0.16269444444444445
5 0.14617968750000002 0.623875 0.06665625 0.22306944444444446
5 0.21042968750000002 0.43276388888888884 0.0406484375 0.15872222222222224
5 0.158484375 0.3667638888888889 0.052828125000000004 0.165625
5 0.31821875 0.3399027777777778 0.061781249999999996 0.17204166666666668
5 0.3461796875 0.29355555555555557 0.0638828125 0.1673611111111111
5 0.2925859375 0.2774861111111111 0.041757812500000005 0.14447222222222222
5 0.5368515625 0.4506527777777778 0.04765625 0.19759722222222223
5 0.60371875 0.5387638888888889 0.03903125 0.20408333333333334
5 0.5578203125 0.4855555555555556 0.05834375000000001 0.18629166666666666
2 0.5775703125 0.24393055555555554 0.030148437500000003 0.058861111111111114
7 0.7983125 0.11491666666666665 0.0358515625 0.10020833333333334
7 0.6279375 0.08125 0.023234374999999998 0.1131111111111111
0 0.5859375 0.1157407407407408 0.6194254557291667 0.15663580246913583 0.6189473470052084 0.26063368055555564 0.5823194715711806 0.21140769675925933
1 0.2526953125 0.3436666666666667 0.011796875 0.022041666666666664
3 0.252546875 0.3528888888888889 0.0086171875 0.007402777777777778