5 0.7366484375 0.6661111111111111 0.0694609375 0.24404166666666668
5 0.30575 0.708375 0.10888281250000001 0.23647222222222222
6 0.5839218749999999 0.7923333333333333 0.08988281249999999 0.20213888888888887
5 0.9211484375 0.5443888888888888 0.0606484375 0.21533333333333332
5 0.454203125 0.7714166666666666 0.1026953125 0.2346388888888889
5 0.288 0.5191666666666667 0.058484375 0.19463888888888886
5 0.3302734375 0.38780555555555557 0.060390624999999996 0.1815138888888889
5 0.034648437500000004 0.5449999999999999 0.0651484375 0.2395
1 0.6987421875 0.63975 0.0191484375 0.030180555555555558
5 0.629171875 0.3421111111111111 0.07546875 0.1749861111111111
6 0.1829375 0.34752777777777777 0.061554687500000003 0.15556944444444445