5 0.6347021943573667 0.37125 0.03172413793103448 0.16375
5 0.4894043887147336 0.38680555555555557 0.03841692789968652 0.16852777777777778
5 0.5343730407523511 0.47025 0.03523510971786834 0.19349999999999998
5 0.39031347962382446 0.34397222222222223 0.03326018808777429 0.17152777777777778
5 0.33304075235109715 0.4840277777777778 0.04804075235109718 0.1995833333333333
0 0.7476959247648902 0.20413888888888887 0.03746081504702194 0.12741666666666665
5 0.6638871473354232 0.39144444444444443 0.033495297805642636 0.18766666666666668
6 0.44048589341692784 0.30144444444444446 0.03926332288401254 0.13999999999999999
7 0.7741222570532915 0.08069444444444444 0.02669278996865204 0.12355555555555554
5 0.35172413793103446 0.6396388888888889 0.047021943573667714 0.15775
5 0.442539184952978 0.6072222222222222 0.052946708463949846 0.19825
6 0.9533542319749216 0.5360555555555555 0.037899686520376175 0.19016666666666665
7 0.911614420062696 0.18133333333333335 0.027288401253918494 0.07675
5 0.4244514106583072 0.5381111111111111 0.03575235109717868 0.09225
5 0.38951410658307206 0.6005277777777778 0.053620689655172415 0.1678888888888889
6 0.1715360501567398 0.6756666666666666 0.04023510971786834 0.20152777777777778
2 0.7258150470219435 0.25269444444444444 0.03415360501567398 0.05369444444444444