5 0.5355624999999999 0.5771388888888889 0.094046875 0.24868055555555557
0 0.6704140625 0.21106944444444445 0.062484375 0.1900416666666667
6 0.5566875 0.3577361111111111 0.059710937500000005 0.19605555555555554
5 0.22615625 0.755 0.136109375 0.26584722222222223
6 0.1686328125 0.9354166666666667 0.0673046875 0.1234861111111111
7 0.9486796875 0.09329166666666668 0.048320312500000004 0.1275
7 0.704046875 0.04101388888888889 0.0375703125 0.0801388888888889
2 0.6383125 0.2855 0.052140624999999996 0.086125
1 0.60225 0.2909861111111111 0.0191328125 0.03652777777777778
5 0.69628125 0.47630555555555554 0.072953125 0.227875
5 0.8082578125 0.5553055555555555 0.1257578125 0.1358611111111111
5 0.815078125 0.5533472222222222 0.0776015625 0.26579166666666665