6 0.3382421875 0.34395833333333337 0.060484375 0.1760138888888889
5 0.8717812500000001 0.6600833333333334 0.0698828125 0.2037638888888889
5 0.6309765625 0.7035833333333333 0.0726953125 0.2509166666666667
5 0.6487499999999999 0.47594444444444445 0.06233593750000001 0.24041666666666667
5 0.5055859375 0.49916666666666665 0.0511484375 0.19080555555555556
6 0.5139218750000001 0.7763055555555556 0.057296875000000004 0.19166666666666668
0 0.10020312499999999 0.20947222222222223 0.0478828125 0.16866666666666666
5 0.3520859375 0.566875 0.065140625 0.23074999999999998
5 0.8934140625 0.5000833333333333 0.053234375 0.20654166666666668
5 0.546765625 0.6493472222222222 0.055398437499999995 0.18566666666666667
2 0.12601562500000002 0.2746388888888889 0.0332890625 0.06191666666666666
5 0.26215625 0.5253055555555556 0.06986718750000001 0.19620833333333335
7 0.0683828125 0.06931944444444443 0.0351796875 0.1301388888888889
5 0.23607031250000002 0.5222777777777778 0.059429687499999995 0.20402777777777778
1 0.63 0.36243055555555553 0.014695312499999998 0.027638888888888886