5 0.1901171875 0.6614166666666667 0.0730234375 0.21256944444444445
5 0.3551796875 0.5728333333333333 0.06414062499999999 0.2167777777777778
5 0.751 0.5864305555555556 0.06878125 0.2097361111111111
5 0.6213437500000001 0.6388055555555555 0.059812500000000005 0.2015833333333333
6 0.41568750000000004 0.7209861111111111 0.058796875000000005 0.19068055555555555
5 0.25651562499999997 0.4810416666666667 0.044914062500000004 0.18856944444444446
7 0.10286718749999998 0.11105555555555555 0.0376953125 0.08812500000000001
0 0.30479687499999997 0.18659722222222222 0.034328125 0.15088888888888888
6 0.90315625 0.3062083333333333 0.0380078125 0.16016666666666665
5 0.696734375 0.6278472222222222 0.053914062500000005 0.19568055555555552
5 0.32801562500000003 0.4394166666666667 0.046554687500000004 0.1797777777777778
2 0.3277734375 0.2431388888888889 0.025359375 0.06055555555555556
5 0.5344140625 0.5004305555555556 0.0576171875 0.21312499999999998
5 0.6305703125 0.27608333333333335 0.053593749999999996 0.16377777777777777
5 0.49894531249999996 0.3546388888888889 0.0397421875 0.13251388888888888
1 0.5921640625 0.6975138888888889 0.016398437499999998 0.028749999999999998
7 0.274890625 0.049916666666666665 0.02790625 0.09983333333333333