5 0.669234375 0.5328055555555555 0.100265625 0.18806944444444443
6 0.39851562500000004 0.7180972222222222 0.0467265625 0.19031944444444446
0 0.274609375 0.18334722222222222 0.0430390625 0.15288888888888888
5 0.43459375 0.5861111111111111 0.0772265625 0.1934861111111111
5 0.3385625 0.673 0.0663046875 0.2016111111111111
5 0.754609375 0.4839305555555556 0.054859375 0.1743888888888889
5 0.9153359375000001 0.5315833333333333 0.0631796875 0.16816666666666666
5 0.37496874999999996 0.36390277777777774 0.049093750000000005 0.15345833333333334
5 0.500796875 0.4410833333333333 0.057937499999999996 0.21370833333333333
6 0.8549374999999999 0.29665277777777777 0.0313046875 0.15820833333333334
7 0.07615625000000001 0.10322222222222222 0.0355859375 0.0775138888888889
5 0.255625 0.4398611111111111 0.058437499999999996 0.18315277777777778
2 0.29867187500000003 0.241125 0.0249921875 0.05388888888888888
5 0.2935234375 0.4439166666666667 0.0472578125 0.19769444444444445
5 0.368015625 0.2625138888888889 0.0375390625 0.13302777777777777
1 0.7198515624999999 0.5453333333333333 0.0157890625 0.033305555555555554
6 0.2593203125 0.29920833333333335 0.030140624999999997 0.13572222222222222
7 0.25117968749999997 0.06673611111111111 0.0231015625 0.10554166666666666