0 0.2130859375 0.22165277777777778 0.0445859375 0.16258333333333333
5 0.8042031250000001 0.6629583333333333 0.0589375 0.1958472222222222
2 0.24453125 0.27968055555555554 0.033421875000000004 0.0626111111111111
5 0.48040625 0.7025277777777778 0.08577343750000001 0.24063888888888887
5 0.3485859375 0.5140694444444445 0.045515625 0.26687500000000003
5 0.752984375 0.515875 0.0590234375 0.24241666666666667
7 0.18750781249999998 0.08113888888888889 0.0346171875 0.1613888888888889
5 0.53575 0.520625 0.051796875 0.23013888888888887
5 0.3117421875 0.4735555555555555 0.06541406250000001 0.2168611111111111
6 0.414625 0.7767083333333333 0.05532812499999999 0.18470833333333334
5 0.41540625000000003 0.6381388888888888 0.0518046875 0.19749999999999998
6 0.252703125 0.3700277777777778 0.0472890625 0.179375
5 0.2594765625 0.48666666666666664 0.06059375 0.1905
5 0.507328125 0.5002777777777777 0.016593749999999997 0.19498611111111108
1 0.40215625 0.26840277777777777 0.0173828125 0.02672222222222222