5 0.5720859375 0.33168055555555553 0.08219531249999999 0.1677361111111111
5 0.122265625 0.3849305555555555 0.0748359375 0.2217222222222222
5 0.7462265625 0.6446805555555556 0.08953124999999999 0.24268055555555554
5 0.421375 0.7514166666666666 0.10201562500000001 0.24634722222222222
5 0.920296875 0.5458333333333333 0.074765625 0.20273611111111112
6 0.519796875 0.7940694444444445 0.092859375 0.18220833333333333
2 0.953078125 0.24695833333333334 0.0434140625 0.057972222222222224
1 0.6530546875 0.7262083333333333 0.0182421875 0.035444444444444445
5 0.028515625 0.4904305555555556 0.05703125 0.18241666666666667
6 0.0177890625 0.34956944444444443 0.0355859375 0.14018055555555556
5 0.25456249999999997 0.7032916666666666 0.12315625 0.24875
0 0.9763359375 0.1855 0.047328125 0.14830555555555555