5 0.43641065830721004 0.4658333333333333 0.028181818181818183 0.11402777777777777
5 0.6195141065830722 0.5215833333333334 0.025799373040752353 0.11608333333333333
5 0.5818652037617555 0.48874999999999996 0.02877742946708464 0.10605555555555556
5 0.6531504702194357 0.5048333333333334 0.02669278996865204 0.10733333333333334
5 0.5225078369905957 0.47736111111111107 0.03347962382445141 0.1083611111111111
5 0.31224137931034485 0.6193055555555556 0.024373040752351097 0.09866666666666668
5 0.6655956112852665 0.43947222222222226 0.02177115987460815 0.10441666666666667
5 0.703730407523511 0.4623888888888889 0.0235423197492163 0.10566666666666666
6 0.4890282131661442 0.3730833333333333 0.02702194357366771 0.11488888888888889
6 0.8117084639498433 0.5618888888888889 0.027382445141065827 0.08272222222222222
5 0.3905172413793104 0.5802499999999999 0.036849529780564265 0.10255555555555557
6 0.4253134796238245 0.6062777777777778 0.046489028213166146 0.09419444444444444
5 0.594576802507837 0.46013888888888893 0.026551724137931037 0.09180555555555554
7 0.8327899686520377 0.32933333333333337 0.01913793103448276 0.03788888888888889
2 0.692398119122257 0.3715277777777778 0.0204858934169279 0.04016666666666667
0 0.7026032438326292 0.2910628019323672 0.7167252666280497 0.31774607487922707 0.7148698378083687 0.3868366923309179 0.6972206368406706 0.351463428442029