5 0.8391562499999999 0.7036388888888889 0.0934453125 0.24975
5 0.5765078124999999 0.5116805555555556 0.08940624999999999 0.22759722222222223
6 0.4490234375 0.7882083333333333 0.0657578125 0.18608333333333332
5 0.38963281250000004 0.49298611111111107 0.0680625 0.23526388888888888
7 0.07368749999999999 0.05991666666666667 0.047671875 0.10711111111111112
5 0.42721875000000004 0.6388194444444444 0.0677421875 0.2759861111111111
5 0.9208281250000001 0.33137500000000003 0.050796875 0.21466666666666667
0 0.32322656250000004 0.14529166666666665 0.0471875 0.16547222222222221
5 0.4888203125 0.5196111111111111 0.06834375000000001 0.2730416666666667
5 0.56425 0.36559722222222224 0.059414062499999996 0.16752777777777778
5 0.412484375 0.3863611111111111 0.05695312500000001 0.13175
2 0.3513203125 0.21819444444444444 0.0342421875 0.06719444444444445
5 0.42679687499999996 0.4741388888888889 0.04965625 0.12370833333333332