5 0.44378124999999996 0.6853611111111111 0.06465625 0.2567361111111111
0 0.6589609375000001 0.19798611111111114 0.050460937500000004 0.1674027777777778
6 0.5588359374999999 0.8478611111111112 0.0585234375 0.23447222222222222
5 0.5882578125 0.6540277777777778 0.0541875 0.2598611111111111
7 0.9142734375 0.10141666666666665 0.046953125 0.14309722222222224
5 0.501203125 0.5705972222222222 0.0569921875 0.2862777777777778
6 0.6555234375000001 0.3529722222222222 0.0406640625 0.16911111111111113
2 0.631046875 0.26944444444444443 0.0379453125 0.08015277777777778
5 0.4489140625 0.5370972222222222 0.059367187499999995 0.19065277777777778
5 0.62978125 0.48301388888888885 0.04040625 0.19422222222222224
7 0.687125 0.059180555555555556 0.0377265625 0.11836111111111111
5 0.5610859375 0.4428472222222223 0.062078125 0.18493055555555557
5 0.09764843749999999 0.8674444444444444 0.1267890625 0.259
5 0.57375 0.4953888888888889 0.0523359375 0.14227777777777778
5 0.0999609375 0.7968194444444445 0.0891328125 0.24009722222222224