5 0.5018984375 0.6092222222222222 0.0891484375 0.26345833333333335
5 0.8306250000000001 0.5772361111111112 0.0681796875 0.271125
5 0.9465 0.7465277777777778 0.0848125 0.33502777777777776
5 0.40845312500000003 0.4787361111111111 0.062375 0.24925
5 0.642875 0.36606944444444445 0.0803671875 0.20519444444444446
5 0.272921875 0.4638055555555555 0.05290625 0.26345833333333335
5 0.3026484375 0.599375 0.063203125 0.27647222222222223
6 0.313296875 0.3006111111111111 0.047953125 0.20155555555555557
6 0.5445156250000001 0.82825 0.05965625 0.12734722222222222
5 0.954484375 0.43383333333333335 0.051976562500000004 0.2487777777777778
0 0.2616484375 0.18045833333333333 0.043765625 0.15368055555555557
2 0.2902265625 0.2546111111111111 0.038546875 0.080625
7 0.2241328125 0.04819444444444445 0.0333046875 0.09640277777777777
7 0.007062499999999999 0.07669444444444444 0.014124999999999999 0.15338888888888888
5 0.42260156249999997 0.44583333333333336 0.0474296875 0.25113888888888886