5 0.11595611285266458 0.5748333333333333 0.07741379310344827 0.2283611111111111
5 0.396269592476489 0.3385277777777778 0.036128526645768023 0.2128611111111111
0 0.18565830721003135 0.12738888888888888 0.042194357366771164 0.16852777777777778
5 0.2351880877742947 0.3491388888888889 0.05054858934169279 0.19258333333333333
5 0.5711128526645768 0.38255555555555554 0.05874608150470219 0.21069444444444443
2 0.21152037617554856 0.20027777777777775 0.03598746081504702 0.07505555555555556
5 0.7051253918495298 0.6152777777777778 0.07109717868338558 0.21394444444444444
6 0.651551724137931 0.7121111111111111 0.054905956112852664 0.2276111111111111
5 0.2596551724137931 0.28225 0.03882445141065831 0.19694444444444445
5 0.4676018808777429 0.27208333333333334 0.03699059561128527 0.19966666666666666
5 0.6970062695924765 0.32661111111111113 0.039514106583072105 0.20080555555555557
5 0.6468808777429467 0.5906944444444444 0.05887147335423198 0.14602777777777778
5 0.028620689655172418 0.6211944444444444 0.057241379310344835 0.23755555555555555
6 0.5541849529780564 0.26216666666666666 0.03843260188087774 0.1765