5 0.7644200626959248 0.5282222222222223 0.04247648902821317 0.16111111111111112
5 0.3676802507836991 0.4616666666666666 0.03890282131661442 0.16805555555555557
5 0.65641065830721 0.64125 0.04772727272727273 0.1822222222222222
5 0.47239811912225704 0.5171666666666667 0.06501567398119122 0.15613888888888888
6 0.2905799373040752 0.7197222222222223 0.05026645768025079 0.14830555555555555
5 0.6155172413793103 0.6246388888888889 0.0411128526645768 0.1938888888888889
5 0.44003134796238247 0.44225000000000003 0.049545454545454545 0.11294444444444443
5 0.5763949843260189 0.58225 0.061880877742946705 0.19358333333333333
5 0.306833855799373 0.5791111111111111 0.04394984326018809 0.17077777777777778
5 0.21152037617554856 0.6330833333333333 0.059326018808777435 0.1971388888888889
1 0.33902821316614423 0.4245555555555556 0.01365203761755486 0.021305555555555557
5 0.8648746081504701 0.5693611111111111 0.03725705329153605 0.2046388888888889
7 0.8464420062695924 0.11686111111111111 0.02462382445141066 0.05013888888888889
7 0.7163322884012538 0.058833333333333335 0.023369905956112852 0.07902777777777778
2 0.6728369905956113 0.25027777777777777 0.02979623824451411 0.058861111111111114
0 0.6739811912225706 0.1352657004830918 0.7102033145359139 0.16320859752415467 0.7113879139975469 0.2658514492753624 0.672136410487938 0.2275154740338165