5 0.5061755485893417 0.6281666666666667 0.047241379310344826 0.21991666666666668
6 0.2639341692789968 0.6397222222222223 0.049905956112852666 0.23941666666666667
5 0.5950156739811913 0.6116388888888888 0.04706896551724138 0.22825
5 0.6187304075235109 0.49241666666666667 0.041990595611285264 0.16849999999999998
7 0.3917868338557994 0.1413888888888889 0.03098746081504702 0.1466111111111111
7 0.23282131661442004 0.2601111111111111 0.039655172413793106 0.08377777777777778
0 0.4226802507836991 0.2871944444444444 0.04045454545454545 0.14652777777777778
5 0.3507210031347962 0.5291111111111111 0.036332288401253916 0.19575
5 0.580564263322884 0.45422222222222225 0.036771159874608154 0.15838888888888888
3 0.7720376175548589 0.8896944444444445 0.04489028213166144 0.22058333333333333
8 0.44852664576802515 0.75775 0.03620689655172414 0.05586111111111111
8 0.4550313479623824 0.3910277777777778 0.03909090909090909 0.14647222222222223
2 0.44501567398119124 0.34880555555555554 0.03547021943573667 0.06233333333333334