5 0.35877742946708463 0.5768888888888889 0.10081504702194356 0.28430555555555553
5 0.6141849529780564 0.5948333333333333 0.09506269592476489 0.2818888888888889
5 0.25609717868338555 0.5316388888888889 0.07498432601880878 0.27830555555555553
5 0.35213166144200625 0.35574999999999996 0.05612852664576803 0.15830555555555556
5 0.8027586206896551 0.5051944444444445 0.13551724137931034 0.23772222222222222
5 0.046739811912225704 0.33841666666666664 0.05307210031347962 0.1786111111111111
7 0.9295611285266456 0.05102777777777778 0.05641065830721004 0.087
6 0.8389655172413792 0.7414444444444445 0.05775862068965518 0.18605555555555556
5 0.41358934169279 0.2590555555555556 0.05606583072100314 0.17333333333333334
6 0.5005015673981191 0.24177777777777779 0.044200626959247646 0.18405555555555558
1 0.8513793103448275 0.4300277777777778 0.02293103448275862 0.03872222222222222