5 0.290921875 0.6586666666666667 0.060046875 0.221875
5 0.740671875 0.5597361111111111 0.060265625 0.22102777777777777
5 0.4067578125 0.35593055555555553 0.049578125 0.15938888888888889
5 0.4088828125 0.5801666666666667 0.058484375 0.19398611111111108
6 0.3990078125 0.7199861111111111 0.0521640625 0.19129166666666667
0 0.276125 0.1831111111111111 0.038828125000000005 0.14118055555555556
5 0.31128125 0.42643055555555553 0.0381953125 0.20544444444444443
6 0.8606406249999999 0.29812500000000003 0.037851562500000005 0.16455555555555557
5 0.8213671874999999 0.556125 0.05225 0.1664027777777778
7 0.0779140625 0.10679166666666667 0.0339296875 0.08768055555555555
5 0.8647656250000001 0.5796111111111111 0.056265625 0.18919444444444444
2 0.2993984375 0.2381111111111111 0.0244296875 0.05386111111111111
5 0.5253359375 0.46411111111111114 0.054984374999999995 0.2109166666666667
5 0.2807265625 0.4219166666666666 0.040109375 0.1882777777777778
1 0.865359375 0.5625555555555556 0.0189609375 0.03370833333333333
7 0.2484453125 0.04766666666666667 0.035953125 0.09533333333333334