0 0.7513479623824452 0.21305555555555555 0.03183385579937304 0.12000000000000001
5 0.499858934169279 0.4613333333333334 0.05968652037617555 0.16944444444444445
5 0.30678683385579936 0.4971944444444445 0.042931034482758625 0.1636388888888889
5 0.42468652037617555 0.5439166666666667 0.05003134796238245 0.18505555555555556
5 0.6829467084639499 0.39602777777777776 0.02675548589341693 0.17791666666666667
5 0.5186833855799373 0.3832777777777778 0.03567398119122257 0.1585
5 0.6490282131661442 0.3656388888888889 0.030673981191222572 0.16677777777777777
5 0.5549216300940439 0.6317222222222222 0.041739811912225706 0.1653888888888889
5 0.46244514106583073 0.32372222222222224 0.04415360501567398 0.14675
5 0.3579780564263323 0.5176388888888889 0.05692789968652038 0.15527777777777776
7 0.7826489028213166 0.08488888888888889 0.02525078369905956 0.13130555555555556
6 0.1854858934169279 0.6633611111111111 0.04263322884012539 0.17544444444444443
6 0.9579310344827586 0.5321944444444444 0.038495297805642634 0.1818611111111111
8 0.3158307210031348 0.31036111111111114 0.04216300940438871 0.14605555555555555
7 0.9222413793103448 0.19230555555555556 0.02898119122257053 0.07747222222222222
5 0.36231974921630095 0.45761111111111114 0.029733542319749215 0.09669444444444444
2 0.7352194357366771 0.26202777777777775 0.028166144200626957 0.05591666666666666
8 0.6012852664576802 0.3075 0.029592476489028213 0.10661111111111111