5 0.517140625 0.6364305555555556 0.0537109375 0.2088611111111111
5 0.556046875 0.4376805555555556 0.049789062499999995 0.1888611111111111
5 0.73475 0.32895833333333335 0.057414062499999995 0.18924999999999997
5 0.357796875 0.6048749999999999 0.058078125 0.2394027777777778
5 0.5500390625 0.7710277777777778 0.0638828125 0.24843055555555557
7 0.1545859375 0.11395833333333333 0.0353203125 0.09881944444444445
2 0.4020234375 0.267625 0.027484375 0.06141666666666667
5 0.4690078125 0.5463888888888888 0.0520390625 0.21258333333333335
6 0.46403906250000004 0.7924722222222222 0.053890625000000004 0.19468055555555555
5 0.48321875 0.45025 0.058125 0.17802777777777778
5 0.41085937499999997 0.6075277777777778 0.059812500000000005 0.2405972222222222
0 0.381953125 0.19855555555555557 0.0366953125 0.1490138888888889
7 0.3499609375 0.052611111111111115 0.028046875 0.10520833333333333
1 0.454578125 0.13345833333333335 0.0167265625 0.030125000000000002