5 0.7618808777429467 0.4431944444444445 0.04349529780564263 0.19563888888888892
5 0.3920062695924765 0.41447222222222224 0.030078369905956116 0.14430555555555558
5 0.43332288401253916 0.5158888888888888 0.040783699059561127 0.20838888888888887
6 0.8357523510971787 0.3509722222222222 0.03482758620689655 0.17116666666666666
5 0.5867868338557993 0.46761111111111114 0.032836990595611286 0.1527777777777778
5 0.4476175548589341 0.6745555555555556 0.05183385579937304 0.18305555555555558
0 0.33744514106583073 0.21713888888888888 0.03738244514106583 0.12788888888888889
5 0.3569278996865204 0.3650555555555555 0.033354231974921635 0.162
5 0.6009247648902821 0.6510277777777778 0.052272727272727276 0.2068888888888889
5 0.6094984326018809 0.4077222222222222 0.03435736677115988 0.17652777777777778
5 0.48600313479623825 0.4063333333333333 0.04498432601880878 0.15819444444444444
5 0.5358463949843261 0.6180555555555556 0.053166144200626965 0.15
5 0.6567868338557993 0.33313888888888893 0.04647335423197492 0.16452777777777777
8 0.36275862068965514 0.6706944444444444 0.041739811912225706 0.14469444444444446
2 0.35510971786833856 0.26608333333333334 0.026003134796238243 0.04908333333333334
7 0.16783699059561127 0.18833333333333332 0.027648902821316615 0.053
7 0.3065047021943574 0.07683333333333334 0.026927899686520377 0.08119444444444444