0 0.16836990595611284 0.3081111111111111 0.07694357366771161 0.18219444444444446
5 0.5118025078369906 0.6957222222222222 0.0747962382445141 0.24808333333333335
5 0.8109090909090909 0.5520555555555556 0.10059561128526646 0.22261111111111112
5 0.3822100313479624 0.5803333333333333 0.065282131661442 0.15361111111111111
5 0.214858934169279 0.6929722222222222 0.07691222570532916 0.24741666666666665
2 0.2077899686520376 0.3893611111111111 0.058840125391849525 0.11411111111111111
5 0.40037617554858934 0.7159444444444445 0.07296238244514106 0.2163888888888889
6 0.8314263322884013 0.9323333333333333 0.11329153605015674 0.13219444444444445
8 0.906473354231975 0.4615833333333333 0.08371473354231974 0.2189722222222222
5 0.4799843260188088 0.5581111111111111 0.057931034482758624 0.2380833333333333
6 0.6156739811912226 0.43494444444444447 0.06517241379310344 0.26119444444444445
5 0.1629153605015674 0.7173333333333334 0.06669278996865204 0.2003888888888889
5 0.3465987460815047 0.7134722222222223 0.05942006269592476 0.19616666666666668