5 0.7703134796238245 0.5162777777777778 0.05760188087774295 0.1983611111111111
5 0.498307210031348 0.6876111111111111 0.07467084639498432 0.20991666666666664
2 0.3287931034482759 0.26841666666666664 0.036253918495297806 0.07072222222222223
5 0.591128526645768 0.520611111111111 0.07394984326018808 0.21444444444444447
5 0.36711598746081503 0.49025 0.050438871473354234 0.16497222222222221
7 0.16159874608150468 0.15577777777777777 0.04081504702194357 0.08725
5 0.23391849529780565 0.676 0.060438871473354236 0.17569444444444443
5 0.5482915360501568 0.42216666666666663 0.05247648902821316 0.18241666666666667
0 0.30711598746081503 0.20433333333333334 0.03968652037617555 0.15586111111111112
6 0.8050470219435737 0.3644444444444444 0.03909090909090909 0.19375
6 0.2920532915360502 0.40330555555555553 0.04087774294670846 0.1638888888888889
1 0.7453761755485894 0.4287777777777778 0.013307210031347962 0.02663888888888889
5 0.6706583072100314 0.34641666666666665 0.038322884012539186 0.16386111111111112
6 0.3218808777429467 0.6808888888888889 0.043166144200626956 0.10091666666666667
5 0.16274294670846395 0.66675 0.057507836990595605 0.21272222222222223
5 0.35645768025078367 0.6204444444444445 0.03398119122257053 0.12252777777777778
5 0.27951410658307213 0.6091666666666667 0.04065830721003135 0.21108333333333332
7 0.2806269592476489 0.03152777777777778 0.024247648902821318 0.06061111111111111