0 0.659546875 0.1969027777777778 0.044429687499999995 0.13347222222222221
6 0.5971796875 0.7451666666666666 0.0605625 0.21741666666666665
5 0.7417734375 0.7455972222222222 0.06401562499999999 0.15294444444444444
5 0.34261718750000003 0.3610277777777778 0.0326640625 0.174
5 0.5483359375 0.38269444444444445 0.0443671875 0.17129166666666668
6 0.6599375000000001 0.3190694444444444 0.0434140625 0.15740277777777778
7 0.6833984375 0.06283333333333334 0.0263671875 0.12566666666666668
7 0.8612343750000001 0.12018055555555555 0.033046874999999996 0.08650000000000001
5 0.45172656250000004 0.5698472222222223 0.06709375 0.18334722222222222
5 0.40970312499999995 0.4334444444444444 0.04853125 0.11969444444444445
5 0.33195312499999996 0.641625 0.0697109375 0.2340138888888889
5 0.381828125 0.5316388888888889 0.036515625 0.20775000000000002
5 0.3633671875 0.4535972222222222 0.041507812500000005 0.14668055555555556
5 0.5098125 0.28256944444444443 0.046578125 0.16761111111111113
2 0.6340859375 0.25513888888888886 0.0348515625 0.069625
5 0.24821875000000002 0.31822222222222224 0.0355 0.17466666666666666
6 0.1361640625 0.30562500000000004 0.042640625 0.2001527777777778
5 0.404671875 0.5539027777777777 0.03875 0.19494444444444448
1 0.34590624999999997 0.4677638888888889 0.012828125000000001 0.025180555555555553