5 0.3512109375 0.6991805555555556 0.078578125 0.23758333333333334
5 0.6835546875 0.48409722222222223 0.06490625 0.15270833333333333
5 0.4019296875 0.5564444444444444 0.0496171875 0.22931944444444446
6 0.4086796875 0.7523333333333333 0.0599609375 0.21769444444444447
5 0.5086953125 0.4163888888888889 0.058867187499999994 0.1963611111111111
0 0.2902265625 0.20174999999999998 0.0404140625 0.1384027777777778
5 0.92709375 0.5824166666666666 0.0563125 0.20001388888888888
6 0.8675859375 0.31631944444444443 0.039304687500000005 0.16406944444444443
5 0.21330468749999998 0.5117638888888889 0.05402343750000001 0.1988472222222222
7 0.0778203125 0.12704166666666666 0.0368046875 0.09029166666666667
5 0.66690625 0.42015277777777776 0.047828125 0.17191666666666666
7 0.25749218749999997 0.07059722222222221 0.029031249999999998 0.11451388888888889
5 0.396484375 0.3912083333333334 0.03771875 0.15395833333333334
5 0.37072656249999997 0.3595555555555556 0.037265625000000004 0.17383333333333334
2 0.31139843749999996 0.2661527777777778 0.028226562500000003 0.07197222222222223
5 0.2645 0.4930972222222222 0.0615703125 0.21484722222222222
1 0.67409375 0.4105 0.015796875 0.025555555555555554