5 0.8658125 0.39084722222222223 0.051039062499999996 0.19644444444444445
5 0.6389296875 0.5260694444444444 0.056984375 0.25280555555555556
5 0.8532578125000001 0.6785138888888889 0.06659375 0.2795694444444444
5 0.5078046875 0.34656944444444443 0.060421875 0.15620833333333334
5 0.3708125 0.5835833333333333 0.05834375000000001 0.2507361111111111
6 0.43360937499999996 0.8432361111111111 0.062265625000000005 0.25025000000000003
5 0.42703125000000003 0.4692222222222222 0.0486484375 0.2162638888888889
7 0.0164296875 0.11215277777777778 0.032859375 0.11618055555555556
0 0.27137500000000003 0.20056944444444444 0.047921875 0.15644444444444444
5 0.38203906249999997 0.4286944444444445 0.0517109375 0.17341666666666666
6 0.2973671875 0.3056666666666667 0.046367187500000004 0.16004166666666667
5 0.32516406249999996 0.5691388888888889 0.0433828125 0.2578333333333333
7 0.2318828125 0.056902777777777774 0.040984375 0.11348611111111111
2 0.2966640625 0.26456944444444447 0.0372421875 0.07044444444444445
5 0.34542968749999997 0.46543055555555557 0.0408046875 0.21148611111111112
1 0.32214062499999996 0.43333333333333335 0.0159453125 0.02402777777777778