5 0.8945234375 0.6572361111111111 0.10192187500000001 0.21769444444444447
5 0.6770390625 0.698875 0.091 0.25119444444444444
5 0.9387578124999999 0.5127222222222223 0.0863359375 0.22412500000000002
6 0.3544375 0.3401111111111111 0.06643750000000001 0.17250000000000001
5 0.4846796875 0.4994722222222222 0.0533671875 0.19591666666666668
0 0.0273203125 0.20793055555555556 0.047171875 0.16990277777777776
5 0.58646875 0.6735416666666667 0.04921875 0.24141666666666667
5 0.2623203125 0.5319722222222222 0.0543203125 0.21697222222222223
2 0.054507812499999996 0.274125 0.0356875 0.06202777777777777
5 0.21461718749999997 0.5405416666666667 0.054570312499999996 0.20826388888888886
5 0.3439375 0.5797916666666667 0.0683828125 0.22434722222222223
5 0.556109375 0.7735972222222223 0.051109375 0.18097222222222223
5 0.2368984375 0.53625 0.0694765625 0.196625
5 0.67425 0.4895555555555556 0.03775 0.22418055555555555