6 0.4411875 0.7711527777777778 0.058210937500000004 0.2137361111111111
5 0.727265625 0.3329583333333333 0.066328125 0.16154166666666667
0 0.36169531250000003 0.20294444444444446 0.0401171875 0.1476111111111111
5 0.46079687500000005 0.5260833333333333 0.055390625000000006 0.21180555555555555
5 0.3230078125 0.5868888888888889 0.055984374999999996 0.19559722222222223
5 0.51621875 0.5311527777777778 0.045828125 0.23405555555555557
7 0.150953125 0.11933333333333333 0.0393671875 0.08936111111111111
5 0.632234375 0.4183888888888889 0.051875000000000004 0.15561111111111112
5 0.3262734375 0.7361944444444444 0.0713359375 0.2185972222222222
5 0.36735937500000004 0.6060833333333333 0.0452578125 0.2378472222222222
6 0.982046875 0.3421666666666667 0.03590625 0.19230555555555556
5 0.5573125 0.5311527777777778 0.0636171875 0.2162638888888889
5 0.6274375 0.48870833333333336 0.0886875 0.18631944444444445
7 0.32894531250000003 0.06251388888888888 0.028242187499999998 0.11588888888888889
2 0.38240625 0.2652083333333333 0.038093749999999996 0.07869444444444444
5 0.3577578125 0.45908333333333334 0.041585937499999996 0.11625
6 0.338265625 0.3097916666666667 0.032875 0.15041666666666667
1 0.51259375 0.4382083333333333 0.0175546875 0.03383333333333333