5 0.43276562500000004 0.6804166666666667 0.0841953125 0.29068055555555555
0 0.658015625 0.19681944444444446 0.052554687499999996 0.17127777777777778
7 0.9156015625 0.09981944444444445 0.04675 0.14706944444444445
6 0.655203125 0.3532638888888889 0.0400859375 0.17575000000000002
5 0.4372109375 0.5472916666666667 0.064125 0.20054166666666665
5 0.5406484375 0.44975 0.056781250000000005 0.18693055555555557
2 0.6330390625 0.27079166666666665 0.036828125 0.076375
7 0.6874453125 0.05756944444444445 0.036601562500000004 0.1151388888888889
5 0.5751171875 0.6463194444444444 0.0576796875 0.28218055555555555
5 0.04575 0.8786527777777777 0.0623671875 0.24268055555555554
5 0.5006171875 0.5822916666666667 0.0594453125 0.31569444444444444
6 0.544875 0.8455555555555555 0.059203125 0.231375
5 0.633 0.493375 0.039718750000000004 0.20122222222222222
5 0.07926562499999999 0.8265833333333333 0.11166406250000001 0.2743888888888889
5 0.5781875000000001 0.49312500000000004 0.047 0.1327222222222222
1 0.641796875 0.4865555555555555 0.01228125 0.03120833333333333