7 0.0302109375 0.08929166666666667 0.051500000000000004 0.11906944444444445
7 0.23926562499999998 0.035708333333333335 0.0415546875 0.07141666666666667
2 0.295734375 0.22169444444444444 0.031203124999999998 0.06244444444444445
0 0.26815625 0.16393055555555555 0.04934375 0.144375
5 0.1737109375 0.631 0.05234375 0.21022222222222225
5 0.23972656250000002 0.5924305555555556 0.054031249999999996 0.19509722222222223
5 0.3978984375 0.33044444444444443 0.034640625 0.19265277777777778
5 0.45396875000000003 0.26140277777777776 0.0373984375 0.1735972222222222
5 0.56565625 0.5687638888888888 0.055421874999999995 0.14420833333333333
5 0.5704687500000001 0.4593194444444444 0.0538828125 0.11308333333333334
5 0.648078125 0.54 0.059546875 0.1871388888888889
5 0.5979375 0.6113888888888889 0.0551640625 0.1773611111111111
5 0.6709453125 0.7375416666666667 0.050875000000000004 0.22112500000000002
5 0.6701718750000001 0.2798611111111111 0.0278359375 0.1628888888888889
5 0.8096796875000001 0.467875 0.05239843749999999 0.20559722222222224
5 0.7455625 0.49736111111111114 0.040234375 0.19709722222222223
5 0.670625 0.2843611111111111 0.0376640625 0.18177777777777776
3 0.63728125 0.7165416666666666 0.0137734375 0.0067083333333333335
1 0.6370703125 0.699625 0.016328125 0.028958333333333336