5 0.33683593749999996 0.7032222222222222 0.06459375 0.2505
5 0.211171875 0.527875 0.0433359375 0.19879166666666667
0 0.28904687500000004 0.20373611111111112 0.03528125 0.14338888888888887
6 0.410734375 0.7531527777777778 0.0547734375 0.20704166666666665
7 0.0789140625 0.12986111111111112 0.036328125 0.08602777777777777
5 0.4022734375 0.5567916666666667 0.0459609375 0.22430555555555556
5 0.657703125 0.41455555555555557 0.04340625 0.16
5 0.68071875 0.4773472222222222 0.052796875 0.173875
5 0.5095078125 0.4082083333333334 0.0511796875 0.1925
5 0.268328125 0.5028888888888888 0.055304687500000005 0.18136111111111114
5 0.3909375 0.3605277777777778 0.047390625 0.16759722222222223
5 0.925765625 0.5810277777777777 0.05390625 0.19319444444444445
5 0.41821093749999994 0.3850555555555556 0.0528828125 0.13359722222222223
6 0.8696640625000001 0.31827777777777777 0.036578125 0.15666666666666668
2 0.31060937499999997 0.25990277777777776 0.027578125 0.05930555555555556
7 0.261265625 0.07081944444444445 0.024859375 0.11152777777777777
1 0.680875 0.4206388888888889 0.0102890625 0.01983333333333333