5 0.5350390625 0.5823611111111111 0.062359374999999995 0.16998611111111112
5 0.3567421875 0.5838055555555555 0.0521953125 0.22840277777777776
5 0.24060156250000003 0.6975416666666667 0.08052343749999999 0.21077777777777776
6 0.43032031249999997 0.7402777777777778 0.060671875 0.20404166666666665
5 0.7584375 0.34818055555555555 0.064390625 0.147125
5 0.6915312499999999 0.5266666666666666 0.05915625 0.20587499999999997
5 0.6062421875 0.56725 0.060992187499999996 0.20948611111111112
5 0.50221875 0.5029027777777777 0.06636718750000001 0.2077361111111111
0 0.349421875 0.19318055555555555 0.051500000000000004 0.14863888888888888
2 0.3701171875 0.2509166666666667 0.0281015625 0.057291666666666664
7 0.1418671875 0.11576388888888887 0.0316796875 0.08595833333333333
5 0.6045 0.38987499999999997 0.047125 0.14154166666666665
6 0.9583984375 0.32879166666666665 0.055671875 0.16352777777777777
5 0.3579296875 0.42341666666666666 0.054765625 0.15984722222222222
5 0.2995546875 0.5560138888888889 0.0517109375 0.209375
6 0.6779375 0.2989722222222222 0.0360625 0.1593611111111111
6 0.330625 0.31940277777777776 0.031265625000000005 0.13155555555555556
1 0.5139218750000001 0.5801944444444445 0.0172265625 0.027777777777777776
7 0.317875 0.05555555555555555 0.02325 0.111125