0 0.18609375 0.2187222222222222 0.0476015625 0.16352777777777777
5 0.821453125 0.6597083333333333 0.04896875 0.19808333333333333
2 0.21071093749999997 0.27773611111111113 0.0360625 0.06356944444444444
5 0.34274218749999996 0.5422777777777777 0.058890624999999995 0.20472222222222222
7 0.15121875 0.07883333333333332 0.03646875 0.14822222222222223
5 0.5240546875 0.7016805555555555 0.0648125 0.23763888888888887
5 0.57884375 0.5070277777777777 0.060164062500000004 0.23344444444444445
5 0.5135078125 0.4436805555555555 0.051554687499999995 0.2591527777777778
5 0.45784375 0.6512916666666667 0.054125 0.23275
5 0.28132812500000004 0.5140833333333333 0.059265625 0.19829166666666667
6 0.27284375 0.35375 0.047359374999999995 0.1492638888888889
5 0.249515625 0.4804583333333333 0.0425859375 0.1753472222222222
6 0.4408359375 0.7616111111111111 0.048835937499999996 0.17415277777777777
1 0.46892187500000004 0.2394027777777778 0.0173984375 0.029305555555555557
5 0.8015703125 0.4951944444444445 0.05200781249999999 0.2