5 0.5677109375 0.33145833333333335 0.080125 0.17008333333333334
5 0.11528125 0.37911111111111107 0.0801875 0.22091666666666668
5 0.41762499999999997 0.7400138888888889 0.102171875 0.22320833333333334
5 0.7454375 0.6446111111111111 0.10014062500000001 0.24305555555555555
1 0.6539765625 0.7132916666666668 0.01871875 0.02838888888888889
5 0.917 0.5410277777777778 0.062289062500000006 0.19793055555555555
6 0.51496875 0.7955972222222223 0.0857265625 0.17172222222222222
0 0.9714921875 0.18155555555555555 0.055374999999999994 0.15411111111111112
5 0.0243828125 0.467875 0.046859374999999995 0.24801388888888887
5 0.254890625 0.6888611111111111 0.11503125 0.2432638888888889
2 0.9450390625 0.24634722222222222 0.041734375000000004 0.06630555555555556
6 0.9404140625 0.3147916666666667 0.0447109375 0.15231944444444445
8 0.3014765625 0.23002777777777778 0.0442890625 0.11638888888888889