6 0.8657210031347963 0.82375 0.08517241379310346 0.35247222222222224
0 0.4521786833855799 0.15416666666666667 0.2805799373040752 0.30836111111111114
5 0.19424764890282134 0.7466666666666667 0.13492163009404387 0.49988888888888894
7 0.216128526645768 0.21208333333333332 0.05324451410658307 0.16416666666666668
5 0.653307210031348 0.7769166666666667 0.15095611285266458 0.44275
5 0.28600313479623823 0.7996944444444444 0.07678683385579937 0.4006111111111111
5 0.7848275862068966 0.7635000000000001 0.08075235109717868 0.4658333333333333
4 0.48152037617554855 0.22127777777777777 0.0825705329153605 0.1502777777777778
1 0.4248902821316614 0.855 0.03473354231974922 0.06747222222222223
5 0.4904388714733542 0.6258055555555555 0.10724137931034483 0.7483611111111111
5 0.7234012539184953 0.7551111111111111 0.0702194357366771 0.4884722222222222