5 0.30009375 0.6415138888888888 0.07583593749999999 0.21541666666666665
6 0.38815625 0.7789166666666667 0.057085937499999996 0.21983333333333333
5 0.6551953125 0.51425 0.063875 0.2411388888888889
2 0.27917187499999996 0.27190277777777777 0.032859375 0.06752777777777777
5 0.8409765625000001 0.6599305555555556 0.05775 0.18829166666666666
0 0.2513125 0.20311111111111113 0.0465859375 0.16830555555555557
5 0.2980859375 0.4720138888888889 0.0650625 0.2006111111111111
5 0.409484375 0.5043472222222222 0.046609374999999995 0.21830555555555556
5 0.3724765625 0.6843055555555555 0.059601562500000003 0.19855555555555557
5 0.46067187499999995 0.492375 0.045921875 0.1986111111111111
7 0.22657031249999998 0.06706944444444445 0.032046875 0.12561111111111112
7 0.015562500000000002 0.13755555555555557 0.031132812500000002 0.13195833333333334
5 0.38028125 0.4479444444444444 0.0451328125 0.2114027777777778
6 0.200484375 0.3808888888888889 0.044765624999999996 0.18854166666666666
5 0.34924218749999997 0.4196388888888889 0.039875 0.1773611111111111
1 0.438765625 0.4298888888888889 0.013890625 0.021388888888888888