5 0.22071093749999998 0.684125 0.0676171875 0.2023888888888889
6 0.42384374999999996 0.7385 0.060203125 0.20119444444444445
5 0.5522734375 0.5846527777777778 0.0557890625 0.19029166666666666
5 0.3554453125 0.5770138888888888 0.051796875 0.22879166666666664
0 0.34303125 0.184875 0.0413046875 0.14269444444444443
5 0.5869765625000001 0.4064583333333333 0.049046875000000004 0.16815277777777776
5 0.7121171875 0.5416388888888889 0.080375 0.21331944444444445
5 0.5045703125000001 0.4987638888888889 0.0625859375 0.2259861111111111
5 0.62509375 0.5850972222222222 0.059812500000000005 0.21908333333333335
5 0.74409375 0.3409861111111111 0.0543359375 0.15206944444444442
7 0.1348984375 0.11602777777777779 0.0326875 0.087375
1 0.5213125 0.6263888888888889 0.01703125 0.028749999999999998
6 0.9518359375 0.3179861111111111 0.0381484375 0.16134722222222223
5 0.2950625 0.5490138888888889 0.047171875 0.21788888888888888
2 0.3668125 0.24993055555555554 0.0275078125 0.06090277777777778
5 0.35514843749999997 0.4355 0.0471484375 0.1630138888888889
6 0.3203984375 0.3019027777777778 0.02978125 0.13631944444444447
7 0.3098125 0.057902777777777775 0.0222421875 0.10934722222222223