5 0.2718203125 0.7122777777777778 0.0615625 0.24869444444444444
5 0.43672656249999997 0.7721666666666667 0.084765625 0.231875
5 0.5857421875 0.7943055555555555 0.069359375 0.20162499999999997
5 0.9322109375000001 0.48600000000000004 0.09315625 0.1915
5 0.44517187500000005 0.5629722222222222 0.0517421875 0.22472222222222224
5 0.14653125 0.6185555555555555 0.0681484375 0.22793055555555558
6 0.64171875 0.338625 0.0469140625 0.15
5 0.479703125 0.38156944444444446 0.061257812499999995 0.1535
5 0.23546874999999998 0.5031527777777778 0.05487499999999999 0.23602777777777778
5 0.7398671875 0.6423333333333333 0.05452343750000001 0.23170833333333335
6 0.2807109375 0.3189166666666667 0.05559375 0.18475000000000003