5 0.5342265625 0.6929583333333333 0.066078125 0.2417222222222222
5 0.7109687499999999 0.7578333333333334 0.08512499999999999 0.23644444444444446
6 0.4693359375 0.7988333333333333 0.06541406250000001 0.17379166666666665
5 0.7837500000000001 0.3298611111111111 0.046867187500000004 0.19293055555555555
7 0.147265625 0.09609722222222222 0.044187500000000005 0.111
5 0.477734375 0.45288888888888884 0.0630234375 0.20804166666666665
0 0.381921875 0.19401388888888887 0.0428828125 0.174375
5 0.38796875000000003 0.587125 0.0573125 0.26208333333333333
5 0.40896875 0.6052222222222222 0.057937499999999996 0.25890277777777776
5 0.43313281249999996 0.4738333333333334 0.046171875 0.11945833333333335
5 0.3711484375 0.5457638888888888 0.0467734375 0.20170833333333332
5 0.44264843750000005 0.6098611111111112 0.0550859375 0.22994444444444445
7 0.3479453125 0.04520833333333333 0.026546874999999998 0.08515277777777779
5 0.44428124999999996 0.4048611111111111 0.0338828125 0.13748611111111111
2 0.410640625 0.25387499999999996 0.03496875 0.06820833333333333
1 0.4058984375 0.212625 0.0163046875 0.03226388888888889