5 0.2927265625 0.6586527777777778 0.06115625 0.22206944444444443
5 0.7368125 0.555375 0.055453125000000006 0.22352777777777777
5 0.408875 0.5806805555555555 0.053804687500000004 0.20801388888888891
5 0.40491406249999995 0.35863888888888895 0.04975 0.1619861111111111
0 0.276015625 0.18334722222222222 0.039328125000000005 0.14220833333333333
6 0.3989453125 0.7201944444444444 0.052351562500000004 0.1900416666666667
5 0.309859375 0.4293611111111111 0.0327734375 0.20311111111111113
5 0.8211484375 0.5578888888888889 0.052437500000000005 0.16216666666666668
6 0.8600390625 0.2990277777777778 0.0372578125 0.16441666666666666
7 0.077734375 0.10577777777777778 0.033796875 0.08670833333333333
5 0.8726015625000001 0.5721805555555556 0.0571171875 0.17945833333333333
2 0.299453125 0.2385138888888889 0.0242421875 0.054000000000000006
5 0.521390625 0.46343055555555557 0.061640625000000004 0.21070833333333333
1 0.8682968750000001 0.5549861111111111 0.0174921875 0.029583333333333333
7 0.2489765625 0.03719444444444445 0.029195312499999997 0.0743888888888889
5 0.2800546875 0.4181944444444445 0.0414609375 0.17527777777777778
5 0.4252890625 0.25056944444444446 0.035359375 0.11502777777777777