6 0.38806250000000003 0.7794027777777777 0.054765625 0.21647222222222223
5 0.8278515625 0.6616944444444445 0.06403125 0.18023611111111112
2 0.2736640625 0.2734861111111111 0.029562500000000002 0.07001388888888889
0 0.2506875 0.21033333333333332 0.04475 0.16655555555555557
5 0.30359375 0.4664444444444444 0.05502343750000001 0.2020972222222222
5 0.32818749999999997 0.6330555555555556 0.053578125 0.24231944444444445
7 0.2176953125 0.07065277777777777 0.0372265625 0.13004166666666667
5 0.3678515625 0.4439583333333333 0.056296875 0.18591666666666667
5 0.68521875 0.49045833333333333 0.052328125 0.2341527777777778
7 0.0170078125 0.14475 0.034015625 0.12472222222222222
5 0.40192187500000004 0.6406388888888889 0.067140625 0.15873611111111113
5 0.469921875 0.50175 0.05094531249999999 0.21922222222222223
5 0.428421875 0.5026111111111111 0.043 0.2259722222222222
6 0.21000000000000002 0.37443055555555554 0.040273437499999995 0.16602777777777777
5 0.342375 0.42333333333333334 0.0362578125 0.15120833333333333
1 0.41930468750000005 0.36918055555555557 0.01190625 0.02372222222222222