5 0.24158593750000001 0.7426666666666667 0.079953125 0.25013888888888886
5 0.3902265625 0.5032777777777778 0.0630546875 0.23861111111111113
6 0.0351875 0.35275 0.059835937500000005 0.1881388888888889
5 0.6697109375 0.641625 0.05337499999999999 0.24558333333333332
5 0.431734375 0.5600138888888888 0.059601562500000003 0.24470833333333333
6 0.6233593749999999 0.773986111111111 0.060921875 0.20577777777777778
5 0.8108281249999999 0.5129722222222222 0.07834375 0.22795833333333332
5 0.49100781250000003 0.6842777777777778 0.0499765625 0.23543055555555553
5 0.6359296875 0.47683333333333333 0.0665546875 0.21656944444444445
5 0.5402265625 0.5255972222222223 0.08103125 0.2378888888888889
5 0.55353125 0.36612500000000003 0.0445546875 0.1716388888888889