0 0.25256249999999997 0.20274999999999999 0.0479375 0.16651388888888888
5 0.8522343749999999 0.6635000000000001 0.053414062500000005 0.18922222222222224
5 0.35746875 0.7087777777777777 0.080328125 0.2033611111111111
5 0.278671875 0.645625 0.08302343749999999 0.23052777777777778
6 0.3907890625 0.7852361111111111 0.064328125 0.21304166666666666
5 0.39054687499999996 0.5013055555555556 0.056296875 0.21819444444444444
5 0.6510390625 0.5231944444444444 0.0594609375 0.2267361111111111
5 0.357015625 0.4273055555555556 0.0459375 0.1915972222222222
2 0.279625 0.26968055555555553 0.0307578125 0.06456944444444444
5 0.29671875000000003 0.4700416666666667 0.063375 0.19570833333333332
7 0.2271953125 0.0635 0.033546875 0.12483333333333332
5 0.4440234375 0.49637499999999996 0.06728125 0.20194444444444445
7 0.013945312500000001 0.13343055555555555 0.027890625000000002 0.13280555555555557
5 0.3928828125 0.39618055555555554 0.0409765625 0.09791666666666667
6 0.19128125 0.3773472222222222 0.041484375000000004 0.19040277777777778