5 0.5127109375 0.5733194444444445 0.0717421875 0.23683333333333334
5 0.21592187499999999 0.7533194444444444 0.0931875 0.2877222222222222
0 0.68484375 0.19598611111111114 0.06394531249999999 0.17429166666666665
7 0.95903125 0.10161111111111111 0.04475 0.12041666666666667
6 0.5483515625 0.3591666666666667 0.0686640625 0.18529166666666666
6 0.14846874999999998 0.9376388888888889 0.053640625 0.12472222222222222
7 0.7172734375 0.04348611111111111 0.0397578125 0.08697222222222221
2 0.6577734375000001 0.2884722222222222 0.0406328125 0.0763888888888889
5 0.6909296875 0.4672222222222222 0.0590078125 0.23259722222222223
5 0.7937578125 0.5638888888888889 0.0644765625 0.261125
1 0.6404375 0.25304166666666666 0.01565625 0.030847222222222224