5 0.3434375 0.5764305555555556 0.069734375 0.2336388888888889
5 0.6159765625 0.6725416666666667 0.0899921875 0.24752777777777776
6 0.5781015625 0.7762638888888889 0.07653125 0.20165277777777776
5 0.4573515625 0.494375 0.05715625 0.20030555555555554
5 0.19871875 0.556138888888889 0.0496015625 0.2242222222222222
5 0.2454140625 0.529 0.057914062499999995 0.21836111111111112
5 0.8792734375 0.6475555555555556 0.058382812500000006 0.22206944444444443
5 0.6985781249999999 0.6978194444444444 0.09324218749999999 0.24794444444444447
5 0.949578125 0.5113194444444444 0.0802734375 0.2373472222222222
5 0.6828125 0.4643333333333333 0.053179687499999996 0.19170833333333334
6 0.3399296875 0.34229166666666666 0.040515625 0.16170833333333334
1 0.65025 0.5769861111111111 0.0149921875 0.030222222222222223