5 0.30739811912225706 0.45463888888888887 0.03786833855799373 0.15672222222222223
6 0.21711598746081506 0.31969444444444445 0.03431034482758621 0.12325
5 0.25050156739811913 0.6044722222222223 0.04139498432601881 0.15316666666666667
5 0.6917868338557994 0.3920555555555555 0.026567398119122256 0.12394444444444444
5 0.6573354231974922 0.4097777777777778 0.03293103448275862 0.12916666666666668
5 0.6803605015673981 0.4971944444444445 0.0412539184952978 0.11936111111111111
5 0.5525235109717869 0.4563611111111111 0.03318181818181819 0.12788888888888889
5 0.5690282131661443 0.38988888888888895 0.025517241379310347 0.11791666666666667
0 0.7223607656399074 0.1889483318236714 0.739804990970424 0.2269493508454106 0.7385485169347146 0.30643776419082125 0.7173854479010495 0.27135227958937197
7 0.8897962382445141 0.22905555555555554 0.021394984326018808 0.04025
7 0.7555956112852664 0.1306388888888889 0.017413793103448275 0.06561111111111112
6 0.5794514106583072 0.6029444444444445 0.039905956112852664 0.08994444444444445
5 0.5389655172413793 0.5605277777777777 0.036630094043887146 0.16694444444444445
5 0.6984952978056426 0.42469444444444443 0.0354858934169279 0.11266666666666668
2 0.7111598746081506 0.28877777777777774 0.021191222570532915 0.04855555555555556