5 0.7463046875 0.6608888888888889 0.0713359375 0.23816666666666667
5 0.45425000000000004 0.7802222222222223 0.098859375 0.23855555555555555
5 0.9278203125 0.5407361111111111 0.07275781249999999 0.21718055555555557
5 0.3419453125 0.38669444444444445 0.05248437500000001 0.17597222222222222
5 0.6150781249999999 0.34458333333333335 0.0566171875 0.15687500000000001
5 0.3044296875 0.7204027777777778 0.0973125 0.2325
6 0.5873125 0.7912361111111111 0.080328125 0.19697222222222222
5 0.0477890625 0.5441944444444444 0.07064843750000001 0.23245833333333335
6 0.182484375 0.34279166666666666 0.06398437500000001 0.1698611111111111
1 0.6952109375 0.679138888888889 0.0193515625 0.03154166666666667
5 0.3007890625 0.5299166666666667 0.059375 0.20377777777777778