5 0.25398437500000004 0.7629166666666666 0.079875 0.2505833333333333
6 0.550859375 0.34670833333333334 0.048484375 0.2018611111111111
5 0.5450781250000001 0.5828472222222222 0.10875781250000001 0.25094444444444447
0 0.6595156249999999 0.20404166666666665 0.06301562499999999 0.17947222222222223
6 0.1818046875 0.9390555555555555 0.0756171875 0.1218888888888889
7 0.9413203125 0.09179166666666667 0.0443828125 0.12972222222222224
2 0.6311875 0.27931944444444445 0.0566640625 0.085
7 0.69034375 0.04377777777777778 0.036148437500000005 0.08754166666666667
1 0.5813125 0.31755555555555554 0.0170625 0.030930555555555555
5 0.6879296874999999 0.4722222222222222 0.0696015625 0.22916666666666666
5 0.8262812500000001 0.5571111111111111 0.0806953125 0.26422222222222225