6 0.47280468750000004 0.7154444444444444 0.047453125 0.18615277777777778
5 0.66728125 0.4816111111111111 0.043109375 0.19658333333333333
6 0.35705468749999997 0.3177361111111111 0.0352890625 0.14380555555555558
6 0.860375 0.3166111111111111 0.044937500000000005 0.15655555555555556
5 0.578234375 0.36433333333333334 0.03290625 0.15543055555555554
5 0.49434374999999997 0.35111111111111115 0.0441171875 0.16898611111111111
5 0.3853984375 0.5174861111111111 0.06296093750000001 0.198125
5 0.7087656250000001 0.44299999999999995 0.0485390625 0.1411388888888889
7 0.1733046875 0.12547222222222223 0.036359375 0.0958888888888889
5 0.41576562499999997 0.5014861111111111 0.048875 0.17768055555555556
5 0.524359375 0.4495277777777778 0.056499999999999995 0.23402777777777778
5 0.5583125 0.4540555555555556 0.036171875 0.16090277777777778
0 0.3614609375 0.19275 0.0394140625 0.1408888888888889
7 0.3362890625 0.06862499999999999 0.0216796875 0.1356111111111111
2 0.3832421875 0.24790277777777778 0.031101562500000002 0.05448611111111111
5 0.5625859375 0.2703888888888889 0.031421875 0.15245833333333333
5 0.665140625 0.47330555555555553 0.009765625 0.02