5 0.8220468750000001 0.4256666666666667 0.0448203125 0.15844444444444444
5 0.15689843750000002 0.7420555555555555 0.0518671875 0.21840277777777778
5 0.5332421875 0.6041805555555555 0.0401484375 0.23491666666666663
5 0.73103125 0.4196666666666667 0.04365625 0.12919444444444445
5 0.15634375 0.5720555555555555 0.030164062499999998 0.16604166666666667
2 0.3838359375 0.2759861111111111 0.03553125 0.07976388888888888
7 0.3332421875 0.06144444444444445 0.0325546875 0.1228888888888889
5 0.6733515625 0.7145833333333333 0.07490625 0.22191666666666668
5 0.7310390625000001 0.5830138888888888 0.05354687500000001 0.20393055555555556
5 0.4953125 0.3485972222222222 0.05175 0.1797777777777778
5 0.5085078125 0.222 0.041734375000000004 0.10184722222222221
5 0.30479687499999997 0.5925138888888889 0.03815625 0.2524861111111111
5 0.43086718749999997 0.8015000000000001 0.0581640625 0.273625
7 0.135078125 0.12161111111111111 0.042476562499999995 0.12815277777777778
0 0.3359375 0.17063492063492067 0.3384007045200893 0.2986033606150794 0.3840419224330357 0.23829675099206346 0.38163103376116075 0.12316313244047612
1 0.7959140625 0.46852777777777777 0.0155390625 0.022027777777777778
3 0.796171875 0.48143055555555553 0.015140625 0.009430555555555555
5 0.6722578125 0.2825416666666667 0.0411328125 0.1831388888888889
5 0.7640703125 0.8732638888888888 0.055484374999999996 0.2534722222222222