0 0.657484375 0.19247222222222224 0.0511328125 0.1688611111111111
5 0.5174765625 0.42559722222222224 0.053492187499999996 0.18830555555555556
5 0.37628125 0.6716388888888889 0.0873359375 0.2659722222222222
6 0.6560390625 0.3524861111111111 0.0404140625 0.18448611111111113
5 0.40406250000000005 0.5546249999999999 0.0888125 0.21330555555555558
7 0.9182578124999999 0.09480555555555556 0.0530859375 0.12381944444444445
2 0.6293124999999999 0.26805555555555555 0.0387890625 0.08234722222222222
6 0.5205703125000001 0.8525138888888888 0.05621875 0.24669444444444444
5 0.0280625 0.8536944444444444 0.056125 0.2688888888888889
5 0.5507500000000001 0.6564861111111111 0.0733828125 0.27059722222222227
7 0.6874921875 0.058291666666666665 0.0373203125 0.11658333333333333
5 0.6381484375 0.4840555555555555 0.050812500000000003 0.22070833333333334
5 0.501515625 0.5713611111111111 0.0626796875 0.27965277777777775
5 0.5863515625 0.5705694444444445 0.055140625 0.2705416666666667
1 0.6540703125 0.47806944444444444 0.0159375 0.03584722222222222