5 0.338453125 0.7413888888888889 0.0643515625 0.23116666666666666
6 0.442984375 0.7707916666666667 0.06029687500000001 0.2153888888888889
5 0.7216796875 0.3390694444444444 0.06315625 0.14720833333333333
5 0.4619375 0.5272777777777777 0.0610390625 0.21827777777777777
0 0.36425 0.20251388888888888 0.0410625 0.15637500000000001
5 0.32571875 0.5874722222222223 0.05775 0.19859722222222223
5 0.612125 0.48956944444444445 0.07378124999999999 0.17370833333333333
5 0.6360625 0.4247222222222222 0.0543125 0.18016666666666667
6 0.9819921875000001 0.33877777777777773 0.036015625 0.18737499999999999
7 0.1515703125 0.12059722222222222 0.0408984375 0.0936388888888889
7 0.3296015625 0.059555555555555556 0.030679687500000004 0.11083333333333333
5 0.368453125 0.5729166666666666 0.0463984375 0.17151388888888888
5 0.542609375 0.5410694444444444 0.072078125 0.24218055555555557
5 0.35590625 0.459625 0.0443671875 0.1307638888888889
5 0.515203125 0.5379583333333333 0.05289843749999999 0.24193055555555557
6 0.3391015625 0.3206527777777778 0.0374140625 0.16654166666666667
2 0.3840234375 0.2670138888888889 0.03996875 0.07915277777777778
1 0.5149609374999999 0.43118055555555557 0.020546875 0.03181944444444444