6 0.98046875 0.7491388888888889 0.0390625 0.2297638888888889
6 0.109328125 0.585 0.0433046875 0.15455555555555556
5 0.2516484375 0.6153888888888889 0.046703125 0.172125
5 0.2379375 0.49375 0.027960937499999998 0.13255555555555557
5 0.40619531249999996 0.5949722222222222 0.051976562500000004 0.17451388888888889
5 0.4866328125 0.6416944444444445 0.047921875 0.20006944444444447
5 0.516390625 0.5622083333333333 0.04146875 0.16144444444444445
7 0.49585156250000006 0.23518055555555556 0.0333671875 0.05677777777777778
0 0.496859375 0.32398611111111114 0.06316406249999999 0.06770833333333333
2 0.495421875 0.35930555555555554 0.0203671875 0.036500000000000005
5 0.6222421875 0.6006527777777778 0.036148437500000005 0.16427777777777777
5 0.667828125 0.6013611111111111 0.0509296875 0.14098611111111112
5 0.7481093750000001 0.4905277777777778 0.039625 0.12611111111111112
5 0.6526484375 0.48773611111111115 0.0292578125 0.11127777777777778
6 0.614078125 0.4602083333333334 0.028499999999999998 0.10869444444444445
5 0.44140625 0.49330555555555555 0.039070312499999996 0.12856944444444443
1 0.59825 0.6364444444444445 0.0102421875 0.021222222222222222
3 0.5984375 0.6466388888888889 0.0093828125 0.006319444444444444