5 0.58665625 0.7627777777777779 0.057828124999999994 0.2378611111111111
5 0.518359375 0.6486388888888889 0.0596796875 0.21856944444444446
5 0.3651875 0.6025555555555555 0.0626875 0.2558611111111111
5 0.541578125 0.4361527777777777 0.0609453125 0.2024166666666667
6 0.46753906250000005 0.7955 0.057835937500000004 0.19380555555555554
5 0.74165625 0.33345833333333336 0.049703125 0.18423611111111113
7 0.1550078125 0.1087638888888889 0.0315390625 0.10133333333333333
2 0.407203125 0.2627222222222222 0.036843749999999995 0.06633333333333333
0 0.3864921875 0.19640277777777776 0.0381796875 0.1607777777777778
5 0.4179375 0.6220833333333333 0.0731875 0.2472638888888889
5 0.48384375 0.4529166666666667 0.055546874999999996 0.16969444444444445
5 0.466484375 0.5398611111111111 0.0453046875 0.19575
7 0.35257031250000004 0.059722222222222225 0.030148437500000003 0.11944444444444445
1 0.44183593749999994 0.1336388888888889 0.017781250000000002 0.032916666666666664