5 0.490890625 0.6101527777777778 0.0891484375 0.26345833333333335
5 0.81459375 0.5736805555555555 0.059765625 0.2733055555555556
5 0.9358203125 0.7471805555555556 0.0848125 0.33502777777777776
5 0.4104375 0.45751388888888894 0.056781250000000005 0.2515833333333333
5 0.6302734375 0.356 0.0803671875 0.20519444444444446
5 0.28084375 0.46422222222222226 0.05290625 0.26345833333333335
5 0.3026484375 0.599375 0.063203125 0.27647222222222223
6 0.313296875 0.3006111111111111 0.047953125 0.20155555555555557
6 0.5343515625 0.8277916666666667 0.05965625 0.12734722222222222
5 0.952796875 0.43969444444444444 0.055359375 0.2365972222222222
0 0.2616484375 0.18045833333333333 0.043765625 0.15368055555555557
2 0.2902265625 0.2546111111111111 0.038546875 0.080625
7 0.2241328125 0.04819444444444445 0.0333046875 0.09640277777777777
7 0.007062499999999999 0.07669444444444444 0.014124999999999999 0.15338888888888888