5 0.8825235109717867 0.512361111111111 0.04669278996865204 0.22686111111111112
5 0.6311755485893417 0.4828888888888889 0.058840125391849525 0.17755555555555555
5 0.29659874608150466 0.5633888888888888 0.04484326018808777 0.1818611111111111
5 0.16427899686520375 0.49736111111111114 0.04126959247648902 0.18933333333333333
6 0.7647962382445141 0.6892222222222222 0.05169278996865203 0.19905555555555554
5 0.2937617554858934 0.3199722222222222 0.037445141065830724 0.19830555555555557
6 0.5205329153605016 0.29827777777777775 0.03736677115987461 0.15705555555555556
1 0.8674451410658306 0.5101111111111111 0.013495297805642632 0.02988888888888889
5 0.17633228840125392 0.6463888888888889 0.05009404388714734 0.1478611111111111
2 0.18644200626959248 0.2391388888888889 0.029420062695924763 0.057999999999999996
0 0.1478806051519695 0.2584541062801933 0.14266836752078507 0.1433140851449276 0.18460585048384898 0.11299818840579717 0.18734507036254605 0.22494433121980684 0.14889483525282812 0.2578502415458938
5 0.3199843260188088 0.2792777777777778 0.033448275862068964 0.17936111111111108
5 0.24161442006269593 0.3641388888888889 0.028510971786833858 0.20650000000000002