5 0.4764375 0.5711527777777778 0.11264062500000001 0.27205555555555555
5 0.7616953125 0.5459305555555556 0.09182812500000001 0.253125
5 0.183828125 0.7510277777777777 0.1014453125 0.27920833333333334
5 0.6870234375 0.4751666666666667 0.07240625 0.2293611111111111
6 0.518734375 0.3353611111111111 0.0667265625 0.21456944444444445
7 0.758515625 0.047875 0.0359921875 0.09256944444444445
0 0.7221015625 0.20526388888888888 0.059539062499999997 0.1536388888888889
6 0.10222656249999999 0.9268055555555554 0.06671875000000001 0.14183333333333334
7 0.987890625 0.09516666666666666 0.02421875 0.124375
5 0.7886015625 0.5489583333333333 0.039281250000000004 0.11559722222222223
2 0.6969921875 0.27873611111111113 0.050234375 0.07261111111111111
1 0.7164531249999999 0.23154166666666667 0.016234375000000002 0.02976388888888889