7 0.937890625 0.050763888888888886 0.0407109375 0.10151388888888889
6 0.586890625 0.8834027777777778 0.11822656250000001 0.22668055555555558
6 0.1907265625 0.3037083333333333 0.09153125 0.159875
5 0.103171875 0.863638888888889 0.0986953125 0.24579166666666666
5 0.0605390625 0.565375 0.0958828125 0.25727777777777777
5 0.04765625 0.425625 0.0605859375 0.2308888888888889
5 0.42182031249999996 0.40381944444444445 0.06586718750000001 0.19034722222222225
5 0.43615624999999997 0.2578333333333333 0.0459296875 0.11134722222222222
5 0.4781171875 0.38306944444444446 0.0795 0.21983333333333333
5 0.709921875 0.49341666666666667 0.08304687499999999 0.23684722222222224
5 0.8928046875 0.7282638888888889 0.1241484375 0.21270833333333333
5 0.7064843749999999 0.33175000000000004 0.0726953125 0.12645833333333334
6 0.8393750000000001 0.36633333333333334 0.08153125 0.18636111111111112
2 0.8733437500000001 0.25866666666666666 0.043203124999999995 0.08522222222222223
0 0.8819444444444446 0.10802469135802475 0.9241197374131946 0.1601381655092593 0.9205356174045141 0.29053940007716056 0.8755527072482641 0.2167064525462963
1 0.6531328125 0.5894305555555556 0.015640625 0.027472222222222224
3 0.65334375 0.6029305555555555 0.013718749999999998 0.011430555555555557