5 0.21028125000000003 0.762875 0.0716953125 0.30306944444444445
5 0.4982421875 0.5794027777777778 0.07021875 0.2566805555555556
6 0.1304921875 0.934111111111111 0.06371875 0.13179166666666667
0 0.6975859375 0.2016388888888889 0.0574453125 0.18868055555555555
7 0.7322031250000001 0.04519444444444444 0.038640625 0.09038888888888888
7 0.9703671875 0.10226388888888888 0.0526796875 0.1304861111111111
5 0.7876796875000001 0.5667916666666666 0.105359375 0.23068055555555556
5 0.6847109375 0.4788055555555556 0.0669609375 0.22544444444444445
6 0.548078125 0.34405555555555556 0.06689843749999999 0.23794444444444443
2 0.6691328125 0.2835972222222222 0.041640625 0.089375
5 0.7863984375 0.588763888888889 0.12890625 0.10177777777777777
1 0.663390625 0.23593055555555556 0.017499999999999998 0.0315