5 0.3608671875 0.7056111111111112 0.0677578125 0.2189722222222222
5 0.9411484375000001 0.5394444444444444 0.0471015625 0.18618055555555557
5 0.7346015625 0.4873472222222222 0.0605703125 0.1757638888888889
6 0.40211718750000003 0.7371111111111112 0.0548125 0.20741666666666667
5 0.4137421875 0.5555833333333333 0.04171875 0.213875
5 0.6428203124999999 0.448 0.0496640625 0.1761111111111111
0 0.2777421875 0.1942361111111111 0.0455390625 0.14581944444444445
5 0.3706953125 0.37077777777777776 0.071203125 0.18080555555555555
5 0.5466328125000001 0.42563888888888884 0.0546484375 0.17715277777777777
6 0.8653124999999999 0.30998611111111113 0.0361015625 0.16104166666666667
7 0.075453125 0.11440277777777778 0.038546875 0.083125
5 0.2595859375 0.49494444444444446 0.0555390625 0.20365277777777777
5 0.3194296875 0.3337638888888889 0.048570312500000004 0.17877777777777779
2 0.3021875 0.2543194444444445 0.026484374999999998 0.05988888888888889
1 0.626625 0.454625 0.0142890625 0.023208333333333334
5 0.2144375 0.47866666666666663 0.0442578125 0.20247222222222222
7 0.24920312500000003 0.06368055555555556 0.0345703125 0.12734722222222222