1 0.4689296875 0.4757222222222222 0.0157734375 0.025083333333333332
3 0.47150781249999996 0.488625 0.01521875 0.010680555555555556
5 0.6541328125 0.5542222222222223 0.056320312500000004 0.25351388888888887
7 0.0912109375 0.14261111111111113 0.0522109375 0.1308888888888889
7 0.3063984375 0.07022222222222223 0.039882812499999996 0.14043055555555556
2 0.3638203125 0.2817777777777778 0.033195312500000004 0.06973611111111111
0 0.3159111870659722 0.1707296489197531 0.3582797580295139 0.1321494020061729 0.3594597710503472 0.2553891782407407 0.3193834092881945 0.2956814236111112
5 0.8294765625 0.6740972222222222 0.056281250000000005 0.20313888888888887
6 0.47721093750000004 0.822388888888889 0.0636640625 0.2404722222222222
5 0.440015625 0.7696944444444443 0.04496875 0.2770416666666667
5 0.6511328125 0.3819166666666667 0.0539921875 0.20518055555555553
5 0.5549921875 0.42358333333333337 0.0705703125 0.211375
5 0.5305 0.4024583333333333 0.0349609375 0.18147222222222223
5 0.36882031249999997 0.5473888888888889 0.0574921875 0.25219444444444444
5 0.3139140625 0.44069444444444444 0.054468749999999996 0.19619444444444442
5 0.42171875 0.43072222222222223 0.07190625 0.22254166666666667
5 0.48439062499999996 0.40684722222222225 0.052117187499999995 0.17479166666666665
6 0.9524140624999999 0.3862083333333333 0.0620390625 0.19718055555555555