0 0.6385156249999999 0.19508333333333333 0.04778125 0.14183333333333334
6 0.567984375 0.7531805555555555 0.0675859375 0.21584722222222222
5 0.558078125 0.40700000000000003 0.050453125 0.18133333333333335
5 0.5124453124999999 0.5392916666666667 0.051664062499999996 0.16409722222222223
5 0.4816640625 0.69825 0.06782031250000001 0.26840277777777777
5 0.3853515625 0.47727777777777775 0.055859375 0.19383333333333333
7 0.843734375 0.11455555555555556 0.038554687500000004 0.09255555555555556
5 0.4608515625 0.4762777777777778 0.043421875 0.17072222222222222
7 0.6667109375 0.06395833333333333 0.0208828125 0.1125138888888889
5 0.3228046875 0.48363888888888895 0.06165625 0.2064027777777778
5 0.326890625 0.34620833333333334 0.0350390625 0.1409027777777778
5 0.49389843750000006 0.2641527777777778 0.0390234375 0.17930555555555555
6 0.117453125 0.30141666666666667 0.0380390625 0.18338888888888888
5 0.226578125 0.31756944444444446 0.034414062499999995 0.1851388888888889
2 0.6193906250000001 0.2479722222222222 0.03253125 0.057041666666666664
5 0.463375 0.5931111111111111 0.043929687499999995 0.2029027777777778
6 0.6444687499999999 0.3253611111111111 0.037367187499999996 0.15073611111111113
1 0.5056875 0.5760694444444444 0.014468749999999999 0.028236111111111108