5 0.2833359375 0.7278194444444444 0.107078125 0.2692361111111111
5 0.385046875 0.5504027777777778 0.062382812499999996 0.20619444444444446
5 0.40658593749999994 0.3836805555555556 0.05378125 0.16506944444444444
5 0.0398359375 0.6265972222222221 0.069359375 0.22363888888888891
6 0.592828125 0.7890694444444445 0.0714765625 0.19919444444444442
5 0.9375625 0.5157361111111111 0.0760703125 0.2173888888888889
5 0.7415390625 0.6499305555555556 0.0784921875 0.2385138888888889
5 0.6395703125 0.3436666666666667 0.066328125 0.15938888888888889
5 0.1457265625 0.5172777777777777 0.0590078125 0.23556944444444447
5 0.44959375 0.7746666666666666 0.093421875 0.21094444444444443
6 0.2369609375 0.33526388888888886 0.046484375 0.15480555555555556
1 0.7263437500000001 0.5881666666666667 0.0143046875 0.026194444444444444