7 0.8390000000000001 0.09006944444444444 0.02521875 0.11224999999999999
5 0.7963828125 0.6334583333333333 0.059773437500000005 0.2175138888888889
6 0.6828828125 0.8056388888888888 0.0532578125 0.2347361111111111
6 0.0673125 0.3606388888888889 0.051296875 0.16881944444444444
2 0.78478125 0.2850833333333333 0.0331015625 0.06709722222222222
5 0.23047656249999998 0.5952916666666667 0.0581796875 0.1597222222222222
5 0.13259375 0.5966527777777777 0.061203125000000004 0.168625
5 0.41571875 0.42184722222222226 0.0536640625 0.18320833333333333
5 0.6236875000000001 0.28231944444444446 0.03384375 0.15415277777777778
5 0.64725 0.32102777777777775 0.058390624999999995 0.176
5 0.4999921875 0.37927777777777777 0.0433828125 0.19066666666666668
5 0.4685546875 0.3563055555555556 0.0333828125 0.18483333333333335
5 0.958046875 0.7400138888888889 0.0532421875 0.24855555555555556
6 0.830203125 0.38526388888888885 0.0371484375 0.16866666666666666
0 0.7934027777777778 0.15277777777777785 0.8273891872829863 0.19814573688271608 0.8244188096788196 0.3044403452932099 0.7874043782552084 0.2519892939814815
1 0.14358593749999998 0.6455416666666667 0.013890625 0.023027777777777775
3 0.143765625 0.6569583333333333 0.0115859375 0.008652777777777778