0 0.2181796875 0.2203888888888889 0.05015625 0.15945833333333334
5 0.4775390625 0.694875 0.082765625 0.23506944444444444
5 0.8014374999999999 0.6621944444444444 0.054953125000000005 0.18948611111111113
5 0.30384375 0.47055555555555556 0.0721875 0.22991666666666666
5 0.5236640625 0.5183333333333333 0.052828125000000004 0.23576388888888888
5 0.7488203125 0.5138194444444444 0.056867187500000006 0.23641666666666666
5 0.34655468749999996 0.496125 0.0434140625 0.2638611111111111
5 0.4093359375 0.6315138888888889 0.05242187499999999 0.2265138888888889
7 0.1935625 0.08127777777777778 0.03396875 0.14341666666666666
2 0.24965625 0.2785416666666667 0.031968750000000004 0.06531944444444444
6 0.41778125 0.7693472222222222 0.058984375 0.19786111111111113
1 0.39409375 0.2736388888888889 0.01403125 0.027083333333333334
6 0.24919531250000002 0.37636111111111115 0.0442265625 0.16180555555555556