5 0.8393515624999999 0.6531805555555555 0.0719375 0.21056944444444448
5 0.606984375 0.4930833333333333 0.0684296875 0.23551388888888888
0 0.1614140625 0.21419444444444444 0.0489609375 0.1503611111111111
5 0.34504687500000003 0.5642083333333333 0.0618515625 0.22080555555555553
2 0.18980468749999999 0.27449999999999997 0.0334921875 0.07366666666666667
5 0.554640625 0.7032222222222222 0.06784375000000001 0.24780555555555553
6 0.46285156250000004 0.7697361111111112 0.0542109375 0.18208333333333332
7 0.126296875 0.06856944444444445 0.0376328125 0.1328888888888889
6 0.3004453125 0.3515416666666667 0.06935156249999999 0.16911111111111113
5 0.83765625 0.48259722222222223 0.04625 0.18041666666666667
5 0.2753671875 0.5139166666666667 0.06491406250000001 0.19112500000000002
5 0.5131171875 0.41370833333333334 0.0433203125 0.27594444444444444
5 0.48909375 0.6447638888888889 0.055609375 0.20925
5 0.24397656250000002 0.5037083333333333 0.06394531249999999 0.1952361111111111
1 0.513953125 0.26208333333333333 0.017687500000000002 0.030569444444444448