5 0.6691796875 0.49409722222222224 0.0978046875 0.22445833333333334
6 0.2348203125 0.2836944444444444 0.05221875 0.17526388888888889
5 0.5534140625 0.4326111111111111 0.0866953125 0.22398611111111114
5 0.8928750000000001 0.36395833333333333 0.048078125 0.21359722222222222
5 0.3054453125 0.545375 0.05821875 0.15418055555555557
5 0.46264062499999997 0.4232083333333333 0.057085937499999996 0.18019444444444446
5 0.9534296875000001 0.5274027777777778 0.059 0.23154166666666667
5 0.4331953125 0.6251388888888889 0.0660234375 0.2023472222222222
5 0.42240625 0.38918055555555553 0.0636640625 0.19625
6 0.412703125 0.7606666666666666 0.0533125 0.18434722222222222
2 0.1190390625 0.211375 0.028890624999999996 0.058569444444444445
1 0.30944531249999996 0.6144444444444445 0.0177421875 0.030694444444444448
0 0.09378125000000001 0.14238888888888887 0.055078125 0.15525
7 0.0550625 0.029458333333333333 0.0362109375 0.05752777777777778
5 0.62675 0.31829166666666664 0.0753671875 0.16619444444444445
5 0.9756953125000001 0.6665 0.048609374999999996 0.24106944444444445