5 0.6455485893416928 0.48347222222222225 0.06010971786833856 0.26741666666666664
0 0.26354231974921627 0.15666666666666668 0.06136363636363636 0.20691666666666667
5 0.7028369905956113 0.6689444444444445 0.07410658307210032 0.31230555555555556
2 0.29849529780564266 0.25377777777777777 0.04684952978056427 0.10091666666666667
5 0.46710031347962383 0.4627777777777778 0.05758620689655173 0.2945277777777778
5 0.24830721003134795 0.6384444444444445 0.05761755485893417 0.34161111111111114
7 0.03564263322884012 0.0875 0.055846394984326024 0.12519444444444444
1 0.5733699059561128 0.6231388888888889 0.022319749216300942 0.03613888888888889
5 0.36584639498432603 0.5976388888888889 0.058181818181818175 0.31727777777777777
5 0.4670689655172414 0.7018888888888889 0.06898119122257053 0.22022222222222224
5 0.44332288401253916 0.6290833333333333 0.04970219435736677 0.26055555555555554