5 0.3856112852664577 0.4095833333333333 0.032993730407523514 0.15855555555555556
5 0.43111285266457683 0.5068888888888888 0.046442006269592474 0.1996111111111111
5 0.44623824451410654 0.6679444444444445 0.045909090909090906 0.1761111111111111
5 0.49175548589341694 0.39855555555555555 0.03710031347962383 0.15852777777777777
5 0.7452037617554859 0.4374444444444444 0.0519435736677116 0.16799999999999998
6 0.817680250783699 0.34480555555555553 0.03904388714733542 0.17227777777777778
5 0.5447021943573668 0.6109722222222221 0.06308777429467084 0.16419444444444445
5 0.35217868338557995 0.35225 0.034623824451410656 0.17802777777777778
0 0.335141065830721 0.21169444444444444 0.03296238244514107 0.1355
5 0.609012539184953 0.4036388888888889 0.037225705329153605 0.18816666666666665
5 0.6102351097178683 0.6429166666666666 0.057241379310344835 0.19455555555555556
5 0.6651724137931034 0.32919444444444446 0.04434169278996865 0.15725
8 0.36579937304075233 0.6680277777777778 0.04380877742946708 0.1653888888888889
5 0.5873510971786834 0.44811111111111107 0.036645768025078365 0.16597222222222222
7 0.16940438871473354 0.18019444444444446 0.029404388714733543 0.058472222222222224
7 0.30509404388714734 0.06616666666666667 0.021394984326018808 0.07677777777777778
2 0.3533542319749216 0.2634444444444445 0.027335423197492166 0.05994444444444444
1 0.6163793103448276 0.7022777777777778 0.011551724137931034 0.022916666666666665