0 0.188453125 0.22013888888888888 0.044578125 0.1647361111111111
2 0.2174453125 0.2771388888888889 0.036867187499999995 0.06052777777777778
5 0.79475 0.4871388888888889 0.055570312499999996 0.1996527777777778
5 0.8152578125 0.6599444444444444 0.041453125 0.20047222222222222
5 0.504984375 0.6880277777777778 0.04765625 0.21522222222222223
6 0.2666875 0.3547083333333333 0.0440546875 0.16677777777777777
7 0.16053125 0.0806111111111111 0.0358046875 0.15679166666666666
5 0.288109375 0.5136944444444445 0.05496875 0.20969444444444443
6 0.4352890625 0.7724166666666666 0.05215625 0.17950000000000002
5 0.338734375 0.5442083333333333 0.0643046875 0.20915277777777777
5 0.56721875 0.5026805555555556 0.0630859375 0.20522222222222222
5 0.5127890625 0.44126388888888884 0.051531249999999994 0.23118055555555553
5 0.249265625 0.48259722222222223 0.0427890625 0.1662361111111111
5 0.44916406249999996 0.6295416666666667 0.055437499999999994 0.2110277777777778
1 0.45296875 0.24093055555555556 0.015312500000000001 0.032375