5 0.2643515625 0.7111527777777777 0.0765390625 0.26102777777777775
5 0.6462343749999999 0.337125 0.06203125 0.1554722222222222
5 0.42141406249999996 0.5655972222222222 0.058351562499999995 0.21543055555555557
6 0.590265625 0.7906388888888889 0.078328125 0.20479166666666665
5 0.438953125 0.7763055555555556 0.071078125 0.23370833333333335
5 0.2138515625 0.5116388888888889 0.071375 0.22595833333333332
6 0.2591015625 0.3330416666666667 0.049375 0.16297222222222224
5 0.109421875 0.622125 0.0651796875 0.23030555555555554
5 0.9299140625 0.5059027777777778 0.0540625 0.20351388888888888
5 0.46576562499999996 0.3745277777777778 0.0630625 0.15359722222222222
5 0.746921875 0.6519027777777778 0.057773437500000004 0.23308333333333334
1 0.7123515625 0.6387361111111111 0.015609375 0.027472222222222224