2 0.341328125 0.25075 0.052445312499999994 0.10954166666666668
0 0.2682291666666667 0.09104938271604944 0.3335706922743057 0.021773726851851787 0.33898586697048616 0.1994719328703705 0.2722608778211806 0.279103973765432
5 0.24494531249999998 0.5040833333333333 0.095796875 0.3044722222222222
5 0.2563203125 0.6445972222222223 0.0624140625 0.3774722222222222
6 0.7857265625000001 0.26922222222222225 0.0610390625 0.27608333333333335
5 0.6448359375 0.34952777777777777 0.09226562499999999 0.2546111111111111
5 0.501375 0.47513888888888894 0.08434375 0.3329861111111111
5 0.4749921875 0.63425 0.15765625 0.25
5 0.72428125 0.8796250000000001 0.0822421875 0.24073611111111112
5 0.37065625 0.6440833333333333 0.08159374999999999 0.35606944444444444
1 0.342125 0.7017916666666667 0.01915625 0.035666666666666666
3 0.3429609375 0.7210555555555556 0.017875 0.016527777777777777