6 0.6358307210031349 0.6905555555555556 0.06076802507836991 0.22244444444444444
6 0.7792789968652037 0.3307777777777778 0.04072100313479624 0.16805555555555557
5 0.428871473354232 0.6196666666666667 0.06258620689655173 0.23616666666666666
5 0.7923510971786834 0.5428888888888889 0.05788401253918495 0.26694444444444443
5 0.2275705329153605 0.5007777777777778 0.05673981191222571 0.17627777777777778
5 0.47239811912225704 0.4930277777777778 0.054984326018808774 0.18405555555555558
5 0.4313166144200627 0.43230555555555555 0.042053291536050155 0.1768611111111111
5 0.4456112852664577 0.3324166666666667 0.030658307210031346 0.11577777777777777
5 0.3019905956112853 0.4016388888888889 0.0493730407523511 0.1756111111111111
5 0.3829780564263323 0.32466666666666666 0.0484012539184953 0.1818611111111111
5 0.3576332288401254 0.4118888888888889 0.04200626959247649 0.19227777777777777
2 0.7600313479623824 0.21141666666666667 0.02794670846394984 0.06608333333333333
7 0.9313479623824452 0.11213888888888889 0.028150470219435737 0.05519444444444445
0 0.7622458302098952 0.07451596467391303 0.8118392863227478 0.11679593146135268 0.8086395367657081 0.23697916666666666 0.7558037387556223 0.19981317934782605