5 0.3954375 0.5851666666666666 0.06177343749999999 0.26016666666666666
5 0.6801953125 0.5523888888888889 0.0873046875 0.24554166666666666
5 0.876125 0.70575 0.0702109375 0.30543055555555554
5 0.89290625 0.41218055555555555 0.050749999999999997 0.24376388888888886
0 0.2629921875 0.19340277777777778 0.0492109375 0.16909722222222223
6 0.4511640625 0.8091805555555556 0.050031250000000006 0.15358333333333332
5 0.3235859375 0.5761944444444445 0.0586953125 0.23848611111111112
5 0.542 0.3401111111111111 0.055671875 0.17508333333333334
5 0.385734375 0.42819444444444443 0.04215625 0.17769444444444443
5 0.33109375 0.45331944444444444 0.0497265625 0.20513888888888887
6 0.3070234375 0.2977361111111111 0.045890625000000004 0.16170833333333334
7 0.014835937499999998 0.09341666666666668 0.026023437500000003 0.10295833333333333
7 0.23326562499999998 0.05383333333333333 0.031171874999999998 0.10766666666666666
5 0.41744531250000005 0.4315 0.041796875 0.1849861111111111
2 0.2955625 0.26295833333333335 0.0369140625 0.07523611111111111