5 0.6875548589341693 0.43111111111111106 0.0783385579937304 0.24986111111111112
5 0.26418495297805644 0.42644444444444446 0.05460815047021944 0.24808333333333335
5 0.8669122257053292 0.5731944444444445 0.09804075235109717 0.27105555555555555
5 0.5663166144200626 0.5759444444444445 0.08424764890282131 0.29544444444444445
5 0.3871316614420063 0.34975 0.05410658307210032 0.21708333333333335
5 0.4254858934169279 0.6992777777777778 0.0783385579937304 0.24791666666666667
6 0.0564576802507837 0.3088888888888889 0.050658307210031346 0.20833333333333334
5 0.3247805642633229 0.5578611111111111 0.11647335423197493 0.23472222222222222
5 0.6745454545454546 0.6546944444444445 0.06010971786833856 0.21280555555555555
1 0.8217084639498433 0.5403888888888889 0.017429467084639497 0.030083333333333333
6 0.6506269592476489 0.7176666666666667 0.05144200626959248 0.13583333333333333
5 0.5511755485893417 0.2925555555555555 0.0692319749216301 0.20105555555555554