0 0.3657734375 0.201125 0.0409296875 0.1597222222222222
5 0.334609375 0.6038194444444445 0.05689062499999999 0.23133333333333334
7 0.1508984375 0.1279722222222222 0.038843749999999996 0.10883333333333334
6 0.45014843750000005 0.7730972222222222 0.0517734375 0.20522222222222222
5 0.47721093750000004 0.5179027777777777 0.0672421875 0.2469027777777778
5 0.3728125 0.7356527777777777 0.060320312499999994 0.2185
5 0.62546875 0.42644444444444446 0.05475 0.14820833333333333
5 0.715890625 0.35268055555555555 0.0660859375 0.18329166666666666
2 0.38971875 0.26708333333333334 0.034898437500000004 0.07322222222222222
6 0.9835156250000001 0.34606944444444443 0.0326015625 0.19169444444444445
5 0.5901484375 0.4858472222222222 0.0561484375 0.2087638888888889
5 0.5154140625 0.5322361111111111 0.038343749999999996 0.23247222222222222
5 0.37613281249999997 0.5829166666666666 0.0444609375 0.19640277777777776
5 0.368859375 0.47390277777777773 0.03303125 0.12556944444444443
1 0.512171875 0.38433333333333336 0.01809375 0.035333333333333335
5 0.5345390625 0.4888888888888889 0.0371796875 0.18611111111111112