5 0.3100234375 0.6585972222222222 0.0579609375 0.23402777777777778
6 0.8553359374999999 0.2967638888888889 0.0338046875 0.160375
6 0.39752343749999997 0.720125 0.0484375 0.18612499999999998
7 0.0739921875 0.10556944444444445 0.0395234375 0.08248611111111111
5 0.78696875 0.5192361111111111 0.08828125 0.17965277777777777
5 0.41052343750000003 0.5769583333333334 0.0542890625 0.20968055555555556
5 0.385984375 0.3621388888888889 0.03959375 0.1597777777777778
5 0.8934609375000001 0.5381388888888888 0.0669921875 0.17123611111111112
5 0.7083984375 0.5384583333333334 0.070046875 0.19770833333333332
0 0.2713828125 0.18640277777777778 0.036148437500000005 0.15093055555555557
5 0.5104062500000001 0.44477777777777777 0.056398437499999995 0.20354166666666668
2 0.2975234375 0.2416527777777778 0.0261796875 0.05741666666666667
5 0.3952265625 0.2826944444444444 0.0330390625 0.14820833333333333
7 0.253046875 0.06938888888888889 0.0251796875 0.10170833333333335
5 0.2758203125 0.41883333333333334 0.0323203125 0.20291666666666666
6 0.5976015625 0.2819583333333333 0.036140624999999996 0.11940277777777777
5 0.30290625000000004 0.44459722222222225 0.035234375 0.2135
1 0.8569375000000001 0.5260277777777778 0.0164296875 0.029347222222222222