5 0.5565156250000001 0.7135416666666666 0.07182812499999999 0.26306944444444447
5 0.7561796875 0.7782222222222223 0.093421875 0.28915277777777776
6 0.4702578125 0.8002083333333333 0.0640546875 0.17591666666666667
5 0.386859375 0.5533194444444445 0.0636953125 0.23716666666666666
7 0.1392890625 0.08590277777777779 0.0447109375 0.10993055555555556
5 0.8020156249999999 0.34181944444444445 0.051992187499999995 0.2160138888888889
2 0.407640625 0.25277777777777777 0.0401484375 0.069875
0 0.3795234375 0.19352777777777777 0.042640625 0.17033333333333334
5 0.4708984375 0.46708333333333335 0.069140625 0.247875
5 0.44592187499999997 0.6411527777777778 0.057820312500000005 0.26887500000000003
5 0.411109375 0.6027638888888889 0.05157031250000001 0.2594722222222222
5 0.4274765625 0.40387500000000004 0.044015625 0.1077638888888889
5 0.4263671875 0.4749305555555555 0.040234375 0.09986111111111112
1 0.41479687500000006 0.18540277777777778 0.018015625 0.030930555555555555