6 0.6994140625 0.33568055555555554 0.0481328125 0.17445833333333333
6 0.033078125 0.6628194444444445 0.0383828125 0.2484861111111111
6 0.4084140625 0.8815 0.047734375 0.237
7 0.039375 0.13923611111111112 0.045765625 0.11490277777777778
7 0.246375 0.06280555555555556 0.0326796875 0.10709722222222222
2 0.2999921875 0.2965138888888889 0.03575 0.07140277777777777
0 0.2515326605902778 0.1942334587191358 0.296539306640625 0.14494719328703715 0.29794650607638895 0.2605432581018518 0.25318060980902785 0.3167799961419754
5 0.85409375 0.55925 0.057140625 0.1956527777777778
5 0.5698984375 0.5702916666666666 0.139796875 0.2146527777777778
5 0.61090625 0.3280972222222222 0.051664062499999996 0.16544444444444445
5 0.558515625 0.4205416666666667 0.08925 0.16823611111111111
5 0.46810156249999996 0.48097222222222225 0.06294531249999999 0.23045833333333335
5 0.36636718749999997 0.3407222222222222 0.05044531249999999 0.17526388888888889
5 0.42507812500000003 0.48041666666666666 0.08627343750000001 0.17998611111111112
5 0.40658593749999994 0.38813888888888887 0.038859375 0.10034722222222223
5 0.374078125 0.6483333333333333 0.0736484375 0.22188888888888889
1 0.4027421875 0.7284444444444444 0.015640625 0.02690277777777778
3 0.4028828125 0.7431111111111111 0.0117109375 0.0065