5 0.3613515625 0.6905138888888889 0.056281250000000005 0.23883333333333334
0 0.28054687500000003 0.1966527777777778 0.04340625 0.1462638888888889
5 0.9394765625 0.5465833333333333 0.0491953125 0.2056111111111111
5 0.7171640625 0.4729583333333333 0.05234375 0.1681388888888889
5 0.3750390625 0.37902777777777774 0.0658203125 0.17245833333333332
6 0.40667187499999996 0.7512361111111111 0.057414062499999995 0.2109166666666667
6 0.8661406250000001 0.31380555555555556 0.040531250000000005 0.15779166666666666
5 0.4069375 0.5483055555555555 0.045164062500000005 0.18593055555555557
5 0.5339296874999999 0.40375 0.042296875 0.18326388888888887
7 0.0767578125 0.12679166666666666 0.035890624999999995 0.09448611111111112
5 0.6563515625 0.43373611111111116 0.04846875 0.16334722222222223
5 0.2543984375 0.49587499999999995 0.070546875 0.20854166666666668
7 0.2543984375 0.06872222222222221 0.0288515625 0.11666666666666667
5 0.32834375 0.34830555555555553 0.055445312499999996 0.16241666666666665
5 0.208734375 0.5018194444444445 0.053500000000000006 0.19634722222222223
2 0.304265625 0.25772222222222224 0.0268359375 0.061236111111111116
1 0.6348359375 0.5239166666666667 0.013820312500000001 0.025611111111111112