5 0.3441328125 0.6746388888888889 0.0635546875 0.20504166666666665
5 0.6522890625 0.5211944444444444 0.0784140625 0.19113888888888889
5 0.9172812499999999 0.5306527777777778 0.060101562500000004 0.16794444444444445
0 0.2756484375 0.18529166666666666 0.041499999999999995 0.15170833333333333
5 0.4359453125 0.5890416666666667 0.0619140625 0.19531944444444443
5 0.7474999999999999 0.47918055555555555 0.07465625000000001 0.18383333333333335
7 0.0763203125 0.10468055555555557 0.038625 0.08072222222222222
5 0.3706328125 0.3632638888888889 0.04534375 0.156
5 0.25007812500000004 0.44370833333333337 0.0516484375 0.18729166666666666
6 0.3964140625 0.7232083333333333 0.04846875 0.20126388888888888
6 0.8537343749999999 0.30133333333333334 0.03384375 0.1597083333333333
5 0.5050859375 0.4408333333333333 0.061140625000000004 0.20031944444444444
5 0.29025 0.45529166666666665 0.051500000000000004 0.20106944444444447
2 0.2989296875 0.24152777777777779 0.026632812500000002 0.059333333333333335
5 0.3536328125 0.2816388888888889 0.044875 0.15813888888888888
8 0.5966796875 0.27420833333333333 0.0370625 0.14645833333333333
7 0.2492265625 0.04963888888888889 0.0240078125 0.09926388888888889
1 0.6772265625 0.5517916666666667 0.013453125 0.028055555555555556