7 0.14144200626959247 0.7016944444444445 0.024561128526645767 0.07530555555555556
6 0.6367084639498433 0.9068055555555555 0.039247648902821314 0.18638888888888888
5 0.1156896551724138 0.8746944444444444 0.052288401253918496 0.2506111111111111
5 0.22329153605015675 0.9203611111111111 0.028965517241379312 0.12916666666666668
0 0.15037617554858934 0.7791666666666667 0.04126959247648902 0.06972222222222223
5 0.33583072100313477 0.9143055555555555 0.036771159874608154 0.14930555555555555
5 0.15051724137931036 0.9034444444444445 0.032695924764890284 0.17627777777777778
2 0.45962382445141065 0.14947222222222223 0.11476489028213166 0.21466666666666667
5 0.4365360501567398 0.68 0.12752351097178682 0.5966944444444444
5 0.8068495297805642 0.7276666666666666 0.16822884012539185 0.5446944444444445
1 0.4563009404388715 0.4114722222222222 0.046645768025078374 0.07933333333333333