5 0.5273515625 0.5838055555555555 0.0653125 0.16765277777777776
6 0.4338125 0.7490694444444445 0.0624453125 0.2006111111111111
5 0.35633593750000003 0.5876111111111111 0.053125 0.2302361111111111
5 0.5979375 0.5638333333333333 0.0554921875 0.18126388888888886
5 0.6855859375 0.5269305555555556 0.065609375 0.22854166666666667
5 0.6135312500000001 0.40876388888888887 0.0566328125 0.15570833333333334
0 0.351796875 0.19555555555555557 0.0417890625 0.16109722222222222
5 0.758203125 0.36148611111111106 0.06294531249999999 0.12987500000000002
5 0.3040078125 0.56225 0.054984374999999995 0.21920833333333334
5 0.250875 0.7054861111111111 0.08644531250000001 0.1989861111111111
7 0.1446875 0.11356944444444445 0.040171875 0.0921111111111111
5 0.49919531250000004 0.5058750000000001 0.056406250000000005 0.19640277777777776
6 0.964328125 0.33044444444444443 0.051601562499999996 0.17747222222222223
7 0.3226796875 0.06358333333333334 0.026101562499999998 0.11518055555555556
2 0.3746171875 0.2635972222222222 0.023078124999999998 0.0641111111111111
5 0.3593046875 0.4430694444444444 0.05354687500000001 0.15304166666666666
1 0.514109375 0.5724027777777778 0.0194921875 0.037375