5 0.1796875 0.5847777777777778 0.0696015625 0.23238888888888887
5 0.3442109375 0.5751944444444445 0.065453125 0.2174861111111111
5 0.7058828125 0.46244444444444444 0.0881953125 0.21625
5 0.886140625 0.6405694444444444 0.09331249999999999 0.22897222222222224
5 0.9526328124999999 0.5096388888888889 0.0548359375 0.23094444444444445
5 0.218640625 0.5472916666666667 0.0576640625 0.20775000000000002
5 0.43079687499999997 0.46876388888888887 0.0632109375 0.20977777777777776
6 0.6033046875 0.799625 0.0739453125 0.21155555555555555
5 0.702859375 0.699 0.0606953125 0.2498472222222222
6 0.35060156249999996 0.34791666666666665 0.044921875 0.17273611111111112
1 0.6837734375 0.45751388888888894 0.015265625 0.02361111111111111
5 0.6309609375 0.7001666666666667 0.070171875 0.2538611111111111