0 0.2769140625 0.19469444444444445 0.0456875 0.1480972222222222
5 0.356671875 0.7090000000000001 0.0638046875 0.19791666666666666
5 0.4180703125 0.557875 0.0495234375 0.21568055555555554
5 0.737234375 0.4857222222222223 0.053554687499999996 0.17806944444444445
5 0.9400703125 0.5504722222222221 0.0453671875 0.20576388888888889
5 0.3678046875 0.37220833333333336 0.0571640625 0.16741666666666669
5 0.636890625 0.4521111111111111 0.0452890625 0.19888888888888887
5 0.5506328125 0.4379444444444444 0.059664062500000004 0.19504166666666667
6 0.40271875 0.7405138888888888 0.050992187499999994 0.21106944444444445
5 0.2629296875 0.4965833333333334 0.057257812500000005 0.20979166666666668
6 0.862703125 0.3100138888888889 0.034015625 0.15866666666666665
7 0.0754921875 0.11388888888888889 0.038859375 0.08441666666666667
5 0.32020312500000003 0.32934722222222224 0.04978125 0.17370833333333333
2 0.3029453125 0.253375 0.028203125000000002 0.06597222222222222
5 0.21852343749999997 0.4754722222222222 0.0384609375 0.19236111111111112
7 0.2535 0.06376388888888888 0.033445312500000005 0.12752777777777777
1 0.623625 0.44162500000000005 0.0126640625 0.024625