5 0.0220703125 0.8853194444444443 0.044140625 0.22656944444444443
0 0.6577968750000001 0.19416666666666668 0.0521015625 0.1720972222222222
5 0.40764843749999996 0.6676111111111112 0.102640625 0.27729166666666666
5 0.5576484374999999 0.6498472222222222 0.06003125 0.27388888888888885
7 0.9165625000000001 0.10052777777777777 0.048078125 0.149375
6 0.65540625 0.3555972222222222 0.0387578125 0.18411111111111111
5 0.41728125 0.5446111111111112 0.068109375 0.19556944444444443
2 0.631828125 0.26959722222222227 0.035898437500000005 0.07793055555555556
5 0.52909375 0.4225 0.05532812499999999 0.18041666666666667
7 0.68703125 0.058444444444444445 0.036609375 0.11688888888888889
6 0.534046875 0.8468055555555556 0.0572265625 0.2227361111111111
5 0.50109375 0.5689444444444445 0.058499999999999996 0.283375
5 0.0572421875 0.8412777777777778 0.1144765625 0.2759861111111111
5 0.5829140625 0.5543611111111111 0.0479375 0.2602361111111111
5 0.6368437499999999 0.48702777777777784 0.047843750000000004 0.2290972222222222
1 0.647609375 0.4774722222222222 0.018226562499999998 0.033125