0 0.22137500000000002 0.21968055555555555 0.0511953125 0.1602222222222222
5 0.8020468749999999 0.6645416666666667 0.058710937500000004 0.18818055555555557
5 0.47761718750000004 0.69975 0.0814296875 0.21293055555555557
5 0.4077265625 0.6376111111111111 0.055218750000000004 0.21705555555555556
5 0.7471953124999999 0.5127222222222223 0.0522265625 0.23465277777777777
5 0.3490625 0.5085694444444445 0.042249999999999996 0.2240277777777778
5 0.2909921875 0.47312499999999996 0.0745625 0.22670833333333332
5 0.51484375 0.5158611111111111 0.0559921875 0.22645833333333334
6 0.4156328125 0.7765694444444444 0.0589921875 0.19270833333333334
7 0.1948828125 0.08027777777777777 0.032109375 0.13981944444444444
2 0.2515078125 0.2813611111111111 0.02946875 0.06719444444444445
5 0.347796875 0.3899583333333333 0.0485 0.10438888888888888
1 0.3908359375 0.2781666666666667 0.0160390625 0.028541666666666667
6 0.2469296875 0.38036111111111115 0.0444921875 0.149625