6 0.2407734375 0.28025 0.0721953125 0.1792222222222222
5 0.9045859374999999 0.3570694444444444 0.05440625 0.20373611111111112
5 0.43899999999999995 0.42319444444444443 0.084484375 0.22884722222222223
5 0.5675703125 0.45206944444444447 0.0660390625 0.2150416666666667
5 0.4261328125 0.6236666666666667 0.089140625 0.21566666666666667
6 0.431421875 0.7543333333333333 0.062210937499999994 0.2109583333333333
5 0.6645234375 0.5060833333333333 0.0773828125 0.20269444444444445
5 0.333546875 0.538986111111111 0.064875 0.1536388888888889
2 0.1675390625 0.2063472222222222 0.0330546875 0.06570833333333334
5 0.6407265625 0.327 0.035328125 0.18840277777777778
1 0.3245078125 0.5997361111111111 0.01690625 0.02661111111111111
0 0.14028125 0.13731944444444444 0.054718750000000003 0.15191666666666667
7 0.105359375 0.02838888888888889 0.03234375 0.056375
5 0.9737265624999999 0.5321805555555555 0.050031250000000006 0.21625
5 0.42455468749999997 0.40226388888888887 0.065859375 0.19176388888888887
5 0.9767890625 0.6659027777777777 0.0464140625 0.2433611111111111