5 0.719546875 0.5051944444444445 0.08690624999999999 0.22752777777777777
0 0.23714062500000002 0.216125 0.042890625 0.16666666666666666
5 0.3729765625 0.6385972222222223 0.063890625 0.25116666666666665
2 0.2646875 0.2787638888888889 0.034171875000000004 0.07119444444444444
5 0.8039375 0.6585694444444444 0.0447890625 0.18036111111111114
5 0.5003046875 0.4870833333333333 0.03096875 0.22793055555555558
7 0.2084453125 0.060708333333333336 0.03528125 0.12140277777777778
6 0.2319765625 0.36856944444444445 0.0404375 0.15643055555555554
7 0.01184375 0.13425 0.023679687499999998 0.08394444444444445
5 0.2954609375 0.46293055555555557 0.060125 0.20672222222222222
5 0.359953125 0.4326388888888889 0.0435 0.18533333333333332
5 0.4366875 0.6902638888888889 0.05239843749999999 0.24331944444444445
5 0.331484375 0.44251388888888893 0.033937499999999995 0.17481944444444444
6 0.3999609375 0.7790694444444444 0.049234375000000004 0.20502777777777778
1 0.3835234375 0.3097916666666667 0.015625 0.02361111111111111
5 0.47512499999999996 0.5082916666666667 0.032632812500000004 0.22619444444444448