6 0.6738125 0.28487500000000004 0.0420703125 0.18084722222222224
6 0.15730468749999998 0.5726805555555555 0.040304687500000005 0.17622222222222222
6 0.76878125 0.7947222222222223 0.0497109375 0.07401388888888889
5 0.3082421875 0.592625 0.0470390625 0.24698611111111113
5 0.632578125 0.6768333333333333 0.0637734375 0.2085972222222222
5 0.4255625 0.8159305555555556 0.0629296875 0.2954305555555556
5 0.159734375 0.7671527777777778 0.0642109375 0.26887500000000003
5 0.70471875 0.5744861111111111 0.0523671875 0.21995833333333334
5 0.4920703125 0.36193055555555553 0.047109374999999995 0.18990277777777775
5 0.7258046874999999 0.41958333333333336 0.060546875 0.15706944444444446
5 0.8047890625 0.4215277777777778 0.043609375 0.1763888888888889
5 0.507671875 0.2680694444444444 0.0541015625 0.18429166666666666
7 0.133375 0.12370833333333332 0.0427890625 0.11470833333333334
7 0.33280468750000003 0.0615 0.033671875000000004 0.123
2 0.3845546875 0.2770972222222222 0.033 0.069625
0 0.3393961588541667 0.18148389274691365 0.3383992513020834 0.3004497010030865 0.38241916232638895 0.24011381172839516 0.3795267740885417 0.1329149787808642
5 0.5383828125 0.6115555555555555 0.051914062500000004 0.24108333333333334
1 0.8078671875 0.4619027777777778 0.011226562499999999 0.024430555555555556
3 0.8075859375000001 0.47411111111111115 0.009125 0.004236111111111111