5 0.21003134796238246 0.7070277777777778 0.05841692789968653 0.24319444444444444
5 0.7058307210031348 0.6104722222222223 0.05700626959247648 0.20169444444444445
5 0.6297492163009404 0.6375555555555555 0.05714733542319749 0.2385
5 0.40493730407523515 0.5892777777777778 0.06681818181818182 0.24094444444444443
6 0.7443730407523511 0.4527222222222222 0.04584639498432602 0.17652777777777778
5 0.45744514106583073 0.5116666666666666 0.0484012539184953 0.20080555555555557
5 0.571551724137931 0.6484444444444445 0.045313479623824454 0.1882777777777778
5 0.3676802507836991 0.4898611111111111 0.0424294670846395 0.20052777777777778
5 0.29852664576802507 0.45563888888888887 0.04459247648902821 0.23963888888888887
5 0.5207366771159875 0.7455277777777778 0.04559561128526646 0.13094444444444445
7 0.8843103448275863 0.24002777777777776 0.030862068965517242 0.05252777777777778
2 0.7161912225705329 0.33819444444444446 0.03943573667711599 0.06527777777777778
6 0.5967868338557993 0.7535277777777777 0.04460815047021944 0.09641666666666666
5 0.4155485893416928 0.4693333333333334 0.032398119122257055 0.14400000000000002
0 0.7210031347962383 0.19685990338164258 0.7655440745536323 0.2385973354468599 0.764290262539185 0.3569878472222222 0.7134722766457681 0.3209729770531401