0 0.6394609375 0.19391666666666668 0.04559375 0.13945833333333332
6 0.5665625000000001 0.7514305555555555 0.064828125 0.216625
5 0.5551171874999999 0.4053888888888889 0.05165625 0.18093055555555557
5 0.48148437499999996 0.6993333333333334 0.06977343750000001 0.2675277777777778
5 0.512578125 0.5405555555555556 0.0527421875 0.16566666666666666
7 0.8448046874999999 0.11488888888888889 0.0391640625 0.0916388888888889
5 0.388046875 0.47805555555555557 0.055437499999999994 0.19769444444444445
5 0.3345546875 0.48004166666666664 0.0655234375 0.20543055555555556
5 0.32707031249999996 0.34352777777777777 0.0343046875 0.1354861111111111
7 0.6671484375000001 0.06354166666666666 0.022218750000000002 0.11506944444444443
5 0.46164062499999997 0.48283333333333334 0.0430625 0.18770833333333334
5 0.493265625 0.2674861111111111 0.035296875 0.18416666666666665
6 0.643265625 0.3185972222222222 0.0355546875 0.16526388888888888
6 0.11746875000000001 0.30206944444444445 0.0318125 0.18748611111111113
5 0.2277421875 0.31648611111111113 0.035171875000000005 0.18297222222222223
5 0.46157812500000006 0.5879166666666666 0.03721875 0.1925138888888889
2 0.6205234374999999 0.2462361111111111 0.036367187499999995 0.056375
1 0.504421875 0.5651944444444444 0.016078125 0.026333333333333334