5 0.41849218749999995 0.6223194444444444 0.105734375 0.19925
5 0.6668984375 0.5028888888888888 0.07485937499999999 0.216625
5 0.5532265625 0.4349166666666667 0.098546875 0.23276388888888888
6 0.41871875000000003 0.7631944444444444 0.07428125 0.19826388888888888
0 0.087828125 0.15197222222222223 0.06251562499999999 0.17770833333333333
6 0.2309609375 0.2788333333333333 0.06790625 0.17176388888888888
5 0.30021875 0.5371944444444444 0.0611796875 0.14431944444444444
5 0.88553125 0.35659722222222223 0.0513828125 0.22133333333333335
5 0.47037500000000004 0.41870833333333335 0.0663046875 0.18344444444444447
5 0.9478984374999999 0.5249861111111112 0.0542265625 0.21837499999999999
5 0.4155234375 0.40195833333333336 0.0700703125 0.21516666666666664
5 0.9708203125000001 0.664375 0.0531484375 0.23763888888888887
5 0.6308203125 0.3174444444444445 0.05475 0.20652777777777775
2 0.102296875 0.21043055555555554 0.04121875 0.06781944444444445
1 0.3043984375 0.6057222222222223 0.016421875 0.02694444444444444
7 0.040195312500000004 0.03966666666666666 0.0326171875 0.07933333333333333