5 0.4014263322884013 0.5674722222222222 0.05666144200626959 0.21158333333333335
5 0.6063479623824451 0.6484722222222222 0.04891849529780564 0.15219444444444444
5 0.2958307210031348 0.3484166666666667 0.04206896551724138 0.19027777777777777
5 0.5313949843260187 0.6283611111111111 0.041097178683385575 0.20636111111111113
5 0.4758934169278997 0.4605 0.034921630094043886 0.16966666666666666
5 0.4353605015673981 0.5525 0.04045454545454545 0.1904722222222222
6 0.35460815047021943 0.7315277777777779 0.04385579937304075 0.12505555555555556
5 0.43981191222570537 0.4429444444444445 0.03289968652037617 0.10408333333333333
5 0.010438871473354231 0.6346944444444444 0.020877742946708463 0.24913888888888888
5 0.6767241379310345 0.6540277777777778 0.05293103448275863 0.13886111111111113
5 0.5160815047021944 0.5580555555555555 0.047523510971786836 0.2070833333333333
6 0.5318181818181819 0.41447222222222224 0.038699059561128527 0.15744444444444444
7 0.6281818181818182 0.21969444444444444 0.02970219435736677 0.050499999999999996
7 0.5359717868338558 0.10688888888888888 0.023824451410658306 0.09297222222222222
2 0.4874294670846395 0.31416666666666665 0.03167711598746081 0.06069444444444445
0 0.49059987051928583 0.18755189462560395 0.5338630400708736 0.2222458106884059 0.5328301758211803 0.3420893719806764 0.4865615842646858 0.2976015247584541