5 0.48715624999999996 0.6153472222222223 0.08809375 0.2639166666666667
5 0.8064609375 0.5763333333333333 0.061617187500000004 0.27768055555555554
5 0.3065546875 0.5936805555555555 0.0595703125 0.2694722222222222
5 0.9496874999999999 0.43701388888888887 0.0628046875 0.24356944444444445
5 0.930515625 0.7460555555555555 0.0863515625 0.31719444444444445
5 0.409375 0.4545138888888889 0.05671875 0.25422222222222224
6 0.5261875 0.8762638888888888 0.0643671875 0.24747222222222223
5 0.6232109375 0.349375 0.081125 0.21505555555555556
6 0.3101171875 0.3007222222222222 0.047796875 0.18748611111111113
5 0.2829765625 0.46419444444444447 0.051164062499999996 0.2703333333333333
0 0.2563984375 0.19005555555555556 0.047984375 0.18758333333333332
2 0.291546875 0.2556805555555556 0.0386484375 0.07494444444444445
7 0.007546875 0.06391666666666668 0.01509375 0.12619444444444444
7 0.22472656249999998 0.047125 0.0344921875 0.09425