6 0.6952499999999999 0.6963333333333334 0.06584375 0.22290277777777778
6 0.08996875 0.17454166666666668 0.05840625000000001 0.17316666666666666
5 0.0669609375 0.32508333333333334 0.102671875 0.2427777777777778
5 0.40603125 0.4629166666666667 0.05859375 0.23756944444444447
5 0.49059375000000005 0.436875 0.0679921875 0.2441111111111111
5 0.6065546875 0.43777777777777777 0.063796875 0.23973611111111112
5 0.568640625 0.673875 0.0678359375 0.2459027777777778
5 0.601234375 0.6135138888888889 0.10003124999999999 0.22393055555555555
5 0.79575 0.5365416666666667 0.0567734375 0.22431944444444443
5 0.848828125 0.536125 0.0483515625 0.21112499999999998
6 0.83728125 0.413375 0.04609375 0.19094444444444442
5 0.5434375 0.30301388888888886 0.0486796875 0.19243055555555558
5 0.6015312500000001 0.2548888888888889 0.0537578125 0.161
2 0.6395546875 0.12993055555555555 0.0360625 0.0777638888888889
0 0.6571180555555556 0 0.6846686469184029 0.02355203510802476 0.6867675781250001 0.14988425925925936 0.643374972873264 0.0854190779320988
1 0.5285390624999999 0.71875 0.018015625 0.03031944444444444
3 0.5293281249999999 0.7346111111111111 0.013695312500000001 0.010888888888888889