5 0.4487460815047022 0.4831111111111111 0.05835423197492162 0.25180555555555556
5 0.624075235109718 0.4953888888888889 0.05119122257053291 0.24455555555555558
6 0.8213322884012539 0.6599722222222222 0.06079937304075235 0.2435
5 0.5457210031347962 0.43394444444444447 0.05106583072100313 0.17883333333333332
5 0.8421943573667713 0.41191666666666665 0.07852664576802508 0.16922222222222222
5 0.15004702194357367 0.36333333333333334 0.054514106583072104 0.2036111111111111
0 0.04523510971786834 0.1921388888888889 0.04244514106583072 0.14075000000000001
5 0.09700626959247649 0.604388888888889 0.054294670846394985 0.23405555555555557
6 0.4508307210031348 0.28858333333333336 0.04603448275862069 0.12944444444444445
5 0.2007523510971787 0.3191388888888889 0.04945141065830721 0.18225
5 0.6523354231974922 0.47686111111111107 0.03706896551724138 0.24713888888888888
2 0.07695924764890283 0.26105555555555554 0.03808777429467085 0.068