5 0.1886328125 0.6639999999999999 0.07175000000000001 0.21343055555555554
5 0.7442890625 0.5935694444444445 0.07062500000000001 0.21683333333333335
5 0.3539296875 0.577375 0.06589062500000001 0.2105972222222222
5 0.6202890625 0.6394166666666666 0.05746875 0.20991666666666664
5 0.25866406249999996 0.4815138888888889 0.042859375 0.20179166666666665
6 0.904875 0.30540277777777775 0.038015625 0.16468055555555555
6 0.4130546875 0.7194444444444444 0.055632812499999997 0.19804166666666667
2 0.32590625 0.24329166666666666 0.028429687500000002 0.06145833333333333
7 0.10493749999999999 0.10680555555555557 0.0360703125 0.08554166666666667
0 0.3061484375 0.18694444444444444 0.0338984375 0.15038888888888888
5 0.692890625 0.6153472222222223 0.051625 0.17504166666666668
5 0.3215234375 0.42851388888888886 0.0587265625 0.2014166666666667
5 0.501765625 0.38066666666666665 0.0420703125 0.18334722222222222
5 0.53184375 0.4795555555555555 0.056929687500000006 0.18477777777777776
6 0.28715625 0.2905 0.031406250000000004 0.1398888888888889
5 0.637953125 0.29005555555555557 0.06929687500000001 0.17769444444444443
1 0.588984375 0.6760138888888889 0.017085937500000002 0.03288888888888889
7 0.2761328125 0.05018055555555556 0.0220078125 0.10034722222222223