7 0.8761755485893417 0.036944444444444446 0.06399686520376176 0.06991666666666667
5 0.39018808777429465 0.8125833333333332 0.10957680250783698 0.37483333333333335
5 0.6378213166144201 0.6220277777777778 0.16175548589341693 0.32505555555555554
5 0.25462382445141063 0.6816111111111111 0.10452978056426332 0.4078888888888889
6 0.3416614420062696 0.41247222222222224 0.07136363636363637 0.3080555555555556
2 0.3675705329153605 0.26302777777777775 0.06456112852664576 0.09611111111111112
0 0.27711108934169276 0.3029230827294686 0.2749495280768707 0.09442463013285025 0.3619869752623689 0.02499905646135265 0.36875649533187954 0.23351637983091791
5 0.4685423197492163 0.66175 0.10161442006269593 0.39838888888888885
1 0.4138871473354232 0.6024722222222222 0.023620689655172413 0.035861111111111114
5 0.6291065830721003 0.4208055555555556 0.059764890282131666 0.2981388888888889
5 0.4830877742946708 0.3968611111111111 0.06115987460815048 0.2043888888888889