5 0.4804545454545454 0.2886944444444445 0.09583072100313479 0.18033333333333335
5 0.8259404388714734 0.5088888888888888 0.08780564263322885 0.25477777777777777
5 0.5241692789968653 0.5215833333333334 0.08382445141065831 0.2768611111111111
5 0.10586206896551725 0.41588888888888886 0.06167711598746082 0.2723055555555556
5 0.43684952978056424 0.6778611111111111 0.10451410658307211 0.2401388888888889
1 0.7689341692789968 0.5392777777777777 0.01785266457680251 0.025722222222222223
5 0.6534952978056426 0.37097222222222226 0.08156739811912225 0.23180555555555557
5 0.6950470219435737 0.6338888888888888 0.09678683385579938 0.24363888888888888
5 0.1639655172413793 0.5131388888888888 0.11401253918495297 0.30066666666666664
5 0.2385266457680251 0.35138888888888886 0.07498432601880878 0.23419444444444446
6 0.6613636363636364 0.7302222222222222 0.0606269592476489 0.15366666666666667