5 0.6678046875 0.49930555555555556 0.0933984375 0.21300000000000002
0 0.0694296875 0.14434722222222224 0.06121093749999999 0.156
5 0.9421250000000001 0.52725 0.0526015625 0.24540277777777778
5 0.4436484375 0.6164166666666666 0.0640625 0.1715972222222222
5 0.570015625 0.42251388888888886 0.0542734375 0.20754166666666668
5 0.4193515625 0.3913055555555556 0.055125 0.19834722222222223
5 0.46796875 0.41312499999999996 0.074828125 0.17609722222222224
5 0.874015625 0.3586111111111111 0.0598515625 0.21080555555555555
6 0.224375 0.2798333333333333 0.0642734375 0.18758333333333332
5 0.2893203125 0.5397638888888889 0.0689453125 0.149375
7 0.026828125 0.02698611111111111 0.033171875 0.05397222222222222
2 0.0963515625 0.21155555555555555 0.028359375 0.05668055555555556
5 0.9744765624999999 0.6637361111111111 0.04940625 0.22823611111111114
1 0.30159375 0.600875 0.015476562499999999 0.024736111111111108
6 0.40946875 0.7690277777777779 0.053054687499999996 0.1996111111111111
5 0.6274140625 0.31777777777777777 0.0683359375 0.17905555555555555