5 0.5961755485893417 0.6705 0.0672884012539185 0.2657777777777778
6 0.6592006269592476 0.45033333333333336 0.05216300940438871 0.21730555555555556
5 0.5016300940438871 0.639 0.060454545454545455 0.23111111111111113
5 0.35315047021943574 0.5192222222222221 0.06470219435736678 0.24483333333333335
5 0.25708463949843263 0.8501944444444445 0.0726332288401254 0.2995833333333333
5 0.4641849529780564 0.49774999999999997 0.04446708463949844 0.20294444444444446
5 0.38926332288401255 0.5379722222222222 0.03741379310344828 0.22049999999999997
5 0.02877742946708464 0.49905555555555553 0.057570532915360496 0.2685277777777778
6 0.5117241379310346 0.9406944444444444 0.06509404388714733 0.10719444444444445
5 0.43358934169278995 0.5830833333333333 0.05084639498432601 0.2615
2 0.6176489028213166 0.29780555555555555 0.050877742946708465 0.08113888888888889
7 0.8303448275862069 0.16497222222222221 0.03876175548589342 0.07388888888888889
0 0.6187815183317433 0.1135265700483092 0.6797071989573397 0.16557216183574885 0.677668090670574 0.3256906702898551 0.6121184791127164 0.27783439009661837