6 0.46488281249999996 0.8062638888888889 0.0675859375 0.164
5 0.734734375 0.7463194444444444 0.088046875 0.2708472222222222
5 0.5319375 0.5634722222222222 0.10121875 0.25961111111111107
5 0.9773984375 0.7264444444444444 0.0452109375 0.3246527777777778
0 0.363625 0.1560277777777778 0.046632812499999995 0.18195833333333333
7 0.10873437500000001 0.06433333333333334 0.0456171875 0.11419444444444445
5 0.5178984375 0.39452777777777776 0.056437499999999995 0.16033333333333333
5 0.36339062499999997 0.5065000000000001 0.0868515625 0.2558333333333333
5 0.90821875 0.3431666666666667 0.055765625 0.23677777777777775
5 0.43378125 0.5183333333333333 0.033734375 0.2746111111111111
5 0.47190624999999997 0.6256388888888889 0.05815625 0.21491666666666667
5 0.4698203125 0.47588888888888886 0.055937499999999994 0.16194444444444445
2 0.39230468749999997 0.22904166666666667 0.045421875 0.07797222222222222
1 0.4567109375 0.3111111111111111 0.016375 0.03165277777777778