7 0.009765625 0.06061111111111111 0.01953125 0.12122222222222222
2 0.2624375 0.2169861111111111 0.0387734375 0.072875
5 0.11179687499999999 0.7538333333333334 0.0819609375 0.25458333333333333
5 0.159796875 0.6655555555555556 0.0730703125 0.2508611111111111
6 0.2184375 0.3086666666666667 0.0427734375 0.1944861111111111
6 0.3802265625 0.8285694444444445 0.06079687499999999 0.259
5 0.4018515625 0.32016666666666665 0.04178125 0.21131944444444445
5 0.420140625 0.2066666666666667 0.0555625 0.20347222222222222
5 0.57984375 0.527 0.0624609375 0.2237638888888889
5 0.5550078125 0.4898194444444445 0.0445 0.26358333333333334
5 0.6919296875 0.5220277777777778 0.053640625 0.24776388888888887
5 0.8526562500000001 0.5349027777777777 0.0577421875 0.24880555555555553
5 0.7398125 0.422 0.0681640625 0.2328888888888889
5 0.78596875 0.35441666666666666 0.047625 0.2181111111111111
0 0.21093750000000006 0.11419753086419762 0.2589891221788194 0.06462191358024692 0.2607184516059028 0.18636670524691357 0.2165188259548611 0.23578559027777782
1 0.8827734375 0.6131805555555556 0.0171015625 0.03052777777777778
3 0.8830234375 0.6277222222222222 0.0130859375 0.011833333333333333