5 0.64353125 0.4981388888888889 0.095890625 0.19580555555555554
6 0.4392421875 0.7651666666666667 0.05695312500000001 0.20866666666666667
5 0.30696875 0.7249305555555556 0.086078125 0.20347222222222222
5 0.46428906249999996 0.5258055555555555 0.05682812499999999 0.2076111111111111
5 0.5655625 0.5522361111111111 0.07473437499999999 0.19933333333333333
0 0.362609375 0.19770833333333332 0.040781250000000005 0.15240277777777778
5 0.31803906249999997 0.5820972222222223 0.053984374999999994 0.22106944444444443
5 0.73659375 0.34318055555555554 0.06965625 0.16593055555555555
5 0.35950000000000004 0.6008611111111111 0.0490546875 0.23820833333333333
7 0.14834375 0.12168055555555556 0.0363125 0.08909722222222223
6 0.9780859375000001 0.3371527777777778 0.0382890625 0.18001388888888892
5 0.51615625 0.545611111111111 0.0410625 0.22911111111111113
5 0.627796875 0.40123611111111107 0.0425703125 0.14529166666666665
7 0.32799999999999996 0.06390277777777778 0.0293359375 0.118
2 0.38209375 0.2659722222222222 0.0339765625 0.07258333333333333
5 0.3557734375 0.4570694444444444 0.0451953125 0.14130555555555555
6 0.3350078125 0.31222222222222223 0.032484374999999996 0.1460972222222222
1 0.511296875 0.4567361111111111 0.0180390625 0.032916666666666664