6 0.5164921875 0.8524722222222222 0.0695625 0.248375
5 0.5450781250000001 0.6642916666666667 0.08735156250000001 0.2628888888888889
0 0.657765625 0.19256944444444446 0.051484375000000006 0.17202777777777778
5 0.34234375 0.6762777777777778 0.0806875 0.2713888888888889
5 0.380625 0.5594166666666667 0.086078125 0.22697222222222221
6 0.6585390624999999 0.35130555555555554 0.041234375000000004 0.17469444444444446
5 0.6404140625 0.484875 0.051898437500000005 0.23072222222222222
7 0.9204531250000001 0.09166666666666666 0.05240625 0.13893055555555556
2 0.628203125 0.2668888888888889 0.037234375 0.07925
5 0.4978359375 0.5739166666666667 0.060828125 0.27908333333333335
5 0.50925 0.4153194444444444 0.05450000000000001 0.15715277777777778
7 0.6881406250000001 0.057833333333333334 0.036609375 0.11566666666666667
5 0.5836406249999999 0.5668055555555556 0.056281250000000005 0.27584722222222224
1 0.6621718750000001 0.48897222222222225 0.015359375 0.030083333333333333