6 0.9063125 0.3374027777777778 0.0745234375 0.18406944444444445
6 0.535203125 0.7796666666666667 0.052859375 0.18895833333333334
6 0.175484375 0.3690555555555556 0.0570078125 0.17019444444444445
5 0.7861640624999999 0.4166944444444444 0.044546875 0.2068611111111111
5 0.604640625 0.36016666666666663 0.0719609375 0.18329166666666666
5 0.63625 0.5737361111111111 0.0816640625 0.24315277777777777
5 0.562703125 0.7206805555555555 0.060367187499999996 0.2098888888888889
5 0.37110937499999996 0.7139166666666666 0.10500781249999999 0.25808333333333333
5 0.2117109375 0.5409027777777777 0.0904609375 0.22379166666666667
5 0.32671875 0.43804166666666666 0.10003124999999999 0.19088888888888889
5 0.2934765625 0.40969444444444447 0.0626953125 0.1912361111111111
5 0.9471640625 0.5021805555555555 0.0523203125 0.22040277777777778
1 0.3905703125 0.5157777777777778 0.0155078125 0.02702777777777778
3 0.3898359375 0.5305555555555556 0.015070312499999999 0.013486111111111112