6 0.47971874999999997 0.863 0.0936171875 0.21108333333333332
5 0.2592734375 0.6722083333333333 0.106125 0.27644444444444444
0 0.6607734375 0.18809722222222222 0.0566640625 0.17745833333333333
5 0.657171875 0.4805416666666667 0.0508359375 0.24391666666666667
5 0.5820234375 0.5884166666666667 0.0603515625 0.2807222222222222
7 0.9312265625 0.089625 0.0522265625 0.1479861111111111
5 0.49060156250000003 0.6569166666666667 0.07478125 0.2623611111111111
5 0.2974765625 0.5542222222222223 0.1085703125 0.21177777777777776
5 0.46528125 0.4215277777777778 0.0575625 0.11890277777777777
6 0.6583515625 0.3405416666666667 0.03775 0.1546111111111111
7 0.6912812500000001 0.05534722222222222 0.0344296875 0.11069444444444444
5 0.49100781250000003 0.5452777777777779 0.068453125 0.21195833333333336
1 0.6913671875 0.5803611111111111 0.0176484375 0.034180555555555554