6 0.7825546875 0.75775 0.04428125 0.14204166666666665
6 0.5357968750000001 0.24052777777777778 0.0316640625 0.15390277777777778
5 0.5801484375 0.6491388888888889 0.0584453125 0.19024999999999997
5 0.7214140625 0.7102083333333333 0.047 0.24140277777777777
5 0.7607265625 0.4804861111111111 0.07528125 0.21495833333333333
5 0.523515625 0.4987638888888889 0.0748125 0.19075
5 0.24260156249999998 0.6939444444444445 0.0546484375 0.2293888888888889
5 0.24396874999999998 0.5466111111111112 0.0435 0.11269444444444444
5 0.72815625 0.29186111111111107 0.041390625 0.17631944444444445
5 0.485671875 0.37022222222222223 0.040781250000000005 0.19105555555555556
5 0.38185156249999996 0.3257638888888889 0.053640625 0.18238888888888888
5 0.426 0.24334722222222224 0.060187500000000005 0.171875
2 0.1736640625 0.23125 0.031359375 0.06436111111111112
7 0.11629687500000001 0.04015277777777778 0.031203124999999998 0.08030555555555556
0 0.125 0.1373456790123458 0.16641913519965276 0.09513647762345682 0.17150878906250003 0.20113570601851866 0.13240898980034724 0.25161554783950624
1 0.720421875 0.7858472222222221 0.011625 0.0275
3 0.720203125 0.7987500000000001 0.008109375 0.008597222222222223