5 0.28492163009404387 0.5873611111111111 0.04893416927899687 0.2056111111111111
6 0.6494043887147335 0.30516666666666664 0.05753918495297806 0.16858333333333334
5 0.34341692789968653 0.4152777777777778 0.052507836990595615 0.19986111111111113
5 0.43021943573667715 0.33919444444444447 0.0432601880877743 0.18916666666666665
5 0.7731818181818182 0.4429166666666666 0.047398119122257054 0.24841666666666667
5 0.6576645768025078 0.4703333333333333 0.0981191222570533 0.18775
6 0.644858934169279 0.7142499999999999 0.058369905956112855 0.22158333333333333
5 0.31854231974921626 0.5170833333333333 0.04551724137931034 0.19997222222222222
6 0.0684012539184953 0.519 0.04001567398119123 0.21433333333333332
5 0.15597178683385582 0.6421111111111111 0.05605015673981191 0.2383333333333333
5 0.16694357366771162 0.5177222222222222 0.038119122257053294 0.1272222222222222
5 0.3120689655172414 0.37224999999999997 0.04358934169278997 0.1841388888888889
5 0.4382445141065831 0.28075 0.04236677115987461 0.17019444444444445
2 0.30844827586206897 0.23641666666666666 0.032178683385579936 0.05977777777777778
0 0.26236881559220393 0.2584541062801933 0.2596828361387489 0.13048195954106276 0.3058209886534007 0.10006699124396141 0.3064864939689247 0.22714749396135275
1 0.7742163009404388 0.32125000000000004 0.015564263322884011 0.016305555555555556