5 0.2370703125 0.40094444444444444 0.0546015625 0.18538888888888888
5 0.8669921875 0.3697083333333333 0.0420234375 0.211625
5 0.8228125000000001 0.4700138888888889 0.069734375 0.20590277777777777
5 0.759625 0.4608611111111111 0.0638984375 0.15188888888888888
5 0.6416015625 0.3873888888888889 0.051054687499999994 0.1954027777777778
5 0.10859375 0.7915555555555555 0.0765625 0.2656527777777778
5 0.311921875 0.8302361111111111 0.0591015625 0.22791666666666666
5 0.5109296875 0.5971944444444445 0.060687500000000005 0.2737638888888889
5 0.41140625000000003 0.5556111111111112 0.058359375000000005 0.25804166666666667
5 0.2357890625 0.6566944444444445 0.059664062500000004 0.2776666666666667
5 0.47475781250000004 0.4135972222222222 0.050492187499999994 0.23105555555555557
5 0.5184453125 0.34605555555555556 0.0626015625 0.18418055555555557
7 0.19989062500000002 0.06837499999999999 0.056023437499999995 0.13676388888888888
0 0.21651785714285715 0.17658730158730165 0.259246826171875 0.13533916170634924 0.26336233956473215 0.2747240823412699 0.22140938895089288 0.31594897073412703
2 0.26867968750000004 0.2893611111111111 0.0474609375 0.07872222222222222
3 0.717546875 0.5452083333333333 0.0132109375 0.008916666666666666
1 0.7160703125000001 0.530375 0.014960937499999999 0.027416666666666666
5 0.5817187500000001 0.4777777777777778 0.0626875 0.20465277777777777