5 0.6658463949843261 0.38369444444444445 0.05523510971786834 0.15505555555555556
5 0.4910658307210031 0.42186111111111113 0.06130094043887147 0.2006111111111111
6 0.6404702194357367 0.6965277777777777 0.049858934169278994 0.14002777777777778
5 0.48155172413793107 0.6303333333333333 0.060000000000000005 0.13966666666666666
5 0.6155485893416929 0.48380555555555554 0.052445141065830723 0.17
5 0.5491065830721003 0.6078055555555556 0.07278996865203761 0.17755555555555555
5 0.9441065830721004 0.5833611111111111 0.05802507836990596 0.19083333333333335
5 0.7478526645768026 0.2644444444444444 0.04152037617554859 0.15269444444444444
5 0.5449216300940439 0.36424999999999996 0.0514576802507837 0.19452777777777777
5 0.23843260188087775 0.41241666666666665 0.07177115987460815 0.16233333333333333
6 0.22669278996865203 0.34780555555555553 0.04092476489028213 0.1443611111111111
2 0.9427899686520376 0.2565 0.02639498432601881 0.06425
0 0.9609356161080299 0.12606837606837606 0.9815265553412105 0.17403679220085472 0.9746503496503497 0.27623364049145294 0.9524675217024354 0.22228899572649571 0.9597723128164939 0.122028579059829
1 0.5171473354231975 0.6893055555555556 0.010470219435736677 0.023249999999999996