0 0.6576640625 0.1925277777777778 0.0517578125 0.16990277777777776
6 0.5202265625 0.8523611111111111 0.0636171875 0.2507361111111111
6 0.6562265625 0.3515416666666667 0.0401484375 0.18169444444444444
2 0.6286640625000001 0.2679722222222222 0.038070312499999995 0.08088888888888889
5 0.5514609375 0.6563888888888889 0.07059375 0.26616666666666666
5 0.3588671875 0.6723472222222222 0.07465625000000001 0.2766388888888889
7 0.9193828125 0.0917361111111111 0.049859375 0.1355972222222222
5 0.5151328125 0.4168888888888889 0.055703125 0.1801111111111111
5 0.391421875 0.5481111111111111 0.084265625 0.1965138888888889
5 0.5000859375 0.570388888888889 0.06171093749999999 0.2859861111111111
7 0.688390625 0.057902777777777775 0.038843749999999996 0.11579166666666667
5 0.6377421875 0.47866666666666663 0.048625 0.21445833333333333
5 0.584921875 0.573138888888889 0.058671875 0.2805694444444444
5 0.0204375 0.8646111111111111 0.039554687500000005 0.2707361111111111
1 0.6577421875 0.4817638888888889 0.015890625 0.02873611111111111