5 0.43853125000000004 0.8836666666666667 0.0573359375 0.2326666666666667
5 0.42603125000000003 0.5989027777777778 0.0846171875 0.19390277777777779
5 0.32687499999999997 0.5070555555555555 0.072625 0.21758333333333332
5 0.8109375 0.36986111111111114 0.0363046875 0.21063888888888888
5 0.6903359375 0.28606944444444443 0.04278125 0.1902083333333333
5 0.6343593750000001 0.4379722222222222 0.05745312500000001 0.2162083333333333
5 0.435140625 0.252875 0.05778124999999999 0.18977777777777777
5 0.4181875 0.35738888888888887 0.05425 0.204375
5 0.49241406249999997 0.8137361111111111 0.09525781250000001 0.2316388888888889
5 0.3626484375 0.3908333333333333 0.03446875 0.07333333333333333
5 0.36638281250000004 0.5168194444444445 0.0643359375 0.2510972222222222
5 0.3283671875 0.36901388888888886 0.0453984375 0.08525
0 0.2373046875 0.13888888888888898 0.28761291503906256 0.08508300781250006 0.28933715820312506 0.2192043728298611 0.23992919921875 0.2711385091145834
7 0.2319375 0.03559722222222222 0.0263671875 0.07118055555555555
7 0.0131875 0.08720833333333333 0.0263671875 0.11190277777777777
2 0.28976562499999997 0.2525277777777778 0.0385234375 0.09187500000000001
1 0.563375 0.8855555555555555 0.02034375 0.036000000000000004