5 0.02415625 0.3596805555555556 0.046484375 0.14283333333333334
5 0.8345156250000001 0.5971111111111111 0.0675078125 0.17463888888888887
5 0.9747265625000001 0.305875 0.050546875000000005 0.17344444444444443
5 0.857734375 0.47168055555555555 0.0413671875 0.20923611111111112
5 0.9725546875 0.7716666666666667 0.043734375 0.23381944444444444
5 0.25109375 0.7939166666666667 0.082625 0.19894444444444445
5 0.4632109375 0.40519444444444447 0.03803125 0.15958333333333335
5 0.4585390625 0.29883333333333334 0.0293515625 0.06990277777777777
5 0.2655234375 0.45863888888888893 0.044546875 0.15141666666666667
5 0.190203125 0.5149305555555556 0.063796875 0.17181944444444444
5 0.2296015625 0.5392777777777777 0.040796874999999996 0.1301388888888889
1 0.3127890625 0.5273888888888889 0.0129453125 0.021208333333333333
3 0.31248437500000004 0.5398611111111111 0.0100390625 0.007513888888888889