7 0.9024921875 0.08615277777777777 0.028937499999999998 0.15994444444444444
6 0.047140625000000005 0.32372222222222224 0.06997656249999999 0.153625
6 0.644046875 0.7982083333333334 0.093640625 0.20752777777777776
6 0.7198359375 0.3275694444444444 0.0368984375 0.15205555555555555
5 0.0925390625 0.5484583333333333 0.06492187499999999 0.23580555555555555
5 0.2298828125 0.39491666666666664 0.0708828125 0.19725
5 0.33302343749999996 0.7697222222222223 0.11569531250000001 0.23390277777777777
5 0.234234375 0.8212638888888888 0.1131328125 0.20006944444444447
5 0.5220078125 0.6621250000000001 0.075265625 0.20695833333333333
5 0.487203125 0.4979027777777778 0.06121875 0.17173611111111112
5 0.4477578125 0.33018055555555553 0.0691328125 0.1572638888888889
5 0.47897656250000004 0.2798333333333333 0.07600781250000001 0.14916666666666667
5 0.762 0.3721111111111111 0.07956250000000001 0.13309722222222223
5 0.6384765625 0.512625 0.08251562500000001 0.19193055555555555
2 0.84659375 0.27115277777777774 0.04040625 0.06698611111111111
0 0.8541666666666667 0.14043209876543214 0.8861219618055556 0.18570963541666674 0.8827412923177083 0.29603708526234573 0.8469645182291666 0.24008969907407404
1 0.684015625 0.4384166666666667 0.012507812500000002 0.023027777777777775
3 0.683640625 0.45161111111111113 0.0097578125 0.012875