5 0.3525859375 0.7032499999999999 0.0758984375 0.2320138888888889
5 0.6873125 0.48355555555555557 0.0678125 0.15881944444444443
6 0.40916406250000004 0.7495833333333334 0.059078125 0.2119861111111111
0 0.28921874999999997 0.20143055555555556 0.0396484375 0.14019444444444445
5 0.508078125 0.40622222222222226 0.053953125000000005 0.19654166666666664
5 0.9235703125000001 0.5807777777777778 0.0569453125 0.20633333333333334
5 0.666546875 0.427625 0.0481484375 0.17794444444444446
5 0.401546875 0.5573888888888889 0.047296875 0.226
6 0.8672812499999999 0.31605555555555553 0.0383359375 0.1602638888888889
5 0.211046875 0.5068194444444445 0.056203125 0.20590277777777777
5 0.39828125000000003 0.3925277777777778 0.0423203125 0.15105555555555555
5 0.36759375 0.35218055555555555 0.03665625 0.1785138888888889
7 0.0759296875 0.12406944444444444 0.039531250000000004 0.0931388888888889
7 0.2571796875 0.07125 0.0318984375 0.1224861111111111
2 0.30767968749999997 0.2606805555555555 0.0395859375 0.07418055555555556
5 0.2649609375 0.4971944444444445 0.061484375 0.20887499999999998
1 0.667390625 0.4103333333333333 0.015312500000000001 0.02698611111111111