0 0.241984375 0.21533333333333332 0.0460859375 0.16568055555555555
5 0.7043125 0.5075694444444444 0.0522421875 0.24247222222222223
2 0.26942187500000003 0.2773333333333333 0.0325546875 0.06875
5 0.8096015624999999 0.6544166666666666 0.054578125 0.1839861111111111
5 0.34973437500000004 0.6257916666666666 0.0516953125 0.2615
5 0.3683125 0.4287916666666667 0.0561328125 0.16848611111111111
5 0.290484375 0.47405555555555556 0.0755859375 0.2087638888888889
7 0.21424218750000001 0.06027777777777778 0.03746875 0.12054166666666667
5 0.48474218750000003 0.5032777777777778 0.0384609375 0.22205555555555556
5 0.4288125 0.6538611111111111 0.0593984375 0.16516666666666666
7 0.015859375000000002 0.13306944444444443 0.0317109375 0.09020833333333333
6 0.39165625 0.7711944444444444 0.0559453125 0.2088611111111111
6 0.2220390625 0.36559722222222224 0.044914062500000004 0.17945833333333333
1 0.40014843750000006 0.3273611111111111 0.011109375000000001 0.023416666666666665
5 0.3330625 0.4375833333333333 0.0468046875 0.1983888888888889
5 0.4538125 0.49593055555555554 0.041140625 0.23177777777777778