6 0.3985859375 0.7206388888888889 0.05932031250000001 0.19156944444444446
5 0.7591328125000001 0.5514444444444445 0.055570312499999996 0.21824999999999997
5 0.43532031250000003 0.3678333333333333 0.0541953125 0.15784722222222222
0 0.276359375 0.17990277777777777 0.0387109375 0.1492638888888889
5 0.3884765625 0.5839861111111111 0.0650859375 0.21675
5 0.24792968750000002 0.6578888888888889 0.0505 0.23904166666666668
7 0.07675 0.106875 0.0369453125 0.09219444444444444
6 0.8638359375 0.297 0.0368359375 0.1642361111111111
5 0.3128515625 0.42113888888888895 0.0546484375 0.1817638888888889
5 0.8174296875 0.5846388888888889 0.0709453125 0.18997222222222224
5 0.5472187500000001 0.48006944444444444 0.0522578125 0.20059722222222223
5 0.2746796875 0.43154166666666666 0.0453046875 0.16391666666666665
2 0.29946875 0.23870833333333333 0.024796875 0.05495833333333333
5 0.4771640625 0.2668888888888889 0.036851562500000004 0.13679166666666667
7 0.2475546875 0.052569444444444446 0.0211875 0.10513888888888889
5 0.7954453125 0.5613888888888888 0.0636171875 0.14959722222222221
1 0.7994609374999999 0.6136666666666666 0.018070312499999998 0.03127777777777778