5 0.658625 0.5040694444444445 0.08578125 0.21590277777777775
5 0.91659375 0.3612916666666667 0.05240625 0.21555555555555553
5 0.639140625 0.322 0.050203125 0.17756944444444445
0 0.1626484375 0.134375 0.0531015625 0.15025000000000002
5 0.566359375 0.45426388888888886 0.07215625 0.21913888888888888
6 0.2549765625 0.2813611111111111 0.0887421875 0.18244444444444446
6 0.436453125 0.7524861111111111 0.062125 0.21709722222222222
5 0.4435703125 0.4293611111111111 0.070609375 0.18484722222222222
5 0.342796875 0.5359583333333333 0.06015625 0.15629166666666666
5 0.432875 0.6243055555555556 0.0689765625 0.21847222222222223
2 0.1905390625 0.20691666666666667 0.0356328125 0.06722222222222222
5 0.983015625 0.5321111111111111 0.03396875 0.21544444444444444
1 0.3459375 0.6199166666666667 0.01640625 0.03148611111111111
5 0.9802578125 0.6822777777777778 0.039484375 0.2335972222222222
5 0.4163984375 0.3965416666666667 0.08007031249999999 0.1679166666666667