2 0.2649765625 0.27475 0.033015625 0.06840277777777778
0 0.23659375 0.21691666666666667 0.042648437500000004 0.16641666666666666
5 0.3746640625 0.6478472222222222 0.0629296875 0.23569444444444443
5 0.7236953125000001 0.5040833333333333 0.07878125 0.22755555555555557
5 0.80315625 0.6600277777777778 0.0453828125 0.18265277777777778
5 0.4750234375 0.5085277777777778 0.0421953125 0.22569444444444445
7 0.2065390625 0.07906944444444444 0.0362109375 0.15755555555555556
5 0.36033593750000004 0.43183333333333335 0.042226562499999995 0.19559722222222223
5 0.43802343749999995 0.6888333333333333 0.0464140625 0.24995833333333334
6 0.233203125 0.3658888888888889 0.040609374999999996 0.15911111111111112
5 0.29715625 0.45970833333333333 0.0669765625 0.21280555555555555
7 0.011617187499999999 0.14954166666666666 0.0232265625 0.11629166666666667
6 0.40670312500000005 0.7679305555555556 0.05940625000000001 0.18075
5 0.5021484375 0.48809722222222224 0.032703125 0.22872222222222224
1 0.38151562499999997 0.30822222222222223 0.014445312499999998 0.025527777777777778