5 0.6643671875 0.5306111111111111 0.0988046875 0.1888611111111111
6 0.3993671875 0.7191666666666666 0.0482109375 0.18936111111111112
5 0.9167265625000001 0.5340972222222222 0.06275 0.17273611111111112
5 0.43421875 0.5896944444444444 0.0689921875 0.1897222222222222
5 0.3408671875 0.6743611111111112 0.069265625 0.19977777777777778
0 0.2747890625 0.18441666666666667 0.041890625 0.15244444444444444
5 0.3734375 0.3627916666666666 0.048765625 0.15608333333333332
5 0.5006015625 0.44001388888888887 0.05742968750000001 0.2083472222222222
6 0.8553124999999999 0.2966111111111111 0.03128125 0.15725
5 0.7522656249999999 0.47834722222222226 0.056523437499999996 0.16536111111111113
5 0.254765625 0.4404722222222222 0.054015625 0.18420833333333334
7 0.0769765625 0.10379166666666667 0.0355390625 0.0787361111111111
1 0.70540625 0.5479861111111112 0.01603125 0.020791666666666667
5 0.29365625 0.4565 0.048609374999999996 0.1910416666666667
2 0.2989140625 0.24063888888888887 0.024515625 0.05381944444444445
6 0.2598359375 0.30201388888888886 0.029726562499999998 0.13447222222222222
5 0.3632734375 0.2600138888888889 0.0360546875 0.12115277777777779
7 0.2519921875 0.06833333333333334 0.0227578125 0.10348611111111111