5 0.5252734375 0.6727361111111111 0.0918203125 0.25331944444444443
6 0.500015625 0.8642222222222222 0.07620312500000001 0.22591666666666665
0 0.659171875 0.19181944444444446 0.056703125 0.1706111111111111
7 0.9274531250000001 0.08876388888888888 0.0518359375 0.1383888888888889
6 0.65453125 0.3426388888888889 0.036148437500000005 0.15761111111111112
5 0.6505234375 0.4904722222222222 0.070671875 0.22233333333333336
5 0.30060937499999996 0.6652777777777777 0.0775234375 0.27494444444444444
5 0.583875 0.5804583333333333 0.0610859375 0.274
5 0.3341953125 0.5455833333333333 0.0647109375 0.17740277777777777
5 0.4937265625 0.4263888888888889 0.051859375 0.14640277777777777
7 0.6890859375 0.057611111111111106 0.0368203125 0.11520833333333334
2 0.6322890625 0.2697361111111111 0.0365546875 0.07609722222222222
5 0.48528125 0.5819166666666666 0.0600546875 0.28756944444444443
1 0.6772734375 0.5243333333333333 0.018062500000000002 0.03180555555555555