5 0.746609375 0.6598472222222221 0.06882812499999999 0.24180555555555555
5 0.92671875 0.5429027777777777 0.0650390625 0.22133333333333335
6 0.5845234375 0.7885833333333333 0.0841796875 0.19758333333333333
5 0.3054765625 0.7212083333333333 0.1071015625 0.23781944444444442
5 0.6230078125 0.34380555555555553 0.073484375 0.16186111111111112
5 0.293921875 0.5151388888888888 0.052937500000000005 0.185875
5 0.338234375 0.38512500000000005 0.0532265625 0.18315277777777778
5 0.4544921875 0.7747222222222222 0.10115624999999999 0.23654166666666668
6 0.17963281250000002 0.33947222222222223 0.0507734375 0.15604166666666666
5 0.044179687499999995 0.5427916666666667 0.0740078125 0.23756944444444447
1 0.6963046875 0.6671527777777778 0.019414062500000002 0.03451388888888889