5 0.5359404388714734 0.39777777777777773 0.06432601880877743 0.12258333333333334
5 0.46731974921630093 0.7000833333333334 0.054326018808777424 0.1824722222222222
5 0.40730407523510975 0.48333333333333334 0.040705329153605016 0.19655555555555557
5 0.26802507836990597 0.5312222222222223 0.05374608150470219 0.20847222222222223
5 0.46742946708463956 0.5010555555555556 0.04210031347962382 0.17833333333333334
5 0.3649373040752351 0.46452777777777776 0.059137931034482755 0.12469444444444444
6 0.05412225705329154 0.47600000000000003 0.06139498432601881 0.18025
5 0.6820062695924765 0.5846944444444445 0.058840125391849525 0.16002777777777777
5 0.5031504702194357 0.6489444444444444 0.05231974921630094 0.16869444444444442
5 0.5357836990595611 0.6550833333333334 0.041238244514106584 0.19716666666666668
5 0.5141379310344827 0.38308333333333333 0.028025078369905955 0.09705555555555555
6 0.6670689655172414 0.7339444444444445 0.04614420062695925 0.1248888888888889
6 0.7247335423197492 0.37644444444444447 0.033354231974921635 0.14663888888888887
7 0.7963479623824451 0.10166666666666667 0.023934169278996865 0.09702777777777778
7 0.8997335423197492 0.21727777777777776 0.028996865203761754 0.05533333333333334
2 0.7377899686520376 0.31330555555555556 0.02810344827586207 0.058972222222222224
0 0.7468833055063377 0.1897597750603865 0.7863184884830313 0.2160939387077295 0.7866592272045795 0.33251245471014507 0.7436595977579392 0.29166666666666674