5 0.76240625 0.5891388888888889 0.05903125 0.20651388888888889
5 0.49296875 0.6891944444444444 0.082859375 0.2227361111111111
7 0.0491328125 0.16643055555555555 0.0479140625 0.11063888888888888
7 0.240484375 0.10516666666666666 0.0313125 0.13316666666666666
0 0.24565972222222224 0.19290123456790134 0.28296576605902785 0.15934244791666674 0.2874755859375001 0.27232228973765427 0.24790106879340285 0.30359640239197533
2 0.2888828125 0.28268055555555555 0.030843749999999996 0.06536111111111112
6 0.253953125 0.39322222222222225 0.03028125 0.16606944444444444
5 0.775484375 0.37973611111111116 0.0492265625 0.17613888888888887
5 0.643359375 0.5827083333333334 0.0657109375 0.18394444444444444
5 0.632515625 0.41744444444444445 0.057882812500000005 0.15895833333333334
5 0.31140625 0.4831944444444444 0.06121875 0.17936111111111108
5 0.26658593750000004 0.4532222222222222 0.0536328125 0.1873055555555556
5 0.423234375 0.48486111111111113 0.0389453125 0.19501388888888888
5 0.3996328125 0.42590277777777774 0.039265625 0.20984722222222224
6 0.32829687500000004 0.7218472222222222 0.0524296875 0.20294444444444446
1 0.754203125 0.6508611111111111 0.014687500000000001 0.028847222222222222
3 0.7537734375 0.66475 0.0116875 0.008416666666666666