0 0.617680250783699 0.21061111111111108 0.052946708463949846 0.20475
5 0.381974921630094 0.5196944444444445 0.053652037617554854 0.18150000000000002
5 0.5870689655172414 0.7066944444444444 0.054326018808777424 0.24661111111111111
2 0.5933699059561128 0.2999722222222222 0.04993730407523511 0.10705555555555556
5 0.6416614420062696 0.6076111111111111 0.07487460815047023 0.2378611111111111
7 0.8204545454545455 0.15169444444444444 0.05017241379310344 0.11552777777777778
7 0.6519905956112854 0.02736111111111111 0.035078369905956114 0.05472222222222222
6 0.6962068965517242 0.44616666666666666 0.04852664576802508 0.2449722222222222
5 0.05336990595611285 0.4188611111111111 0.05358934169278996 0.24833333333333335
5 0.31545454545454543 0.5481944444444444 0.08435736677115988 0.2219722222222222
5 0.3046238244514107 0.42091666666666666 0.058605015673981194 0.13166666666666665
5 0.5101567398119122 0.46472222222222226 0.06216300940438871 0.26519444444444445
5 0.5861912225705329 0.5641666666666667 0.0506896551724138 0.13558333333333333
5 0.5582758620689655 0.7284999999999999 0.056159874608150466 0.18644444444444447