5 0.5802037617554859 0.46147222222222223 0.05100313479623824 0.1666388888888889
5 0.7453134796238244 0.4041666666666667 0.055642633228840124 0.16525
6 0.16164576802507835 0.5974722222222222 0.04424764890282132 0.19247222222222224
5 0.6260344827586207 0.6428611111111111 0.05810344827586207 0.20005555555555554
5 0.5618495297805642 0.8021388888888888 0.057915360501567405 0.20513888888888887
5 0.4919905956112852 0.620638888888889 0.0486833855799373 0.21622222222222223
5 0.4834639498432602 0.48155555555555557 0.03531347962382445 0.15563888888888888
5 0.4427899686520376 0.5381111111111111 0.04860501567398119 0.18477777777777776
2 0.363025078369906 0.3096388888888889 0.031802507836990596 0.05438888888888888
7 0.16855799373040753 0.206 0.034420062695924764 0.08408333333333333
6 0.6475548589341693 0.3318055555555556 0.049184952978056425 0.1612222222222222
0 0.3189314433692245 0.32971014492753625 0.31682844657216847 0.21080068689613524 0.3604855952705466 0.16447293931159426 0.3675985160828677 0.28422686443236717 0.327521785982009 0.3346259812801932