5 0.2788515625 0.4932916666666667 0.07625 0.22208333333333335
5 0.6133984375 0.40555555555555556 0.0695625 0.15925
5 0.3568515625 0.5399027777777778 0.08396875000000001 0.20918055555555556
5 0.25813281250000003 0.6990833333333333 0.10609375000000001 0.2074861111111111
5 0.8743046874999999 0.608111111111111 0.0623515625 0.2222916666666667
6 0.7350234375 0.3021666666666667 0.05975781249999999 0.15291666666666665
5 0.1901171875 0.39 0.065828125 0.16827777777777778
5 0.10846093750000001 0.4901527777777778 0.0565546875 0.23648611111111112
5 0.7745859375 0.6864861111111111 0.0810078125 0.19608333333333333
6 0.032210937499999995 0.2993472222222222 0.049421875 0.16649999999999998
6 0.17217968749999998 0.7760416666666666 0.05792968750000001 0.18869444444444447