0 0.5238557993730408 0.12513888888888888 0.22532915360501565 0.23883333333333334
5 0.8769278996865204 0.75525 0.15722570532915361 0.4509722222222222
5 0.6762382445141066 0.7648333333333333 0.059357366771159874 0.2803611111111111
2 0.5288087774294671 0.2740277777777778 0.07959247648902822 0.14422222222222222
5 0.439576802507837 0.7678055555555556 0.04898119122257053 0.2564722222222222
5 0.6145454545454545 0.7783333333333333 0.08200626959247649 0.43969444444444444
5 0.3988244514106583 0.608111111111111 0.17142633228840126 0.5616111111111112
5 0.37753918495297806 0.7406666666666666 0.05180250783699059 0.5127222222222223
0 0.7614890282131661 0.6789166666666666 0.05100313479623824 0.05111111111111111
2 0.7632601880877743 0.7013055555555555 0.017711598746081504 0.028194444444444446
1 0.4756896551724138 0.29344444444444445 0.030031347962382444 0.0555