0 0.0530390625 0.2733611111111111 0.10607031250000001 0.167125
5 0.6157265625 0.528625 0.1789765625 0.5589027777777779
5 0.291359375 0.5508888888888889 0.109234375 0.3343888888888889
5 0.40784374999999995 0.54975 0.1201015625 0.3760694444444444
2 0.071640625 0.33661111111111114 0.0357109375 0.05429166666666667
5 0.9764687500000001 0.5126388888888889 0.0470546875 0.24809722222222222
7 0.0388515625 0.13229166666666667 0.0521328125 0.11054166666666668
6 0.240671875 0.5316388888888889 0.0314453125 0.15418055555555557
5 0.3688046875 0.40755555555555556 0.0628984375 0.11813888888888889
5 0.6466796875 0.5196666666666667 0.02915625 0.2640972222222222
1 0.6770740855823864 0.459216185290404 0.6719193892045454 0.46194858743686856 0.6679742986505682 0.4691051136363637 0.6650224165482954 0.47912227746212105 0.6651833274147727 0.48710740214646475 0.6653442382812499 0.49398772885101006 0.6655051491477273 0.50454742739899 0.6682877974076704 0.5129591816603534 0.6731151234019885 0.5173907039141414 0.6787497780539773 0.5205374053030303 0.68389892578125 0.5202365451388888 0.6885708895596591 0.5132526436237373 0.6913091486150568 0.5103426846590909 0.6935619007457385 0.50277679135101 0.6938837224786932 0.49608388573232326 0.6937200372869318 0.48997297190656564 0.6909373890269885 0.48531703756313144 0.6874999999999999 0.47833313604797983 0.6856994628906249 0.47600516887626265 0.6842262961647727 0.4742591934974748 0.6817710182883523 0.4690212673611111 0.6802978515624999 0.46640230429292934