5 0.519140625 0.6451944444444445 0.053890625000000004 0.2174861111111111
5 0.363515625 0.6100833333333333 0.060078125 0.24179166666666668
5 0.5429765625 0.43577777777777776 0.061484375 0.19716666666666668
5 0.740046875 0.333625 0.05450000000000001 0.17733333333333334
5 0.577421875 0.7540277777777777 0.0571640625 0.23199999999999998
6 0.46696875000000004 0.7943611111111112 0.0571015625 0.19501388888888888
7 0.1550859375 0.1103611111111111 0.0323125 0.10226388888888888
2 0.407609375 0.2648611111111111 0.0333359375 0.06388888888888888
5 0.41235937500000003 0.6219305555555555 0.06882031250000001 0.24431944444444445
5 0.4681484375 0.5535694444444444 0.049859375 0.19286111111111112
5 0.4828671875 0.44793055555555555 0.058382812500000006 0.16420833333333335
0 0.384578125 0.19549999999999998 0.0381171875 0.155375
1 0.44553906249999997 0.1299861111111111 0.0151640625 0.02795833333333333
7 0.350671875 0.059069444444444445 0.0294609375 0.11813888888888889