5 0.6299609375 0.7670277777777778 0.08429687500000001 0.24916666666666668
6 0.46803906250000005 0.7948333333333333 0.0626953125 0.1872083333333333
5 0.37927343750000003 0.5960416666666666 0.060609375 0.24300000000000002
5 0.5257343750000001 0.6549166666666667 0.061296874999999994 0.23431944444444447
5 0.7607421875 0.32913888888888887 0.0521484375 0.17615277777777777
7 0.1514140625 0.10376388888888888 0.0420625 0.09790277777777777
0 0.38210937500000003 0.19375 0.0480390625 0.16130555555555556
5 0.4555625 0.5464166666666667 0.0554921875 0.23126388888888888
5 0.42526562500000004 0.6322361111111111 0.06478125 0.26243055555555556
2 0.4069375 0.2630972222222222 0.0293046875 0.06965277777777777
5 0.5167578125000001 0.4386527777777778 0.0348671875 0.19647222222222224
5 0.4594609375 0.41174999999999995 0.0360234375 0.12837500000000002
7 0.35190625 0.052319444444444446 0.0255859375 0.10463888888888889
5 0.48773437499999994 0.46801388888888895 0.0569921875 0.2297361111111111
1 0.42659375 0.1512222222222222 0.015296874999999998 0.025819444444444443