0 0.275890625 0.1925 0.044046875 0.14197222222222222
5 0.3620546875 0.7222916666666666 0.0672265625 0.19527777777777777
5 0.6325078125 0.4714166666666667 0.0591015625 0.1962638888888889
5 0.7379374999999999 0.47763888888888884 0.048570312500000004 0.18788888888888888
5 0.545109375 0.42438888888888887 0.053554687499999996 0.171875
5 0.3656875 0.3728611111111111 0.049671875 0.16418055555555555
5 0.42532031249999996 0.5600416666666667 0.056460937499999996 0.2098888888888889
5 0.940515625 0.5321944444444444 0.04609375 0.19015277777777778
6 0.8601171875 0.30869444444444444 0.035515625 0.16212500000000002
7 0.0745703125 0.11295833333333333 0.0401484375 0.0817361111111111
5 0.25884375 0.494 0.048843750000000005 0.20350000000000001
6 0.395609375 0.7339444444444445 0.063375 0.2117361111111111
5 0.320734375 0.3157638888888889 0.0424453125 0.15404166666666666
2 0.30163281249999996 0.2531527777777778 0.0284921875 0.06881944444444445
1 0.622078125 0.4395833333333333 0.014226562500000001 0.025986111111111113
5 0.22039843750000002 0.47405555555555556 0.0351953125 0.20787499999999998
7 0.250640625 0.06209722222222222 0.0310546875 0.12258333333333334