0 0.314546875 0.18293055555555557 0.0383984375 0.14947222222222223
5 0.7281171875 0.5845972222222222 0.0667265625 0.23223611111111112
5 0.593328125 0.6150555555555555 0.062046875 0.21416666666666664
5 0.193484375 0.6634583333333334 0.0645625 0.20305555555555554
5 0.5200078125 0.5078750000000001 0.0704921875 0.19581944444444446
5 0.3515703125 0.5700416666666667 0.0522421875 0.2184861111111111
6 0.4151640625 0.72175 0.0566875 0.1962361111111111
7 0.11382031249999999 0.11325 0.035164062499999996 0.08931944444444445
5 0.271234375 0.507263888888889 0.039218750000000004 0.19366666666666665
6 0.9244843749999999 0.310375 0.03721875 0.16302777777777777
5 0.5341953125 0.3648611111111111 0.045625 0.11900000000000001
5 0.65790625 0.621736111111111 0.0555546875 0.22205555555555556
5 0.3326953125 0.4428888888888889 0.0421953125 0.18744444444444447
2 0.341046875 0.24304166666666668 0.031421875 0.07123611111111111
1 0.5697265625 0.5973194444444444 0.0197421875 0.03225
7 0.29 0.051125000000000004 0.03 0.10226388888888888
5 0.6769140625000001 0.29465277777777776 0.036640624999999996 0.1726388888888889