7 0.4965625 0.2315 0.02784375 0.05558333333333334
0 0.4957109375 0.30844444444444447 0.0556640625 0.058249999999999996
2 0.49653125 0.34005555555555556 0.013890625 0.028874999999999998
6 0.1462890625 0.5573194444444444 0.0338984375 0.13933333333333334
6 0.977 0.7404027777777779 0.0460078125 0.19993055555555553
6 0.600234375 0.4290833333333333 0.0251171875 0.0927361111111111
5 0.49217187500000004 0.6678055555555555 0.0416328125 0.20597222222222225
5 0.2221640625 0.5989166666666667 0.0435234375 0.1824027777777778
5 0.269484375 0.47461111111111115 0.030296875 0.12515277777777778
5 0.3986171875 0.5575 0.052437500000000005 0.14894444444444443
5 0.404078125 0.45666666666666667 0.026914062500000002 0.0985138888888889
5 0.5034375 0.5222361111111111 0.031179687499999997 0.14941666666666667
5 0.653234375 0.4599305555555555 0.030429687500000004 0.11120833333333333
5 0.7139140625 0.4545416666666666 0.025046875000000003 0.11897222222222222
5 0.7468828125 0.63325 0.0458515625 0.15845833333333334
5 0.7052031249999999 0.5983611111111111 0.056234375 0.1257361111111111
1 0.7142734374999999 0.673375 0.011359375 0.022291666666666668
3 0.71340625 0.6845972222222223 0.0100859375 0.010444444444444444