5 0.3701640625 0.514625 0.059984375 0.2087638888888889
6 0.47278125 0.7173055555555556 0.0488515625 0.18943055555555555
5 0.6686640625 0.4803333333333333 0.046953125 0.19693055555555555
6 0.356890625 0.317125 0.0328515625 0.14256944444444444
6 0.860890625 0.31604166666666667 0.0435078125 0.1597361111111111
5 0.49424999999999997 0.3509027777777778 0.040140625 0.17936111111111108
7 0.172234375 0.12718055555555555 0.0385234375 0.09898611111111111
5 0.5783203125 0.356125 0.038546875 0.1354861111111111
5 0.71934375 0.45101388888888894 0.0523359375 0.16408333333333333
5 0.5326328124999999 0.43137499999999995 0.0447578125 0.18670833333333334
5 0.563765625 0.4787638888888889 0.0560078125 0.15365277777777778
0 0.3606015625 0.19561111111111112 0.0356796875 0.13926388888888888
7 0.3361953125 0.07255555555555555 0.028046875 0.11956944444444445
2 0.3833046875 0.24827777777777776 0.0292578125 0.05465277777777778
5 0.568859375 0.27405555555555555 0.023921875000000002 0.14875
1 0.6639062499999999 0.4764027777777778 0.0111328125 0.022027777777777778
5 0.4200390625 0.5091111111111111 0.05354687500000001 0.1952916666666667