7 0.892375 0.18795833333333334 0.0330078125 0.08577777777777777
7 0.7286328125 0.1345 0.019773437499999998 0.11777777777777777
6 0.73609375 0.41750000000000004 0.043359375 0.15290277777777778
6 0.53590625 0.7692777777777777 0.042296875 0.18977777777777777
5 0.2765859375 0.5553333333333333 0.0566484375 0.1763611111111111
5 0.287796875 0.6679166666666666 0.0719765625 0.1857638888888889
5 0.341703125 0.6349166666666667 0.05840625000000001 0.17416666666666666
5 0.582640625 0.7381944444444445 0.057648437500000003 0.198625
5 0.593078125 0.6536388888888889 0.07678125 0.14679166666666665
5 0.462265625 0.4949722222222222 0.058210937500000004 0.18438888888888888
5 0.38468749999999996 0.3518055555555556 0.0315234375 0.1634722222222222
5 0.4564921875 0.3649722222222222 0.0379921875 0.11884722222222222
5 0.5994531249999999 0.4115138888888889 0.0357109375 0.15018055555555554
2 0.6812734375 0.3042777777777778 0.0292109375 0.06533333333333333
0 0.6883680555555556 0.18518518518518523 0.719668918185764 0.22693021797839516 0.717715793185764 0.32276596257716056 0.6855672200520835 0.2696578414351853
5 0.59309375 0.29320833333333335 0.0368828125 0.14195833333333333
1 0.3246484375 0.7777777777777778 0.015015625 0.027777777777777776
3 0.32492187499999997 0.7913194444444445 0.01053125 0.00673611111111111