5 0.883609375 0.6479305555555556 0.073140625 0.23551388888888888
5 0.3423671875 0.5795277777777778 0.0658125 0.23495833333333332
5 0.4693203125 0.49169444444444443 0.059453124999999996 0.2021527777777778
5 0.61128125 0.6761527777777777 0.0956328125 0.25658333333333333
5 0.24586718749999997 0.5341666666666667 0.0525859375 0.22906944444444446
5 0.69215625 0.6993333333333334 0.0689296875 0.24665277777777778
5 0.20534375 0.5476388888888889 0.052976562500000005 0.20369444444444443
5 0.94934375 0.5041666666666667 0.0780625 0.22525
6 0.581015625 0.7850277777777778 0.082453125 0.2001527777777778
5 0.6805546875 0.4673333333333334 0.0533359375 0.20244444444444443
6 0.34359375000000003 0.33847222222222223 0.0489296875 0.180125
1 0.6557890625 0.5576666666666666 0.014703125000000001 0.026958333333333334