0 0.24375 0.21431944444444445 0.0472734375 0.166875
5 0.8149843750000001 0.6557499999999999 0.05745312500000001 0.18641666666666667
2 0.2710625 0.27634722222222224 0.031015625 0.06797222222222223
5 0.4838125 0.5006388888888889 0.037820312499999995 0.21737499999999998
5 0.696359375 0.5079444444444445 0.053609375 0.2373611111111111
7 0.2157734375 0.05720833333333333 0.0372421875 0.11443055555555556
6 0.3911953125 0.7789166666666667 0.0551484375 0.20651388888888889
5 0.29881250000000004 0.4744861111111111 0.0586796875 0.19879166666666667
5 0.37084375 0.4296111111111111 0.061078125000000004 0.1674861111111111
7 0.0164375 0.13408333333333333 0.032875 0.09658333333333334
5 0.3469921875 0.6282777777777778 0.051898437500000005 0.26225
5 0.412046875 0.6581250000000001 0.057820312500000005 0.16781944444444444
5 0.4483359375 0.5050277777777777 0.041335937499999996 0.2254861111111111
6 0.219921875 0.36083333333333334 0.0425859375 0.15376388888888887
5 0.338640625 0.43952777777777774 0.032390625 0.18208333333333332
1 0.4050625 0.3347638888888889 0.013648437499999999 0.019972222222222225