5 0.53409375 0.7040972222222222 0.088984375 0.2403888888888889
0 0.1759375 0.2185 0.0445859375 0.16851388888888888
5 0.33968750000000003 0.5494722222222223 0.05795312500000001 0.21822222222222223
5 0.8335546875000001 0.6582777777777777 0.06704687499999999 0.20097222222222222
2 0.20303906249999998 0.2742222222222222 0.030328125 0.06555555555555556
6 0.2827890625 0.35530555555555554 0.052937500000000005 0.15954166666666666
5 0.5138906249999999 0.42943055555555554 0.0450625 0.2394027777777778
5 0.5856015625000001 0.5012083333333334 0.05209375000000001 0.2189722222222222
5 0.8136953124999999 0.4834444444444444 0.038820312499999995 0.19280555555555554
6 0.45314062499999996 0.7680555555555556 0.0552109375 0.18738888888888888
7 0.1429765625 0.07540277777777778 0.0360859375 0.14443055555555556
5 0.46589843750000004 0.6308750000000001 0.05175 0.20295833333333332
5 0.2453203125 0.49215277777777783 0.0491328125 0.18805555555555556
5 0.2790546875 0.5071388888888889 0.051484375000000006 0.19065277777777778
1 0.48415625 0.24145833333333333 0.016609375000000003 0.030888888888888886