5 0.75159375 0.6615277777777778 0.0853828125 0.24741666666666665
5 0.9310625 0.5252222222222223 0.0760234375 0.207
5 0.056421874999999996 0.5438611111111111 0.0641640625 0.23604166666666665
5 0.4508203125 0.7894305555555555 0.084390625 0.21627777777777776
6 0.5910078125 0.7953055555555556 0.083359375 0.19727777777777777
5 0.3056640625 0.5146944444444445 0.053617187499999996 0.17897222222222225
5 0.3458515625 0.3885 0.0448359375 0.17645833333333333
5 0.61534375 0.35055555555555556 0.052531249999999995 0.15559722222222222
6 0.1966015625 0.33961111111111114 0.0543828125 0.15455555555555556
5 0.29862500000000003 0.7273472222222223 0.085359375 0.24029166666666665
1 0.6943671874999999 0.7076111111111112 0.0184140625 0.029249999999999998
8 0.9218671875 0.3163611111111111 0.044046875 0.16066666666666668