5 0.758578125 0.5565138888888889 0.054609375 0.22633333333333333
5 0.254484375 0.6593055555555556 0.056882812500000005 0.23820833333333333
5 0.39831249999999996 0.5892083333333333 0.0704609375 0.214875
6 0.39749218750000004 0.7231527777777778 0.056429687500000006 0.19022222222222224
5 0.42942187499999995 0.3561111111111111 0.044765624999999996 0.165375
0 0.276109375 0.18056944444444442 0.038593749999999996 0.15068055555555554
5 0.830953125 0.5871111111111111 0.0759765625 0.19087500000000002
5 0.5444453125 0.46969444444444447 0.054429687500000004 0.21294444444444444
6 0.8639765625000001 0.2969861111111111 0.0379140625 0.1655138888888889
7 0.0769375 0.107125 0.036265625 0.09070833333333334
5 0.287515625 0.4323333333333333 0.053351562500000005 0.16956944444444444
5 0.462609375 0.26995833333333336 0.03778125 0.14179166666666668
2 0.29953124999999997 0.2387361111111111 0.024531249999999998 0.05351388888888889
5 0.3119296875 0.4200138888888889 0.05437499999999999 0.18815277777777778
7 0.2494296875 0.05318055555555556 0.022015625 0.10636111111111111
1 0.8084609374999999 0.6378055555555556 0.0139296875 0.026