5 0.215078125 0.6635694444444444 0.0701796875 0.23308333333333334
5 0.37134375 0.5764027777777778 0.06118749999999999 0.20086111111111113
7 0.0826796875 0.10397222222222222 0.036117187499999995 0.08211111111111111
6 0.3984609375 0.7224861111111112 0.062015625 0.19593055555555555
5 0.46675781250000004 0.3682361111111111 0.044296875 0.16065277777777778
5 0.5490546875 0.49441666666666667 0.056867187500000006 0.22104166666666666
5 0.25521875 0.4475972222222222 0.047195312499999996 0.18372222222222223
2 0.30372656249999996 0.239875 0.0255859375 0.057999999999999996
0 0.284828125 0.18331944444444445 0.0342578125 0.14627777777777776
5 0.7598671875 0.5717083333333334 0.039234375 0.24479166666666666
1 0.6869140625 0.6851805555555556 0.0161953125 0.028999999999999998
5 0.7200624999999999 0.6212916666666667 0.058750000000000004 0.20022222222222222
5 0.31677343750000003 0.4282361111111111 0.04721875 0.17859722222222224
5 0.53853125 0.26916666666666667 0.040749999999999995 0.15841666666666668
6 0.87790625 0.29809722222222224 0.033523437499999996 0.16081944444444446
7 0.2533671875 0.06190277777777778 0.0235 0.11699999999999999
5 0.786421875 0.62475 0.061906249999999996 0.1856111111111111