5 0.5894514106583072 0.35355555555555557 0.05847962382445141 0.16805555555555557
0 0.4201567398119122 0.15733333333333333 0.0485423197492163 0.15216666666666667
5 0.8885893416927899 0.506 0.048495297805642636 0.23738888888888887
6 0.3980721003134796 0.3628611111111111 0.03636363636363636 0.15608333333333332
2 0.4409090909090909 0.22380555555555554 0.0353448275862069 0.07183333333333333
7 0.27865203761755486 0.11575 0.03297805642633229 0.08208333333333334
5 0.6454075235109717 0.4850555555555556 0.0470846394984326 0.18005555555555552
1 0.5686206896551723 0.6313888888888889 0.018244514106583072 0.023666666666666666
5 0.7756112852664576 0.3143888888888889 0.04380877742946708 0.17469444444444446
6 0.918228840125392 0.3421666666666667 0.03896551724137931 0.15052777777777776
5 0.29523510971786837 0.5965277777777778 0.07664576802507837 0.23172222222222222
6 0.3641692789968652 0.6261944444444445 0.046865203761755486 0.12916666666666668
5 0.2350783699059561 0.5616388888888889 0.039592476489028215 0.12327777777777779
5 0.6191849529780564 0.52725 0.06214733542319749 0.2187222222222222
5 0.545705329153605 0.6540555555555556 0.06509404388714733 0.17525000000000002
5 0.49202194357366774 0.5804722222222222 0.04907523510971787 0.17783333333333332