5 0.507234375 0.4881527777777778 0.0470390625 0.21480555555555556
5 0.622296875 0.7057222222222223 0.09832031249999999 0.24708333333333335
0 0.1129375 0.21634722222222225 0.0475 0.16502777777777777
5 0.6432421875000001 0.47287500000000005 0.062640625 0.20884722222222224
5 0.5359375 0.6699305555555556 0.0495546875 0.2479722222222222
5 0.2358828125 0.5135138888888889 0.0553828125 0.20772222222222222
6 0.3308125 0.34579166666666666 0.069140625 0.16584722222222223
5 0.3512109375 0.55625 0.0640546875 0.22547222222222224
5 0.8621718749999999 0.6633611111111111 0.0659765625 0.18809722222222222
5 0.2768203125 0.5346666666666666 0.05697656250000001 0.19275
6 0.5051796875 0.7712777777777778 0.059765625 0.19224999999999998
7 0.0823828125 0.06779166666666667 0.0323515625 0.13211111111111112
5 0.8806953125 0.5035138888888888 0.052851562500000004 0.217875
2 0.1447109375 0.2749861111111111 0.0303046875 0.0661111111111111
1 0.616984375 0.32840277777777777 0.0140390625 0.025180555555555553