6 0.39859374999999997 0.7199722222222222 0.0583125 0.1937222222222222
5 0.2443828125 0.6554166666666666 0.048265625 0.24119444444444443
5 0.43657812500000004 0.3587083333333333 0.0552109375 0.17204166666666668
5 0.38679687500000004 0.5829444444444445 0.064640625 0.21634722222222225
0 0.276328125 0.17975 0.037101562500000004 0.14895833333333333
5 0.8267421875000001 0.5872083333333333 0.0734921875 0.1787361111111111
5 0.3129375 0.42087499999999994 0.053804687500000004 0.17895833333333333
5 0.273203125 0.4328194444444444 0.045953125 0.16575
7 0.0769140625 0.10683333333333334 0.0365625 0.09294444444444444
6 0.86425 0.29766666666666663 0.036539062500000004 0.16455555555555557
5 0.547765625 0.4791666666666667 0.051101562499999996 0.19774999999999998
5 0.7575390625 0.5368333333333333 0.043890625 0.17936111111111108
2 0.2995859375 0.23902777777777778 0.024906249999999998 0.057
5 0.4831015625 0.26290277777777776 0.040125 0.15361111111111111
7 0.248578125 0.05293055555555556 0.021640625 0.10586111111111111
5 0.8004843749999999 0.6121666666666666 0.081109375 0.1860138888888889
6 0.2615234375 0.28058333333333335 0.037671875 0.13686111111111113
1 0.7903515624999999 0.6064166666666667 0.01928125 0.034430555555555555