6 0.26080468749999997 0.28099999999999997 0.077515625 0.17643055555555556
5 0.63203125 0.3333055555555555 0.047 0.17526388888888889
5 0.6586875 0.501625 0.0806328125 0.21909722222222222
5 0.5623437499999999 0.465875 0.0762734375 0.22054166666666666
5 0.921453125 0.3596805555555556 0.052914062500000004 0.2147222222222222
5 0.4314296875 0.43425 0.0847109375 0.19680555555555554
5 0.9836874999999999 0.6851388888888889 0.032632812500000004 0.2551527777777778
5 0.432359375 0.6240833333333333 0.073890625 0.18956944444444446
6 0.444625 0.7515000000000001 0.066109375 0.2153888888888889
0 0.16915625 0.1398611111111111 0.0528359375 0.14979166666666666
5 0.353109375 0.5338611111111111 0.0541796875 0.15505555555555556
2 0.192203125 0.2092222222222222 0.0362109375 0.07388888888888889
5 0.42146875 0.4081527777777778 0.0837421875 0.18619444444444444
5 0.9885078125 0.492 0.022984375 0.138625
1 0.3535390625 0.6120277777777778 0.017812500000000002 0.024708333333333332
3 0.3532578125 0.6252638888888888 0.0158203125 0.008347222222222221