5 0.5689062500000001 0.6587777777777778 0.0791953125 0.22309722222222222
5 0.6673046874999999 0.4805833333333333 0.07896875 0.20380555555555557
5 0.26884375 0.5305694444444444 0.051859375 0.20684722222222224
5 0.3538046875 0.5807361111111111 0.07027343750000001 0.22470833333333332
0 0.074828125 0.20919444444444446 0.0466953125 0.16066666666666668
5 0.9256015625 0.5008472222222222 0.094453125 0.22016666666666668
5 0.21867968750000003 0.5208472222222222 0.062289062500000006 0.2023888888888889
5 0.49595312500000005 0.5026805555555556 0.06375 0.1983611111111111
5 0.6518125 0.7191111111111111 0.06889843749999999 0.2371388888888889
6 0.3433046875 0.3534027777777778 0.041171875000000004 0.15872222222222224
6 0.532359375 0.77475 0.058062499999999996 0.18716666666666665
2 0.10146875 0.27491666666666664 0.032359375 0.05522222222222222
5 0.8724296875 0.6526944444444445 0.0496953125 0.21379166666666669
7 0.036078125 0.06961111111111111 0.040046874999999996 0.13069444444444445