5 0.521390625 0.3662916666666667 0.08950781249999999 0.18130555555555555
5 0.69478125 0.6485694444444445 0.1125 0.2263888888888889
5 0.34603125 0.7656111111111111 0.126203125 0.23297222222222225
0 0.727015625 0.18226388888888886 0.0604140625 0.17908333333333332
5 0.051578124999999996 0.7001111111111111 0.097375 0.28073611111111113
7 0.75678125 0.03294444444444444 0.0354296875 0.06284722222222222
7 0.9808203125 0.08566666666666667 0.038359375 0.12362500000000001
2 0.6952890625 0.245 0.037703125 0.06893055555555556
5 0.875578125 0.5457638888888888 0.0747890625 0.21681944444444445
6 0.41039062499999995 0.9008333333333334 0.076921875 0.19833333333333336
1 0.6788203125 0.6854583333333333 0.02240625 0.042625