6 0.5847265625 0.7810694444444445 0.06929687500000001 0.20705555555555558
5 0.707921875 0.6877638888888888 0.09496875 0.2532916666666667
5 0.614609375 0.6761666666666666 0.06231250000000001 0.24716666666666667
5 0.18934375 0.5724305555555556 0.04965625 0.23420833333333332
5 0.687171875 0.45990277777777777 0.0605625 0.18438888888888888
5 0.3419453125 0.5761111111111111 0.08102343749999999 0.23694444444444443
5 0.43859375 0.4890555555555556 0.061515625 0.20511111111111113
5 0.23200781250000002 0.5290416666666667 0.0533671875 0.21743055555555557
5 0.8804921875 0.6485694444444445 0.0586484375 0.21730555555555556
5 0.9480000000000001 0.5158055555555555 0.061726562500000005 0.24193055555555557
1 0.66053125 0.4961527777777778 0.0128125 0.02513888888888889
6 0.351 0.33995833333333336 0.078421875 0.18243055555555554