5 0.5411912225705329 0.4853611111111111 0.07415360501567399 0.18611111111111112
5 0.3924137931034483 0.6197222222222222 0.08075235109717868 0.24091666666666667
2 0.19791536050156738 0.22386111111111112 0.032539184952978056 0.07238888888888889
5 0.26706896551724135 0.4515277777777778 0.08291536050156739 0.2013611111111111
6 0.21866771159874607 0.3080277777777778 0.0673667711598746 0.17458333333333334
5 0.5555329153605015 0.34444444444444444 0.07440438871473354 0.19966666666666666
6 0.7265047021943574 0.7666388888888889 0.06510971786833855 0.18169444444444444
5 0.8619905956112853 0.2730277777777778 0.07612852664576802 0.18113888888888888
5 0.9731504702194358 0.5070277777777777 0.053699059561128526 0.22791666666666666
5 0.4668495297805643 0.3918055555555556 0.11578369905956114 0.20875000000000002
0 0.15196946981054926 0.248792270531401 0.15137850109036394 0.1195840881642513 0.17991270699877338 0.06166025060386478 0.18540179484121577 0.19684575030193247