5 0.5195390625 0.7613055555555556 0.0823359375 0.24273611111111112
5 0.5689296875000001 0.4347777777777778 0.05192187499999999 0.1856111111111111
6 0.463953125 0.7892222222222223 0.055734375 0.194375
5 0.40431249999999996 0.6226666666666667 0.055906250000000005 0.2720694444444444
5 0.7302187499999999 0.33252777777777776 0.047593750000000004 0.19544444444444445
5 0.5179453125 0.6122777777777777 0.058453124999999995 0.15929166666666666
5 0.3539765625 0.5997916666666667 0.056796875000000004 0.23925
7 0.1560859375 0.11226388888888889 0.0391328125 0.09066666666666667
2 0.40078125 0.26802777777777775 0.0267890625 0.06179166666666667
0 0.3782421875 0.20005555555555554 0.038406249999999996 0.15052777777777776
5 0.4763828125 0.5500416666666667 0.047609374999999995 0.20025
5 0.4857578125 0.44330555555555556 0.054718750000000003 0.13129166666666667
1 0.46246875000000004 0.1425 0.018914062500000002 0.034999999999999996
7 0.348921875 0.05288888888888889 0.0291015625 0.10577777777777778