5 0.9403984375000001 0.7896805555555556 0.064828125 0.29541666666666666
6 0.7083515625000001 0.282875 0.039890625 0.17069444444444445
5 0.684046875 0.3584583333333333 0.059710937500000005 0.2090138888888889
5 0.54853125 0.6744166666666667 0.0953203125 0.2346388888888889
5 0.3921640625 0.7891666666666667 0.10455468750000001 0.2604166666666667
6 0.098046875 0.6886527777777778 0.05546875 0.2384027777777778
5 0.29219531249999997 0.6073888888888889 0.08317187499999999 0.17775000000000002
5 0.2907734375 0.48769444444444443 0.0468203125 0.10502777777777779
5 0.493609375 0.45279166666666665 0.045765625 0.21731944444444445
5 0.525109375 0.4185 0.047 0.20426388888888888
7 0.0944765625 0.10176388888888889 0.04659375 0.13254166666666667
7 0.3026328125 0.06563888888888889 0.054921874999999995 0.13127777777777777
0 0.3090277777777778 0.15277777777777785 0.31024169921875 0.2837516878858024 0.3588935004340278 0.22183039158950627 0.35546535915798616 0.10801866319444445
2 0.36059375 0.261625 0.038890625 0.07572222222222223
1 0.32922656250000004 0.7111388888888889 0.023046875 0.03955555555555556
3 0.32865625 0.7279027777777778 0.0168671875 0.014833333333333334