0 0.641421875 0.19376388888888887 0.0466875 0.13926388888888888
6 0.564734375 0.7520694444444445 0.06390625 0.2255138888888889
5 0.4814765625 0.70175 0.0835703125 0.23948611111111112
5 0.5101328125 0.5410277777777778 0.057046875 0.163375
5 0.38668749999999996 0.4774583333333333 0.0555625 0.1996388888888889
5 0.5513515625000001 0.3930416666666667 0.047859374999999996 0.1713888888888889
5 0.3345390625 0.4797083333333333 0.0517578125 0.21061111111111108
5 0.46254687499999997 0.48891666666666667 0.0433203125 0.19105555555555556
7 0.846453125 0.1132361111111111 0.03878125 0.09038888888888888
5 0.3281015625 0.34588888888888886 0.0355546875 0.13783333333333334
7 0.668640625 0.06281944444444444 0.0229375 0.11566666666666667
6 0.6446171875 0.317875 0.0388984375 0.16319444444444445
5 0.4973671875 0.26548611111111114 0.0377421875 0.17820833333333333
2 0.6210546875 0.24686111111111111 0.035859375 0.05481944444444444
6 0.117984375 0.3015277777777778 0.03909375 0.18918055555555557
5 0.23142187500000003 0.3153333333333333 0.036289062500000004 0.18343055555555554
5 0.45639062499999994 0.5864583333333333 0.03934375 0.23679166666666668
1 0.49361718750000005 0.5408333333333333 0.0145546875 0.026916666666666665