0 0.6380390625000001 0.19502777777777777 0.0477265625 0.13786111111111113
6 0.5769062500000001 0.754736111111111 0.070421875 0.22131944444444443
5 0.5621015625 0.42416666666666664 0.05390625 0.1885277777777778
5 0.48040625 0.7098055555555556 0.0739609375 0.21881944444444446
5 0.51465625 0.5301666666666667 0.047671875 0.16727777777777778
5 0.3150859375 0.48418055555555556 0.06889062500000001 0.20525
7 0.8408906249999999 0.11473611111111111 0.0356875 0.08683333333333333
5 0.32513281250000003 0.35673611111111114 0.0401796875 0.15644444444444444
5 0.4610390625 0.4808888888888889 0.049421875 0.16854166666666665
7 0.665328125 0.066 0.0220390625 0.11072222222222222
2 0.62025 0.2539166666666667 0.035140624999999995 0.06762499999999999
5 0.4829921875 0.6157222222222222 0.0538359375 0.20843055555555554
5 0.3761875 0.46823611111111113 0.0565390625 0.18175000000000002
6 0.6419921875 0.31943055555555555 0.0372109375 0.1565
5 0.49320312499999996 0.26719444444444446 0.0386484375 0.18918055555555557
6 0.11509375 0.3017638888888889 0.031742187500000005 0.18408333333333332
5 0.22912499999999997 0.3151111111111111 0.036367187499999995 0.183
1 0.49553906249999996 0.6284861111111111 0.017640625 0.029180555555555557