5 0.7376796875 0.6462083333333333 0.0841640625 0.2338888888888889
5 0.1450390625 0.38193055555555555 0.0651640625 0.2137361111111111
5 0.5812968749999999 0.3403333333333333 0.089109375 0.16191666666666665
5 0.9189375 0.5482361111111111 0.06884375000000001 0.21119444444444443
5 0.435546875 0.7565 0.1036875 0.23391666666666666
1 0.6624921875 0.7012361111111111 0.018757812500000002 0.02972222222222222
6 0.52653125 0.7930138888888889 0.0842734375 0.17024999999999998
6 0.0345546875 0.34773611111111113 0.069109375 0.1731388888888889
5 0.0402265625 0.4868333333333333 0.0661328125 0.18243055555555554
2 0.97525 0.2570555555555556 0.0389765625 0.07131944444444445
5 0.264859375 0.7147916666666666 0.1031953125 0.25613888888888886