5 0.22105468749999999 0.6592916666666666 0.0672890625 0.2346388888888889
6 0.3992265625 0.7189861111111111 0.0553359375 0.19412500000000002
5 0.37178125 0.5820138888888889 0.056429687500000006 0.2197222222222222
5 0.449 0.3606388888888889 0.0405390625 0.16068055555555555
5 0.2651328125 0.4399583333333333 0.041359375 0.18052777777777776
0 0.27578125 0.18172222222222223 0.0357890625 0.14947222222222223
7 0.0741015625 0.11084722222222222 0.03315625 0.09144444444444445
5 0.31039062500000003 0.41944444444444445 0.054609375 0.17665277777777777
6 0.500453125 0.26479166666666665 0.05792968750000001 0.15345833333333334
6 0.8693203125 0.29825 0.03415625 0.16259722222222223
5 0.5506015625 0.4899722222222222 0.0619609375 0.22704166666666667
5 0.7931953125 0.5907638888888889 0.07375000000000001 0.17415277777777777
5 0.7681796875 0.5124861111111111 0.045656249999999995 0.1172638888888889
2 0.29876562500000003 0.23597222222222222 0.036234375 0.06830555555555555
6 0.2617734375 0.2802777777777778 0.03590625 0.13758333333333334
7 0.2505390625 0.05520833333333333 0.0231171875 0.11043055555555556
5 0.7617890625 0.6205416666666667 0.0706015625 0.20273611111111112
1 0.7357890625 0.6083194444444444 0.020023437499999998 0.03331944444444444