5 0.5466875 0.4947916666666667 0.0759921875 0.22379166666666667
5 0.9453828124999999 0.36433333333333334 0.06980468749999999 0.21843055555555557
5 0.6398984375000001 0.49716666666666665 0.0928828125 0.212
6 0.47000000000000003 0.7698472222222221 0.07032812499999999 0.21408333333333332
5 0.42145312500000004 0.6293472222222222 0.0876328125 0.20906944444444445
0 0.2368203125 0.14001388888888888 0.0467734375 0.14970833333333333
6 0.29983593750000004 0.27668055555555554 0.049984375 0.18708333333333332
5 0.6171015625 0.3406666666666667 0.07921875 0.17843055555555556
2 0.259546875 0.21866666666666668 0.036789062500000004 0.0796111111111111
5 0.369859375 0.5350694444444445 0.07585937499999999 0.1575138888888889
5 0.4293671875 0.44299999999999995 0.057351562499999995 0.21169444444444444
1 0.3655625 0.588763888888889 0.0196015625 0.03320833333333333
5 0.967578125 0.6749027777777777 0.06484375 0.216875