5 0.447734375 0.6799305555555556 0.06315625 0.2544444444444444
0 0.659078125 0.19822222222222222 0.049828125 0.16527777777777777
5 0.5923984375 0.6523611111111111 0.055132812499999996 0.26425
2 0.63028125 0.26875 0.0369453125 0.07940277777777778
7 0.9139921875000001 0.10177777777777777 0.0474609375 0.14202777777777778
5 0.5008671875 0.5679027777777778 0.0619921875 0.26431944444444444
6 0.5603515625 0.8490416666666666 0.05630468749999999 0.24054166666666665
6 0.655765625 0.3528888888888889 0.0408203125 0.1678611111111111
5 0.4498125 0.5317916666666667 0.06671875000000001 0.182625
5 0.6298515625000001 0.4824861111111111 0.0382109375 0.18975
5 0.10610937499999999 0.8409027777777779 0.112625 0.31525
5 0.5591484375 0.447375 0.0608984375 0.17045833333333335
7 0.6871875000000001 0.05959722222222222 0.0374453125 0.11919444444444444
1 0.637140625 0.5028055555555555 0.012687499999999999 0.025944444444444444
5 0.5745625000000001 0.4943888888888889 0.050171875 0.13459722222222223
5 0.0833828125 0.8704583333333333 0.073015625 0.24849999999999997