5 0.20809375000000002 0.6561944444444444 0.058078125 0.22997222222222224
5 0.70659375 0.625875 0.0651875 0.20527777777777778
6 0.39934375 0.72175 0.06348437500000001 0.19454166666666667
5 0.3684453125 0.5787916666666667 0.055507812499999996 0.21545833333333334
5 0.4695703125 0.36790277777777775 0.0445078125 0.16245833333333334
7 0.08297656249999999 0.10497222222222222 0.0381171875 0.08498611111111111
5 0.2560703125 0.4501388888888889 0.044875 0.18019444444444446
5 0.5486015625 0.5006944444444444 0.0582265625 0.21808333333333335
0 0.2863671875 0.184 0.0331484375 0.14583333333333334
2 0.3063046875 0.24180555555555555 0.025468750000000002 0.06341666666666666
6 0.8803359374999999 0.2961944444444444 0.033234375 0.16352777777777777
5 0.318171875 0.42369444444444443 0.04946875 0.186625
1 0.6816796875 0.6577083333333333 0.0189609375 0.030041666666666664
7 0.256953125 0.05713888888888889 0.025312499999999998 0.11426388888888889
5 0.788203125 0.6234166666666667 0.061296874999999994 0.18393055555555557
5 0.54559375 0.27176388888888886 0.0416953125 0.14894444444444443
5 0.756390625 0.5734861111111111 0.0467109375 0.24581944444444445