5 0.8934765625000001 0.639375 0.077953125 0.2367361111111111
5 0.9657500000000001 0.51125 0.0685 0.23329166666666667
5 0.34671093750000004 0.5773055555555556 0.10678125000000001 0.22756944444444444
5 0.7164765625 0.4520138888888889 0.0683125 0.20881944444444445
6 0.6312656249999999 0.796625 0.094921875 0.2232638888888889
5 0.21746875000000002 0.5410694444444444 0.0564921875 0.20798611111111112
5 0.17496875 0.5977638888888889 0.062953125 0.24225
5 0.4255703125 0.45434722222222224 0.0467890625 0.22102777777777777
5 0.644765625 0.6710416666666666 0.062390625 0.21320833333333333
6 0.34834375 0.3463888888888889 0.040078125 0.1710972222222222
5 0.7368984375000001 0.6874444444444444 0.0894921875 0.237375
1 0.7101171875000001 0.44756944444444446 0.0135703125 0.023916666666666666