5 0.22080468749999999 0.6630972222222222 0.07496875 0.22734722222222223
6 0.40053906250000004 0.7189722222222221 0.0561875 0.1945138888888889
0 0.2766953125 0.18280555555555555 0.03596875 0.1507777777777778
5 0.45571093749999997 0.36100000000000004 0.042226562499999995 0.17066666666666666
5 0.26159374999999996 0.4421805555555556 0.044421875 0.177125
5 0.5498828125 0.4894861111111111 0.0563359375 0.21636111111111112
5 0.3768046875 0.5784444444444444 0.0541171875 0.2202916666666667
2 0.3013125 0.24115277777777777 0.024304687499999998 0.05772222222222222
7 0.0744921875 0.11119444444444444 0.034203125 0.09408333333333332
5 0.5216640625 0.27 0.0412109375 0.14308333333333334
5 0.7482265625 0.623736111111111 0.06489062500000001 0.20159722222222223
5 0.3138359375 0.4172638888888889 0.050609375 0.1762638888888889
5 0.7836796875 0.6141388888888889 0.0715 0.18800000000000003
6 0.8725546874999999 0.29766666666666663 0.03359375 0.16286111111111112
1 0.7125234375 0.642625 0.018125 0.027444444444444445
5 0.76671875 0.5458194444444444 0.0522421875 0.17356944444444444
6 0.26164062499999996 0.28145833333333337 0.033546875 0.12583333333333332
7 0.25075 0.06245833333333333 0.021617187500000003 0.113125