5 0.3602578125 0.7079861111111111 0.0652890625 0.21486111111111109
5 0.9409453125 0.540875 0.04775 0.18895833333333334
5 0.41489843750000005 0.5575972222222223 0.043125000000000004 0.2153888888888889
5 0.7354140625000001 0.4868472222222222 0.058851562499999996 0.17633333333333331
0 0.2771796875 0.194375 0.046367187500000004 0.1465138888888889
6 0.4025234375 0.7382916666666668 0.054265625 0.2090138888888889
5 0.6404375 0.44863888888888886 0.047132812499999996 0.19591666666666668
5 0.5470390625 0.425625 0.053867187500000004 0.17579166666666665
5 0.3708828125 0.3780138888888889 0.06709375 0.16918055555555556
5 0.2629296875 0.4935833333333333 0.052937500000000005 0.21163888888888888
7 0.0755546875 0.11402777777777777 0.038421875 0.08355555555555555
6 0.8645156249999999 0.3098194444444444 0.033296875 0.1587638888888889
5 0.319484375 0.33408333333333334 0.0547265625 0.18236111111111114
2 0.3021796875 0.25456944444444446 0.027187499999999996 0.06497222222222222
5 0.211375 0.4845277777777778 0.041046875 0.20006944444444447
1 0.6262578125 0.45006944444444447 0.01453125 0.023888888888888887