5 0.2705 0.6947222222222222 0.0995546875 0.2185972222222222
5 0.203703125 0.3874444444444444 0.0769453125 0.16680555555555554
5 0.88590625 0.6064722222222223 0.0585078125 0.224875
5 0.61015625 0.40827777777777774 0.07475781249999999 0.16244444444444445
5 0.2948984375 0.4916388888888889 0.07246875 0.22213888888888889
6 0.18559375 0.7672083333333333 0.05896875 0.17334722222222224
5 0.7838515625 0.6774027777777778 0.06499218749999999 0.21866666666666668
5 0.363046875 0.5362638888888889 0.08981249999999999 0.2072638888888889
5 0.1300703125 0.4921666666666667 0.053914062500000005 0.24279166666666668
6 0.7504609375 0.30533333333333335 0.072484375 0.16849999999999998
6 0.043789062499999996 0.2969722222222222 0.05759375 0.1560138888888889
5 0.0157109375 0.4648333333333333 0.02865625 0.2192638888888889