5 0.7227578125 0.5626805555555555 0.058359375000000005 0.20233333333333334
5 0.5791328124999999 0.5935972222222222 0.07323437499999999 0.2046666666666667
5 0.203390625 0.6642361111111111 0.0699375 0.22034722222222222
5 0.64553125 0.5976944444444444 0.05371875 0.21019444444444446
5 0.3511640625 0.5759722222222222 0.052015624999999996 0.21566666666666667
6 0.42063281249999995 0.7259444444444444 0.05653125 0.19643055555555555
5 0.515109375 0.5014444444444445 0.058914062499999996 0.20401388888888888
5 0.28011718750000003 0.5112222222222222 0.0486328125 0.22095833333333334
7 0.122171875 0.11440277777777778 0.03703125 0.09356944444444446
5 0.5608593749999999 0.39181944444444444 0.0492890625 0.1522777777777778
0 0.329390625 0.18693055555555557 0.038320312499999995 0.14608333333333334
6 0.30928125 0.299625 0.030609375 0.14131944444444444
6 0.9351171875000001 0.3105277777777778 0.035476562499999996 0.16370833333333334
5 0.70509375 0.3084861111111111 0.04715625 0.17052777777777778
2 0.3493046875 0.24334722222222224 0.02584375 0.05859722222222222
5 0.339609375 0.44848611111111114 0.0471484375 0.18344444444444447
1 0.5545703125 0.57275 0.018515625 0.035902777777777777
7 0.2984140625 0.053625 0.0265078125 0.1072361111111111