5 0.6276328125 0.47251388888888884 0.0853125 0.2131111111111111
5 0.3471796875 0.5643055555555556 0.062796875 0.21984722222222222
6 0.3127421875 0.34830555555555553 0.04934375 0.1726388888888889
5 0.23539062500000002 0.5108611111111111 0.06079687499999999 0.20369444444444443
5 0.8601015625 0.4930972222222222 0.07991406250000001 0.2120138888888889
5 0.515046875 0.6472083333333334 0.070015625 0.22780555555555557
0 0.146765625 0.21283333333333335 0.047578125 0.1629861111111111
5 0.582140625 0.7076527777777778 0.07753125 0.2515
6 0.48200000000000004 0.7736944444444444 0.048640625 0.17795833333333333
5 0.848609375 0.6563194444444445 0.05090625 0.2104027777777778
5 0.2787421875 0.5265277777777778 0.051515624999999995 0.21987500000000001
7 0.1149375 0.07468055555555556 0.039078125000000005 0.14934722222222221
2 0.1723671875 0.2720138888888889 0.031125000000000003 0.06301388888888888
5 0.52284375 0.4162361111111111 0.0461953125 0.26702777777777775
1 0.559921875 0.276625 0.016984375 0.027777777777777776