5 0.711359375 0.6308611111111111 0.0920703125 0.2369166666666667
5 0.3990625 0.7591111111111111 0.1271796875 0.23966666666666667
0 0.870859375 0.16911111111111113 0.05503125 0.15975
5 0.17928125 0.685875 0.1093828125 0.2501527777777778
5 0.9026796875 0.5543472222222222 0.0682265625 0.21654166666666666
7 0.906078125 0.031152777777777776 0.030656250000000003 0.06230555555555555
5 0.5424218749999999 0.3255 0.06803125 0.15908333333333335
2 0.8440390624999999 0.24031944444444445 0.041757812500000005 0.07881944444444444
6 0.4622265625 0.8050972222222221 0.0648046875 0.14980555555555555
5 0.022703124999999998 0.3824305555555556 0.045406249999999995 0.26384722222222223
1 0.67540625 0.5983194444444445 0.0185234375 0.03268055555555556