2 0.6799062499999999 0.12966666666666665 0.04421875 0.0933611111111111
6 0.1588828125 0.9097222222222222 0.0816640625 0.18055555555555555
6 0.6255625 0.16783333333333333 0.08792968749999999 0.20602777777777778
5 0.04903125 0.2107361111111111 0.07896875 0.2177777777777778
5 0.385015625 0.38772222222222225 0.124203125 0.24456944444444445
5 0.19709375 0.745361111111111 0.13897656249999998 0.2808333333333333
5 0.5979765625 0.3731527777777778 0.12130468750000001 0.23395833333333332
5 0.7133671875 0.6295555555555555 0.1125078125 0.25293055555555555
0 0.6875000000000001 0 0.6861199273003472 0.0747974537037038 0.7366502549913194 0.15231360918209874 0.7420722113715279 0
1 0.6896796875 0.7651666666666667 0.0213046875 0.037375
3 0.690203125 0.785 0.0175234375 0.014222222222222223