6 0.6626802507836991 0.38152777777777774 0.05468652037617555 0.1907222222222222
5 0.30772727272727274 0.6796388888888889 0.04647335423197492 0.20302777777777778
5 0.32106583072100314 0.46088888888888885 0.04222570532915361 0.16619444444444445
5 0.4389498432601881 0.42224999999999996 0.03681818181818181 0.19330555555555556
5 0.7895141065830721 0.5065555555555556 0.06123824451410658 0.2817777777777778
5 0.35465517241379313 0.5176944444444445 0.04557993730407523 0.18633333333333332
5 0.7356269592476489 0.5061111111111111 0.06615987460815047 0.2731111111111111
6 0.6527742946708465 0.7490555555555556 0.05330721003134796 0.19136111111111112
6 0.05330721003134796 0.6128611111111111 0.04120689655172414 0.22811111111111113
5 0.21471786833855802 0.7528333333333332 0.06553291536050157 0.16508333333333333
5 0.16456112852664576 0.6815555555555556 0.060689655172413794 0.27616666666666667
5 0.3075548589341693 0.5548888888888889 0.041316614420062694 0.09527777777777777
5 0.4506269592476489 0.3550833333333333 0.039858934169279 0.17633333333333331
2 0.3072100313479624 0.3130277777777778 0.03517241379310345 0.06805555555555555
0 0.2596429058198174 0.33333333333333337 0.25822138646585796 0.19471807065217386 0.3052007376993322 0.15708974939613532 0.3047721522761347 0.2824954710144928
1 0.7758150470219436 0.3596388888888889 0.01396551724137931 0.029805555555555557