5 0.57653125 0.4312638888888889 0.06607031249999999 0.18955555555555553
5 0.5131484375 0.7585555555555555 0.0660234375 0.22574999999999998
5 0.7285703125 0.32208333333333333 0.04309375 0.18045833333333333
7 0.1560078125 0.11783333333333333 0.038 0.10223611111111111
5 0.5137109375 0.6042916666666667 0.0559921875 0.14356944444444444
6 0.4588203125 0.7882222222222222 0.0542578125 0.1928888888888889
2 0.4025625 0.26566666666666666 0.0326171875 0.071
0 0.3785234375 0.20004166666666667 0.0386484375 0.15106944444444445
5 0.47776562499999997 0.5565972222222222 0.04840625 0.19247222222222224
5 0.3982890625 0.6110138888888889 0.0557734375 0.23622222222222225
5 0.487515625 0.4343888888888889 0.054984374999999995 0.11688888888888889
5 0.3756171875 0.5070833333333333 0.025500000000000002 0.1245138888888889
5 0.3510078125 0.6018888888888889 0.060578125000000003 0.24237499999999998
7 0.347265625 0.06673611111111111 0.0309140625 0.13347222222222221
1 0.4656953125 0.15115277777777777 0.0157734375 0.030069444444444444