5 0.936875 0.5512777777777778 0.051671875 0.20183333333333334
0 0.282375 0.19654166666666664 0.0426015625 0.1467638888888889
5 0.71190625 0.47025 0.0551875 0.16527777777777777
5 0.35939062499999996 0.6981527777777778 0.060015624999999996 0.23705555555555557
5 0.3785703125 0.3780694444444444 0.06021093749999999 0.17250000000000001
6 0.4068125 0.7520277777777779 0.06029687500000001 0.2130138888888889
2 0.30798437500000003 0.25325000000000003 0.0303046875 0.06370833333333333
6 0.8663125 0.3152361111111111 0.0392578125 0.1549861111111111
5 0.40582031250000006 0.5501944444444444 0.051796875 0.18977777777777777
5 0.3315703125 0.34952777777777777 0.0585703125 0.17894444444444446
5 0.6653515624999999 0.4356666666666667 0.0634296875 0.18456944444444442
7 0.2514765625 0.060625 0.030640624999999998 0.12123611111111111
7 0.076796875 0.12151388888888888 0.036351562500000004 0.09566666666666666
5 0.5241484375 0.41138888888888886 0.048703125 0.21002777777777779
1 0.64109375 0.49977777777777777 0.0170703125 0.027263888888888886
5 0.252359375 0.49561111111111106 0.07518749999999999 0.20858333333333334
5 0.204765625 0.5001666666666666 0.054546874999999995 0.21806944444444443