5 0.4188087774294671 0.6150555555555555 0.055407523510971786 0.24400000000000002
0 0.1724921630094044 0.36475 0.06385579937304076 0.19955555555555557
5 0.6430564263322883 0.8444444444444444 0.07349529780564264 0.30777777777777776
6 0.17161442006269592 0.9213888888888888 0.09322884012539184 0.15180555555555555
5 0.8842633228840124 0.6451388888888889 0.07075235109717869 0.23233333333333334
6 0.21275862068965518 0.5802499999999999 0.04771159874608151 0.22969444444444445
2 0.20984326018808777 0.4441111111111111 0.04156739811912226 0.08275
5 0.31246081504702194 0.6518055555555555 0.05335423197492163 0.2445
5 0.9749529780564263 0.7227222222222223 0.05009404388714734 0.2876666666666667
5 0.6713166144200627 0.5996666666666667 0.05992163009404388 0.23494444444444443
5 0.8089811912225705 0.6288055555555556 0.049184952978056425 0.26483333333333337
5 0.8535109717868338 0.5363611111111111 0.044200626959247646 0.2393888888888889
1 0.4282758620689655 0.13005555555555556 0.015109717868338559 0.02661111111111111
7 0.130141065830721 0.13844444444444445 0.03540752351097179 0.10058333333333333