5 0.33001567398119125 0.7981111111111111 0.09592476489028214 0.3956944444444444
1 0.21170846394984325 0.6056944444444444 0.028369905956112856 0.04841666666666666
5 0.5640752351097179 0.38455555555555554 0.12031347962382447 0.3714166666666667
0 0.23432601880877743 0.18463888888888888 0.0981191222570533 0.2996111111111111
5 0.5818181818181818 0.7808333333333334 0.07641065830721003 0.43830555555555556
5 0.8473040752351098 0.6838611111111111 0.0632601880877743 0.31119444444444444
8 0.045031347962382444 0.6614444444444445 0.07231974921630094 0.18208333333333332
5 0.9580094043887147 0.5631944444444444 0.08396551724137931 0.40825
5 0.5045611285266458 0.7689999999999999 0.08470219435736677 0.46199999999999997
5 0.4217711598746081 0.6152500000000001 0.1195141065830721 0.32566666666666666
4 0.2892319749216301 0.28402777777777777 0.08780564263322885 0.09702777777777778
5 0.5496238244514107 0.673 0.032037617554858934 0.3194444444444444
5 0.3943103448275862 0.4460555555555556 0.07578369905956113 0.17227777777777778