5 0.21822884012539184 0.48630555555555555 0.046583072100313476 0.2038888888888889
5 0.7539341692789968 0.6328333333333334 0.03755485893416928 0.15966666666666665
6 0.13760188087774294 0.32002777777777774 0.0377742946708464 0.17008333333333334
5 0.78282131661442 0.5762777777777778 0.04440438871473354 0.16502777777777777
5 0.6136990595611286 0.34280555555555553 0.03606583072100314 0.13497222222222224
5 0.4243730407523511 0.6790555555555555 0.04238244514106583 0.17825
6 0.5809561128526646 0.7090000000000001 0.056442006269592476 0.16933333333333334
4 0.7299686520376176 0.2721944444444444 0.027476489028213168 0.059333333333333335
5 0.6439341692789968 0.38286111111111115 0.032163009404388716 0.11552777777777778
5 0.496128526645768 0.44638888888888884 0.04341692789968652 0.19355555555555556
5 0.6271473354231974 0.4809444444444444 0.03851097178683385 0.16358333333333333
5 0.6514106583072101 0.31036111111111114 0.03634796238244514 0.10086111111111112
5 0.4781347962382445 0.6642777777777777 0.05717868338557993 0.22708333333333333
6 0.8544827586206896 0.4378611111111111 0.047021943573667714 0.17555555555555558
0 0.7428104129753306 0.13888888888888892 0.7676204511380674 0.1848392210144927 0.7668883952909908 0.29133171044685996 0.7390782591658716 0.24231487771739132
7 0.7884012539184952 0.06913888888888889 0.016206896551724137 0.08511111111111111
7 0.9663322884012538 0.1949722222222222 0.028620689655172418 0.056611111111111105