0 0.016117187499999998 0.18123611111111113 0.0322265625 0.14372222222222222
2 0.0413828125 0.24529166666666669 0.031492187500000005 0.06176388888888889
5 0.192640625 0.5105277777777778 0.047828125 0.1447361111111111
5 0.26687500000000003 0.5671111111111111 0.063421875 0.1487638888888889
5 0.2937578125 0.7506805555555556 0.048234375 0.1748472222222222
5 0.2063046875 0.2979722222222222 0.046867187500000004 0.13061111111111112
1 0.23209375 0.5711111111111111 0.013125000000000001 0.020069444444444442
3 0.23238281249999998 0.5824305555555556 0.0097578125 0.007361111111111111
5 0.48546875 0.41262499999999996 0.034648437500000004 0.18851388888888887
5 0.43250781250000003 0.3617361111111111 0.0412421875 0.159375
5 0.45395312499999996 0.5551944444444444 0.046125 0.19798611111111114