5 0.8877499999999999 0.6689166666666667 0.0832734375 0.20419444444444446
6 0.35365625 0.34058333333333335 0.0686875 0.16327777777777777
5 0.6783125 0.7044861111111111 0.10165625 0.24859722222222225
5 0.3451640625 0.5772777777777778 0.08637500000000001 0.23162500000000003
5 0.5803906249999999 0.6680416666666666 0.052554687499999996 0.23969444444444446
2 0.06932812499999999 0.2737777777777778 0.0339765625 0.06390277777777778
5 0.4877109375 0.5012916666666667 0.0551953125 0.19691666666666666
5 0.9251875 0.5137777777777778 0.062375 0.23293055555555556
5 0.21680468749999998 0.5284305555555556 0.06493750000000001 0.20695833333333333
5 0.264703125 0.5344305555555556 0.06544531249999999 0.21816666666666668
5 0.54978125 0.7757638888888888 0.06364062499999999 0.18333333333333332
5 0.672890625 0.48040277777777773 0.0455234375 0.2136527777777778
0 0.0340859375 0.20931944444444445 0.048375 0.157125
7 0.0134453125 0.06294444444444444 0.022390625 0.11597222222222223