5 0.683953125 0.6271111111111111 0.0730234375 0.2088888888888889
5 0.363578125 0.5817916666666666 0.05815625 0.21473611111111113
0 0.2886484375 0.18163888888888888 0.03959375 0.14534722222222224
5 0.481328125 0.37270833333333336 0.043375000000000004 0.17241666666666666
6 0.4051484375 0.7209027777777777 0.06121875 0.19108333333333336
5 0.5443515624999999 0.5065972222222223 0.0670390625 0.2142777777777778
7 0.08140625 0.10698611111111112 0.036539062500000004 0.08377777777777778
5 0.2021953125 0.6569166666666667 0.05200781249999999 0.22695833333333332
5 0.251171875 0.45479166666666665 0.05111718750000001 0.17804166666666665
5 0.32308593750000003 0.4342638888888889 0.047296875 0.1715
5 0.769765625 0.6015972222222222 0.0726171875 0.2469722222222222
2 0.311359375 0.24070833333333333 0.027875 0.057694444444444444
6 0.8839140625 0.29786111111111113 0.031757812499999996 0.16177777777777777
6 0.57534375 0.2723055555555556 0.0392578125 0.15493055555555554
7 0.2606953125 0.05406944444444444 0.0235390625 0.10813888888888888
6 0.2677734375 0.29891666666666666 0.0302421875 0.13344444444444445
5 0.7547734375 0.6283472222222223 0.0719765625 0.16968055555555556
1 0.662828125 0.6298055555555555 0.018078125 0.030097222222222223