5 0.9214296875000001 0.5282222222222223 0.054234375 0.17129166666666668
5 0.34984375 0.6815972222222222 0.056960937499999996 0.22511111111111112
5 0.7419609375 0.47334722222222225 0.0612421875 0.1725972222222222
6 0.398296875 0.7215 0.04721875 0.19281944444444446
5 0.43678125 0.5753055555555556 0.0624765625 0.19658333333333333
5 0.642671875 0.5234722222222222 0.0653515625 0.18034722222222221
5 0.36965625 0.36574999999999996 0.040265625 0.1555
6 0.8535078125 0.3027638888888889 0.032359375 0.15686111111111112
7 0.0740625 0.10697222222222222 0.03915625 0.08408333333333333
0 0.276203125 0.18688888888888888 0.0383671875 0.14768055555555556
5 0.282671875 0.4521111111111111 0.061226562500000005 0.2110277777777778
5 0.3455546875 0.29608333333333337 0.036046875 0.15513888888888888
5 0.245515625 0.44858333333333333 0.047 0.19006944444444443
2 0.2994765625 0.24322222222222223 0.0272578125 0.059430555555555556
5 0.5063984375 0.4393611111111111 0.065578125 0.222
7 0.25471093749999996 0.06990277777777777 0.024546875000000003 0.10566666666666666
1 0.6613046875 0.5795138888888889 0.017445312499999997 0.02652777777777778