7 0.9537812499999999 0.0636111111111111 0.0395078125 0.0932638888888889
7 0.7636406250000001 0.03572222222222222 0.0238125 0.07145833333333333
2 0.709453125 0.2076388888888889 0.0334921875 0.06651388888888889
6 0.9142421875 0.5157083333333333 0.0412109375 0.21325
6 0.38449218749999997 0.20506944444444444 0.043289062499999996 0.15705555555555556
6 0.1973359375 0.8010138888888889 0.0491875 0.2347361111111111
5 0.0854140625 0.6402222222222222 0.07396875 0.28661111111111115
5 0.260921875 0.6387222222222222 0.0513515625 0.22498611111111114
5 0.31934375 0.48434722222222226 0.046671875 0.23722222222222225
5 0.23074218750000003 0.4630138888888889 0.0673828125 0.1976388888888889
5 0.421875 0.3528611111111111 0.0381953125 0.19030555555555556
5 0.701171875 0.5460277777777778 0.055125 0.255625
5 0.8846718750000001 0.6705 0.0627421875 0.23297222222222225
5 0.5603046875000001 0.3037361111111111 0.047695312499999996 0.1938888888888889
5 0.543921875 0.23069444444444442 0.0409609375 0.17127777777777778
5 0.37634375000000003 0.2955138888888889 0.0407109375 0.19287500000000002
0 0.7178819444444445 0.06944444444444452 0.7537027994791667 0.11580705054012345 0.7510918511284721 0.22663483796296297 0.7110799153645834 0.16742621527777787
1 0.10897656250000001 0.7376111111111112 0.015953125000000002 0.028791666666666667
3 0.10904687500000002 0.752861111111111 0.012171875 0.010694444444444444