5 0.5761093749999999 0.663986111111111 0.07234375 0.23952777777777778
5 0.6687578125 0.47800000000000004 0.076421875 0.2015
5 0.3540234375 0.5786250000000001 0.0724765625 0.22784722222222223
5 0.49144531249999995 0.5010833333333333 0.0658125 0.19761111111111113
6 0.5407109375 0.7741388888888889 0.06346093750000001 0.22219444444444442
5 0.2699609375 0.5318472222222222 0.0600078125 0.20718055555555553
5 0.9201484375 0.5016944444444444 0.0880859375 0.22209722222222222
5 0.216984375 0.5220555555555555 0.06865625 0.20174999999999998
5 0.6644062500000001 0.7108749999999999 0.08442968749999999 0.23715277777777777
7 0.02684375 0.06338888888888888 0.0421015625 0.12677777777777777
2 0.09190625 0.2738055555555555 0.033523437499999996 0.0654861111111111
0 0.0630859375 0.20844444444444446 0.04971875 0.1559722222222222
6 0.3375078125 0.3483611111111111 0.0383828125 0.15779166666666666
5 0.8741796875000001 0.6487222222222222 0.0443828125 0.2046111111111111