5 0.8526093749999999 0.5013055555555556 0.10973437500000001 0.17545833333333333
5 0.729421875 0.4862361111111111 0.061265625000000004 0.15765277777777778
5 0.6425156249999999 0.38631944444444444 0.077265625 0.16770833333333332
6 0.8711015625 0.37454166666666666 0.0425546875 0.21512499999999998
5 0.5785312499999999 0.4829027777777778 0.0634296875 0.17877777777777779
5 0.4881875 0.6099583333333334 0.109203125 0.2390138888888889
6 0.314125 0.8270000000000001 0.06283593750000001 0.20955555555555555
6 0.2358359375 0.38275 0.0411171875 0.21919444444444444
5 0.117796875 0.7951111111111111 0.0793359375 0.26613888888888887
5 0.24176562499999998 0.663 0.056406250000000005 0.27044444444444443
5 0.4106484375 0.5435416666666667 0.0484921875 0.2722777777777778
5 0.461828125 0.42194444444444446 0.0520390625 0.21116666666666667
5 0.5111718749999999 0.35194444444444445 0.0726953125 0.20695833333333333
0 0.21614583333333334 0.1774691358024692 0.2599690755208333 0.1394977334104939 0.2635430230034722 0.2646122685185186 0.2195095486111111 0.3139166184413581
2 0.2696953125 0.2932361111111111 0.034187499999999996 0.07104166666666667
7 0.2041015625 0.06651388888888889 0.048828125 0.13304166666666667
1 0.693359375 0.5533888888888889 0.015335937499999999 0.028541666666666667
3 0.694140625 0.5695277777777777 0.0146171875 0.015083333333333332