6 0.3128984375 0.2720138888888889 0.035546875 0.16252777777777777
5 0.407890625 0.6342361111111111 0.0876875 0.2566805555555556
5 0.5838593750000001 0.5039166666666667 0.0713984375 0.21511111111111111
5 0.8836484375 0.6965833333333333 0.0706953125 0.24890277777777778
5 0.4946328125 0.5275972222222223 0.065671875 0.2466388888888889
6 0.450796875 0.7853055555555555 0.05541406250000001 0.20487499999999997
7 0.051554687499999995 0.05568055555555556 0.0511484375 0.11134722222222222
5 0.924765625 0.3596944444444445 0.06109375 0.21918055555555555
0 0.30089062499999997 0.1456527777777778 0.04675 0.14663888888888887
5 0.5725390625 0.3632638888888889 0.0491640625 0.21493055555555557
5 0.39403125 0.4907361111111111 0.0640859375 0.2341388888888889
2 0.3271484375 0.21979166666666666 0.034796875 0.07138888888888889
7 0.26846875 0.042638888888888886 0.0270703125 0.08527777777777777
5 0.393515625 0.36544444444444446 0.05175 0.059125
5 0.40768750000000004 0.5209861111111111 0.058578125 0.14795833333333333
1 0.41089843750000005 0.5281111111111111 0.014734375 0.01798611111111111