0 0.2236484375 0.22176388888888887 0.04346875 0.16402777777777777
2 0.2554375 0.2792777777777778 0.031257812499999996 0.06798611111111111
5 0.7983125 0.6686944444444444 0.061125 0.17955555555555555
5 0.466859375 0.6959305555555555 0.073046875 0.2279027777777778
5 0.7410234375 0.5110277777777777 0.057906250000000006 0.23802777777777778
6 0.4150390625 0.7793888888888888 0.06035937500000001 0.19772222222222224
5 0.40296093749999995 0.6412638888888889 0.0594453125 0.23304166666666665
5 0.2987890625 0.47426388888888893 0.06293750000000001 0.2276111111111111
7 0.20018750000000002 0.07919444444444444 0.0363203125 0.1452361111111111
5 0.5115078125 0.51725 0.0620390625 0.2159861111111111
6 0.241703125 0.3713611111111111 0.0517578125 0.17577777777777778
5 0.348 0.49106944444444445 0.05450000000000001 0.24052777777777778
1 0.37906249999999997 0.2943888888888889 0.013804687500000001 0.023125