6 0.5020703125 0.8620416666666666 0.075578125 0.2224861111111111
5 0.5285546875 0.6717500000000001 0.09478125 0.25833333333333336
0 0.658859375 0.19209722222222222 0.056320312500000004 0.1716388888888889
7 0.9273203125 0.08922222222222222 0.0527890625 0.13768055555555556
5 0.3383515625 0.5468472222222223 0.0674765625 0.18800000000000003
6 0.6567734375 0.346125 0.03825 0.16229166666666667
5 0.30862500000000004 0.6714027777777778 0.07860937500000001 0.2730694444444445
5 0.5837734375 0.5761805555555556 0.0604921875 0.2734722222222222
5 0.6530781250000001 0.4850972222222222 0.05725 0.2157222222222222
5 0.4946796875 0.4320277777777778 0.0545625 0.16224999999999998
2 0.6289765625 0.26825 0.0368125 0.07904166666666666
7 0.6893125 0.05766666666666667 0.037117187499999996 0.11533333333333334
1 0.675 0.519125 0.0178046875 0.034125
5 0.48665624999999996 0.5828472222222222 0.0501328125 0.28144444444444444