5 0.8045141065830721 0.6171944444444445 0.08053291536050157 0.20961111111111108
5 0.6559247648902822 0.5769722222222222 0.06503134796238245 0.20072222222222225
5 0.369576802507837 0.5549166666666667 0.056363636363636366 0.19175
6 0.5097178683385579 0.6853333333333333 0.05366771159874609 0.1846111111111111
5 0.5748902821316614 0.5686944444444444 0.05753918495297806 0.19480555555555554
5 0.7434326018808778 0.5568333333333334 0.0643730407523511 0.17216666666666666
5 0.564717868338558 0.36174999999999996 0.03658307210031348 0.17836111111111108
5 0.7233699059561128 0.45602777777777775 0.05454545454545454 0.21880555555555553
6 0.33876175548589343 0.3629722222222222 0.07658307210031348 0.14680555555555555
5 0.5965517241379311 0.41191666666666665 0.044717868338557995 0.13872222222222222
2 0.31468652037617556 0.22594444444444445 0.03221003134796238 0.06266666666666666
5 0.26768025078369906 0.6090555555555556 0.04744514106583072 0.17994444444444443
5 0.6244984326018809 0.30880555555555556 0.055705329153605015 0.1555
1 0.7688087774294671 0.5996388888888889 0.013824451410658307 0.027805555555555556