5 0.6742946708463949 0.5901388888888889 0.0454858934169279 0.17027777777777778
6 0.7231191222570533 0.7006666666666667 0.05241379310344827 0.18052777777777776
5 0.38891849529780564 0.41913888888888884 0.040266457680250785 0.15572222222222223
5 0.510282131661442 0.4951388888888889 0.04322884012539185 0.18083333333333332
5 0.3586990595611285 0.6825 0.043087774294670846 0.179
5 0.6258620689655172 0.42624999999999996 0.049231974921630096 0.16861111111111113
5 0.7747178683385579 0.5864722222222222 0.055940438871473354 0.16427777777777777
0 0.2216144200626959 0.2607777777777778 0.032680250783699065 0.1371388888888889
6 0.5523667711598746 0.37775000000000003 0.03797805642633229 0.15666666666666668
5 0.29578369905956114 0.42466666666666664 0.02938871473354232 0.16366666666666668
5 0.36250783699059563 0.5878888888888889 0.03561128526645768 0.09266666666666666
5 0.49274294670846397 0.3758611111111111 0.03979623824451411 0.15311111111111111
1 0.7658307210031349 0.6073333333333333 0.016457680250783698 0.022111111111111113
7 0.19510971786833856 0.10269444444444444 0.023855799373040755 0.09952777777777777
5 0.2802037617554859 0.44397222222222227 0.02482758620689655 0.18
7 0.060141065830721 0.21702777777777776 0.02252351097178683 0.07583333333333334
2 0.245141065830721 0.3046388888888889 0.037445141065830724 0.059861111111111115