5 0.2019278996865204 0.4906388888888889 0.058150470219435736 0.21105555555555558
6 0.09579937304075235 0.3121388888888889 0.03918495297805643 0.1831111111111111
5 0.49268025078369904 0.6348611111111111 0.05073667711598746 0.21144444444444446
5 0.7145611285266458 0.4078888888888889 0.028448275862068963 0.11888888888888888
5 0.2742319749216301 0.7050555555555555 0.0546551724137931 0.16161111111111112
5 0.5736520376175549 0.4584166666666667 0.04380877742946708 0.17841666666666667
5 0.6508777429467084 0.5329722222222222 0.04120689655172414 0.15330555555555556
5 0.6669278996865203 0.35938888888888887 0.048965517241379306 0.10430555555555555
5 0.6717868338557994 0.43572222222222223 0.02901253918495298 0.12177777777777779
5 0.7070219435736677 0.5569166666666667 0.049106583072100314 0.17991666666666667
4 0.7280250783699059 0.26502777777777775 0.02768025078369906 0.056611111111111105
6 0.5951253918495297 0.6965833333333333 0.05219435736677116 0.14194444444444446
6 0.8136677115987461 0.37511111111111106 0.034043887147335423 0.18980555555555556
7 0.9707680250783699 0.18897222222222224 0.02794670846394984 0.05913888888888889
7 0.7896708463949843 0.04988888888888889 0.018761755485893417 0.06594444444444444
0 0.7455363227477171 0.13405797101449274 0.7675006601812729 0.18358431461352656 0.7655467365748945 0.27113526570048313 0.741604517343601 0.23658759812801936