0 0.23962500000000003 0.21634722222222225 0.046054687500000004 0.16429166666666667
5 0.714890625 0.50825 0.0732890625 0.23244444444444445
5 0.3591953125 0.635 0.051492187499999995 0.2519166666666667
2 0.2683125 0.27758333333333335 0.0318359375 0.069625
5 0.8070468749999999 0.6576527777777778 0.05094531249999999 0.18800000000000003
7 0.211 0.060708333333333336 0.0352890625 0.12143055555555557
5 0.494671875 0.494875 0.0353828125 0.2296388888888889
5 0.36813281249999996 0.43116666666666664 0.0496875 0.17240277777777777
5 0.28746875 0.4653333333333334 0.0711953125 0.2099583333333333
5 0.42765624999999996 0.693 0.0704375 0.26608333333333334
7 0.013984374999999999 0.13505555555555554 0.0276484375 0.095375
5 0.3301796875 0.45258333333333334 0.05221875 0.20166666666666666
6 0.22264843750000002 0.3653194444444444 0.038554687500000004 0.1692638888888889
6 0.3910390625 0.7717361111111111 0.05103124999999999 0.18208333333333332
1 0.3939765625 0.3179861111111111 0.013617187499999999 0.02454166666666667
5 0.46382031250000005 0.5029861111111111 0.0441171875 0.23576388888888888