5 0.8928046875 0.64175 0.0873359375 0.23748611111111112
5 0.711203125 0.45341666666666663 0.07926562499999999 0.21775
5 0.17293750000000002 0.5932499999999999 0.07925 0.23854166666666668
5 0.34597656250000003 0.5778472222222223 0.100390625 0.2266111111111111
6 0.3481796875 0.3455833333333333 0.040765625 0.16477777777777777
5 0.643625 0.6655555555555556 0.0823515625 0.19669444444444445
5 0.42859375 0.46037500000000003 0.051937500000000004 0.21548611111111113
5 0.9627968750000001 0.5038472222222222 0.06534375 0.24315277777777777
5 0.21874218750000002 0.5459861111111112 0.0631953125 0.21302777777777776
6 0.616375 0.7997638888888889 0.07253125 0.20326388888888888
5 0.7224140625000001 0.6901944444444444 0.0721484375 0.24680555555555553
1 0.7001015625 0.45006944444444447 0.0159296875 0.022319444444444444