5 0.136234375 0.7259305555555555 0.073765625 0.2530833333333333
5 0.29002343750000004 0.5760416666666667 0.090171875 0.2580138888888889
6 0.78178125 0.8205 0.06703125 0.3230972222222222
6 0.587703125 0.2971111111111111 0.060820312499999994 0.1991666666666667
2 0.27140624999999996 0.2301527777777778 0.04803125 0.07759722222222222
0 0.2126736111111111 0.10339506172839516 0.25954861111111116 0.0621202256944445 0.26312594943576395 0.19762128665123468 0.21834309895833334 0.24917414158950627
5 0.35055468749999996 0.5254861111111111 0.064515625 0.26384722222222223
5 0.46384375 0.4340694444444444 0.06364062499999999 0.19666666666666666
5 0.69540625 0.36811111111111117 0.0748359375 0.17141666666666666
5 0.6490390625 0.38583333333333336 0.0665 0.18512499999999998
5 0.40471874999999996 0.2773611111111111 0.036875000000000005 0.22755555555555557
5 0.42488281250000004 0.32111111111111107 0.05128125 0.17925
5 0.4436484375 0.3606527777777778 0.053671875 0.20894444444444443
1 0.7179921874999999 0.46447222222222223 0.01678125 0.026569444444444444
3 0.7187812499999999 0.47933333333333333 0.0128203125 0.009472222222222222