0 0.6426328125 0.19434722222222223 0.0467734375 0.14179166666666668
6 0.5626796875 0.7501944444444444 0.06284375 0.22781944444444444
5 0.478484375 0.7035694444444445 0.0764921875 0.24015277777777777
5 0.5071953125 0.542625 0.0616953125 0.16283333333333333
5 0.33964062500000003 0.45626388888888886 0.048796875 0.18116666666666667
5 0.5478359375 0.39576388888888886 0.042234375000000005 0.15527777777777776
5 0.46410937499999994 0.4791388888888889 0.041375 0.14794444444444443
5 0.39040625 0.4719583333333333 0.05240625 0.20093055555555553
7 0.846671875 0.11575 0.03525 0.08518055555555555
5 0.32875 0.34320833333333334 0.03746875 0.12730555555555556
5 0.44567187500000005 0.5663611111111111 0.0401640625 0.20258333333333337
7 0.6713281249999999 0.06108333333333333 0.02371875 0.11451388888888889
6 0.647078125 0.3212083333333334 0.036078125 0.15756944444444446
6 0.49705468750000004 0.28019444444444447 0.040015625 0.16468055555555555
1 0.468078125 0.4884166666666667 0.017015625 0.029388888888888888
6 0.11678906250000001 0.3013888888888889 0.039703125 0.19040277777777778
5 0.23240625 0.31354166666666666 0.0389609375 0.18391666666666664
2 0.62325 0.24625000000000002 0.0347421875 0.061638888888888896