5 0.4707210031347962 0.5041666666666667 0.03954545454545454 0.14941666666666667
5 0.5424294670846395 0.6346388888888889 0.03981191222570533 0.17916666666666667
5 0.561692789968652 0.4930555555555556 0.02871473354231975 0.18725
5 0.40263322884012537 0.5018611111111111 0.0390282131661442 0.16747222222222222
5 0.35059561128526645 0.506 0.05213166144200627 0.15769444444444444
6 0.7308934169278997 0.6956666666666667 0.04877742946708464 0.19080555555555556
5 0.9108463949843261 0.6406666666666666 0.06021943573667712 0.20747222222222222
5 0.3696394984326019 0.4567222222222222 0.032915360501567396 0.12508333333333332
5 0.5221943573667712 0.5110833333333333 0.04601880877742947 0.15138888888888888
6 0.5615673981191223 0.3891388888888889 0.025658307210031348 0.08913888888888889
0 0.24586206896551727 0.2931388888888889 0.03399686520376176 0.11933333333333333
5 0.42647335423197485 0.6935277777777777 0.055689655172413796 0.1655
7 0.08114420062695925 0.25725 0.02871473354231975 0.050722222222222224
7 0.21636363636363634 0.13802777777777778 0.023824451410658306 0.078
2 0.2656896551724138 0.3426666666666667 0.02981191222570533 0.06458333333333334
5 0.33590909090909093 0.6313333333333333 0.05438871473354232 0.22161111111111112