6 0.3985390625 0.7203333333333333 0.056406250000000005 0.19302777777777777
5 0.3791015625 0.5809305555555555 0.059328124999999995 0.2218472222222222
5 0.2690234375 0.43506944444444445 0.0398515625 0.17102777777777778
5 0.2276328125 0.6579444444444444 0.060140625 0.23733333333333334
5 0.4420703125 0.3581111111111111 0.0503671875 0.16180555555555556
0 0.276453125 0.1797777777777778 0.0353828125 0.14934722222222221
5 0.312125 0.42125 0.0540546875 0.18147222222222223
7 0.0765390625 0.1076388888888889 0.034109375 0.09784722222222222
5 0.8035 0.6037916666666667 0.0673359375 0.2067361111111111
6 0.8665546875000001 0.29688888888888887 0.0355 0.16508333333333333
5 0.489578125 0.26408333333333334 0.0576171875 0.15045833333333333
5 0.7580546874999999 0.5489861111111111 0.04696875 0.18931944444444446
5 0.5509765625 0.4879027777777778 0.061554687500000003 0.22112500000000002
2 0.3004296875 0.239625 0.0245546875 0.057861111111111106
6 0.26009375 0.27823611111111113 0.032492187500000005 0.15865277777777778
7 0.2505390625 0.06126388888888889 0.022695312500000002 0.10706944444444445
5 0.781484375 0.6150972222222222 0.0801640625 0.20240277777777776
1 0.7581249999999999 0.6014305555555555 0.017812500000000002 0.03065277777777778