5 0.9088828124999999 0.3555138888888889 0.0543125 0.21330555555555558
6 0.43461718749999995 0.7537083333333333 0.061171875 0.21602777777777776
5 0.5672421875 0.4515972222222222 0.0637421875 0.22034722222222222
5 0.44090625 0.42544444444444446 0.08737500000000001 0.19283333333333333
0 0.147 0.1366388888888889 0.05044531249999999 0.1654861111111111
5 0.4273515625 0.6267361111111112 0.079796875 0.21415277777777778
6 0.24362499999999998 0.28070833333333334 0.0787109375 0.17554166666666668
5 0.337703125 0.5382083333333333 0.0623671875 0.1555277777777778
5 0.6604687499999999 0.5066805555555556 0.07027343750000001 0.20133333333333334
2 0.1726015625 0.2124722222222222 0.0369140625 0.06883333333333333
1 0.33285156250000003 0.6049027777777778 0.0168125 0.02825
5 0.6396796874999999 0.32131944444444444 0.0348515625 0.17708333333333334
5 0.9747734375 0.5361111111111111 0.0467890625 0.212625
5 0.9841093750000001 0.6694166666666667 0.0317734375 0.24693055555555554
5 0.42005468749999997 0.39633333333333337 0.07290624999999999 0.1868611111111111