5 0.8900390625 0.646361111111111 0.10003124999999999 0.22005555555555556
5 0.43534375000000003 0.47977777777777775 0.059335937500000005 0.20747222222222222
5 0.3370546875 0.5742916666666666 0.0831796875 0.22308333333333333
5 0.1789453125 0.5777916666666667 0.051890625 0.2345694444444444
5 0.7070234375 0.6940138888888889 0.08103125 0.2500833333333333
6 0.5865625 0.7807222222222222 0.051796875 0.18009722222222221
5 0.6181875 0.6995138888888889 0.055437499999999994 0.24809722222222222
5 0.2197265625 0.5399305555555556 0.0521640625 0.21063888888888888
5 0.7015156250000001 0.46672222222222226 0.0714453125 0.20883333333333334
6 0.34943749999999996 0.3451111111111111 0.053804687500000004 0.16993055555555556
5 0.9487578125 0.51925 0.052976562500000005 0.24359722222222221
1 0.6736875 0.46205555555555555 0.0119921875 0.017555555555555557