6 0.1868046875 0.9411805555555556 0.058351562499999995 0.11765277777777777
5 0.2512734375 0.7584166666666666 0.08771875 0.25006944444444446
5 0.548265625 0.5835694444444445 0.092703125 0.24683333333333332
7 0.93415625 0.08594444444444445 0.049539062499999995 0.13809722222222223
0 0.6461796875 0.19493055555555555 0.061828125 0.18719444444444444
7 0.679609375 0.044180555555555556 0.0301015625 0.08837500000000001
2 0.6149140625 0.2812777777777778 0.040984375 0.07688888888888888
5 0.678203125 0.47194444444444444 0.06484375 0.23627777777777778
6 0.555578125 0.3484861111111111 0.048070312500000004 0.21781944444444445
1 0.5603984375 0.3544305555555555 0.017945312499999998 0.03116666666666667
5 0.8237265624999999 0.5575416666666667 0.07714062499999999 0.26090277777777776