5 0.5741692789968652 0.3334166666666667 0.032993730407523514 0.15055555555555555
5 0.32427899686520373 0.39275 0.037664576802507836 0.14183333333333334
5 0.48968652037617555 0.4423888888888889 0.03584639498432602 0.14972222222222223
5 0.6276175548589342 0.4431388888888889 0.03261755485893417 0.12233333333333334
5 0.6902978056426333 0.6139722222222223 0.042037617554858936 0.11077777777777778
5 0.6278056426332289 0.36411111111111116 0.03073667711598746 0.11822222222222223
5 0.402884012539185 0.5537222222222222 0.02772727272727273 0.07466666666666666
5 0.7254545454545455 0.5881666666666667 0.030752351097178686 0.09405555555555556
5 0.3823354231974922 0.5877777777777777 0.03579937304075235 0.1375
6 0.41661442006269594 0.31919444444444445 0.02072100313479624 0.15416666666666667
0 0.6882922175276 0.2053140096618358 0.7076717323156605 0.24251773852657013 0.7041339060583345 0.3363998339371982 0.6826167881968108 0.29135529891304357
6 0.4109247648902822 0.6607500000000001 0.032680250783699065 0.14758333333333334
6 0.850846394984326 0.5794722222222223 0.025266457680250785 0.12513888888888888
5 0.6468808777429467 0.43394444444444447 0.016692789968652037 0.12150000000000001
2 0.6774294670846395 0.3106666666666667 0.02462382445141066 0.04886111111111111
7 0.866974921630094 0.25416666666666665 0.023432601880877743 0.042138888888888885
7 0.7228996865203762 0.14049999999999999 0.016050156739811913 0.058777777777777776