5 0.8542633228840125 0.6783333333333333 0.05532915360501567 0.22758333333333336
5 0.8305956112852664 0.6770833333333334 0.05210031347962383 0.21869444444444447
6 0.7066457680250783 0.45999999999999996 0.047617554858934166 0.22677777777777777
6 0.047241379310344826 0.7198888888888889 0.04542319749216301 0.2441111111111111
2 0.3246238244514107 0.3944166666666667 0.038636363636363635 0.07147222222222223
5 0.1921473354231975 0.7639166666666667 0.05990595611285266 0.2838611111111111
5 0.4047962382445141 0.6356111111111111 0.06678683385579937 0.19394444444444442
5 0.35322884012539185 0.5846111111111111 0.05225705329153606 0.2175277777777778
5 0.3033228840125392 0.696138888888889 0.054373040752351096 0.19419444444444445
5 0.3436990595611285 0.7588888888888888 0.049529780564263326 0.1651388888888889
5 0.48634796238244515 0.46849999999999997 0.051332288401253916 0.15438888888888888
5 0.4709247648902821 0.5254166666666666 0.03537617554858934 0.20299999999999999
5 0.2799843260188088 0.8828333333333334 0.046128526645768025 0.20525
0 0.2736611097860161 0.4220306838768117 0.2733070609581573 0.27091353411835756 0.32552793205669905 0.23225203804347824 0.3250993466335015 0.37562273550724645 0.2734002317023307 0.4248282759661836