5 0.6860344827586207 0.4583055555555556 0.02432601880877743 0.08658333333333333
5 0.5489968652037618 0.46694444444444444 0.021018808777429468 0.08225
5 0.43716300940438874 0.5437222222222222 0.018322884012539183 0.06725
5 0.6446394984326018 0.5166944444444445 0.02006269592476489 0.1068611111111111
5 0.6106739811912226 0.48225 0.020940438871473354 0.0941388888888889
5 0.7428996865203762 0.46041666666666664 0.02335423197492163 0.08266666666666667
5 0.44548589341692796 0.48436111111111113 0.02550156739811912 0.07497222222222222
5 0.46815047021943573 0.47652777777777783 0.025830721003134795 0.09072222222222222
5 0.3424451410658307 0.5696111111111111 0.021144200626959247 0.057111111111111106
6 0.7891692789968652 0.5496111111111112 0.020501567398119123 0.08472222222222223
6 0.5293260188087774 0.3958055555555556 0.022163009404388714 0.0911388888888889
5 0.623448275862069 0.4715555555555555 0.018871473354231973 0.08802777777777779
2 0.7140438871473355 0.40324999999999994 0.013338557993730408 0.03358333333333333
7 0.8237460815047021 0.36652777777777773 0.011959247648902821 0.0205