6 0.908796875 0.31166666666666665 0.0832109375 0.17580555555555555
6 0.494140625 0.9001805555555555 0.0907109375 0.19849999999999998
6 0.086484375 0.285375 0.080953125 0.1324722222222222
5 0.088765625 0.3591666666666667 0.104609375 0.20291666666666666
5 0.2690390625 0.6948194444444444 0.11446875000000001 0.2785416666666667
5 0.5137343750000001 0.7638472222222222 0.0691328125 0.25301388888888887
5 0.5438671875 0.7343611111111111 0.094671875 0.26193055555555556
5 0.8110859375 0.41836111111111113 0.08571875 0.1731388888888889
5 0.6700781250000001 0.42070833333333335 0.0866796875 0.20251388888888888
5 0.5428203125 0.44993055555555556 0.101265625 0.21468055555555554
5 0.42874999999999996 0.36847222222222226 0.0831875 0.1999027777777778
5 0.25207812500000004 0.3730416666666666 0.08575 0.22447222222222224
2 0.9423359375 0.25575 0.0374453125 0.07633333333333334
0 0.9952392578125 0.28686824845679015 0.9477810329861113 0.21925033757716056 0.9540846082899307 0.0849187403549383 1 0.14435643325617287
1 0.6187421875 0.49859722222222225 0.0161796875 0.02816666666666667
3 0.6193203125 0.5125833333333334 0.010515625 0.009902777777777778