0 0.7449686520376176 0.20705555555555558 0.03639498432601881 0.11455555555555556
5 0.48081504702194355 0.38825000000000004 0.04443573667711599 0.17575000000000002
5 0.3868652037617555 0.34688888888888886 0.03235109717868339 0.1688611111111111
6 0.4350940438871473 0.3016111111111111 0.037225705329153605 0.13958333333333334
5 0.3517398119122257 0.6378611111111111 0.04874608150470219 0.17011111111111113
5 0.6315047021943573 0.38130555555555556 0.03134796238244514 0.15016666666666667
5 0.5322100313479624 0.46475 0.03393416927899686 0.1820277777777778
5 0.447884012539185 0.6165833333333334 0.04661442006269592 0.17241666666666666
6 0.9537774294670847 0.5371944444444444 0.03932601880877743 0.19422222222222224
6 0.1744984326018809 0.6671666666666667 0.05600313479623824 0.2023611111111111
5 0.4372884012539185 0.5293888888888889 0.03184952978056426 0.04713888888888888
7 0.7739028213166145 0.08208333333333334 0.02626959247648903 0.12127777777777776
5 0.334012539184953 0.48105555555555557 0.045532915360501566 0.1903888888888889
7 0.91141065830721 0.18805555555555556 0.03001567398119122 0.07516666666666666
5 0.47623824451410657 0.5995277777777778 0.05009404388714734 0.17913888888888888
5 0.6617398119122258 0.4010833333333333 0.02421630094043887 0.1818611111111111
2 0.7252821316614421 0.2628611111111111 0.025705329153605013 0.06369444444444444