6 0.45260156250000005 0.773013888888889 0.0637734375 0.22094444444444447
5 0.62625 0.43338888888888893 0.0831328125 0.16872222222222222
5 0.40396875000000004 0.7475416666666667 0.07372656250000001 0.24422222222222223
0 0.3677109375 0.20352777777777778 0.0381484375 0.1678611111111111
5 0.5657656249999999 0.47483333333333333 0.0677109375 0.1941111111111111
7 0.150515625 0.12294444444444444 0.040999999999999995 0.09519444444444446
5 0.46643749999999995 0.4991111111111111 0.0546484375 0.21766666666666667
5 0.713 0.3385416666666667 0.044421875 0.15722222222222224
5 0.3422734375 0.6041666666666666 0.0624921875 0.236
2 0.3951796875 0.2700138888888889 0.03428125 0.0801111111111111
5 0.5148125 0.5306111111111111 0.0446328125 0.2609166666666667
5 0.362921875 0.6157222222222222 0.07375000000000001 0.24670833333333334
1 0.4988125 0.29386111111111113 0.0195 0.034930555555555555
5 0.5233984375 0.4457916666666667 0.0343046875 0.12213888888888888
5 0.3712734375 0.4660277777777778 0.029328125 0.09594444444444444
6 0.98125 0.34358333333333335 0.0375 0.17670833333333333