7 0.8876171875000001 0.19656944444444444 0.0304375 0.07525
7 0.7291796875000001 0.15005555555555555 0.026070312499999998 0.12418055555555554
5 0.8159765625000001 0.7012638888888889 0.05209375000000001 0.20806944444444445
0 0.6918402777777779 0.19907407407407413 0.7216322157118056 0.23808232060185192 0.7190653483072917 0.33043378665123463 0.6873202853732641 0.2811656057098766
2 0.6858828124999999 0.31466666666666665 0.026515624999999998 0.05525
6 0.712296875 0.38325 0.0356953125 0.146125
6 0.1586875 0.34600000000000003 0.0343828125 0.14570833333333333
6 0.5766015624999999 0.7663888888888888 0.0490390625 0.21179166666666668
5 0.6748515625 0.5797222222222221 0.056296875 0.18104166666666666
5 0.5303671875 0.3849444444444445 0.0416328125 0.16804166666666667
5 0.5741562499999999 0.30419444444444443 0.031992187500000005 0.1485138888888889
5 0.4533046875 0.6829444444444445 0.0489765625 0.1560138888888889
5 0.4886796875 0.6014444444444444 0.0641640625 0.184375
5 0.3315078125 0.4522777777777778 0.0640625 0.15763888888888888
5 0.2580078125 0.46316666666666667 0.054203125 0.13929166666666667
5 0.20184375000000002 0.49627777777777776 0.061671875 0.14994444444444444
5 0.2236640625 0.45934722222222224 0.021976562499999998 0.06376388888888888
1 0.238859375 0.5277638888888889 0.01178125 0.021347222222222222
3 0.239734375 0.5381111111111111 0.00978125 0.006763888888888889