6 0.2859453125 0.7884027777777778 0.063203125 0.2588888888888889
5 0.2368984375 0.44465277777777773 0.060929687499999996 0.22880555555555557
5 0.2749375 0.5501944444444444 0.056023437499999995 0.16827777777777778
5 0.33328125000000003 0.5369305555555555 0.0623984375 0.1818888888888889
5 0.3745703125 0.46625 0.0546953125 0.2040972222222222
5 0.5103203125 0.4147916666666666 0.0605703125 0.19379166666666667
5 0.4459765625 0.33873611111111107 0.044734375 0.1867361111111111
5 0.796171875 0.589 0.06109375 0.2582361111111111
5 0.7207109375 0.5617222222222222 0.0716328125 0.22220833333333334
5 0.6346171875 0.5775555555555555 0.050492187499999994 0.11808333333333333
5 0.6598515625 0.7227777777777777 0.08011718749999999 0.23877777777777776
6 0.2922734375 0.33193055555555556 0.044609375 0.17929166666666668
6 0.9221562499999999 0.5966666666666667 0.0630546875 0.22727777777777775
0 0.6319444444444444 0.146604938271605 0.6781989203559029 0.1778609664351852 0.675082736545139 0.2926914544753087 0.6315138075086806 0.2527729552469137
7 0.8758984375000001 0.1433611111111111 0.052140624999999996 0.12005555555555555
7 0.6815859375 0.07994444444444444 0.039609375 0.13829166666666665
2 0.6316171875000001 0.27979166666666666 0.0372109375 0.07194444444444444
1 0.2993515625 0.6364027777777778 0.015742187499999998 0.029180555555555557
3 0.2991171875 0.6510555555555555 0.013382812499999999 0.01351388888888889