0 0.639171875 0.19425 0.0468984375 0.13926388888888888
6 0.5668124999999999 0.7535555555555555 0.0661875 0.21569444444444447
5 0.55703125 0.4062083333333334 0.0511953125 0.18147222222222223
5 0.4811328125 0.6919444444444445 0.06965625 0.28265277777777775
5 0.51228125 0.5405555555555556 0.05046874999999999 0.16375
5 0.3872890625 0.4780277777777778 0.0557421875 0.19595833333333335
7 0.8441796874999999 0.11488888888888889 0.03853125 0.09140277777777778
5 0.4615390625 0.47826388888888893 0.044179687499999995 0.1769027777777778
5 0.332953125 0.47647222222222224 0.065671875 0.21077777777777776
7 0.6669921875 0.06390277777777778 0.0218828125 0.11326388888888889
5 0.32721093749999997 0.3424583333333333 0.034234375 0.13344444444444445
5 0.4955625 0.2683611111111111 0.0419296875 0.18754166666666666
6 0.11658593749999999 0.301625 0.036296875 0.18380555555555556
5 0.229921875 0.31370833333333337 0.0411015625 0.1829583333333333
2 0.6208515625000001 0.24831944444444443 0.035453125 0.05219444444444444
6 0.6463671875 0.32305555555555554 0.0380546875 0.153875
1 0.50434375 0.5709027777777778 0.018062500000000002 0.02791666666666667