5 0.11302507836990595 0.5680555555555555 0.07540752351097178 0.22913888888888886
5 0.41233542319749217 0.3343611111111111 0.04012539184952978 0.21319444444444444
0 0.17705329153605015 0.1305 0.04945141065830721 0.16319444444444445
5 0.5955172413793104 0.3835555555555556 0.035579937304075236 0.20369444444444443
2 0.20501567398119125 0.19922222222222222 0.03415360501567398 0.07158333333333333
5 0.21904388714733541 0.3395 0.047241379310344826 0.20916666666666667
6 0.7444357366771159 0.7205833333333334 0.052523510971786834 0.22833333333333333
5 0.6528056426332288 0.6623333333333333 0.07128526645768024 0.23305555555555557
5 0.2514890282131661 0.29005555555555557 0.03601880877742947 0.1723888888888889
5 0.021442006269592476 0.6188333333333333 0.04288401253918495 0.26025
5 0.708166144200627 0.3203888888888889 0.04051724137931035 0.1840277777777778
5 0.7417241379310345 0.6321944444444445 0.08098746081504703 0.14169444444444443
5 0.4735266457680251 0.27133333333333337 0.0434012539184953 0.18761111111111112
6 0.5574137931034483 0.2649722222222222 0.0408307210031348 0.19419444444444445