6 0.4659375 0.7680972222222222 0.0504140625 0.2095138888888889
5 0.6364453125 0.50025 0.059773437500000005 0.2104027777777778
6 0.3045859375 0.2803611111111111 0.050796875 0.19130555555555556
5 0.9652421875 0.6849722222222222 0.0695078125 0.24440277777777777
0 0.25846874999999997 0.13852777777777778 0.0490234375 0.15566666666666668
5 0.5390546875 0.5037361111111112 0.0720859375 0.230125
5 0.60565625 0.3559027777777778 0.053921874999999994 0.16683333333333333
5 0.9427578125 0.350125 0.0469375 0.22361111111111112
5 0.4315390625 0.608111111111111 0.0639765625 0.2525833333333333
7 0.020015625000000002 0.06236111111111111 0.040031250000000004 0.11379166666666668
5 0.3706015625 0.5338194444444445 0.06985156249999999 0.15841666666666668
2 0.2832265625 0.21570833333333334 0.033046874999999996 0.07101388888888889
5 0.4219921875 0.4054861111111111 0.0681328125 0.15443055555555554
1 0.3871328125 0.6193472222222223 0.0160703125 0.03011111111111111
3 0.3872578125 0.6339166666666667 0.0123203125 0.0085