5 0.784328125 0.7426527777777778 0.054765625 0.1674027777777778
6 0.52265625 0.8238055555555556 0.059203125 0.21241666666666667
6 0.7115 0.32534722222222223 0.0427890625 0.16920833333333332
5 0.179140625 0.8168472222222222 0.0752890625 0.2849305555555556
5 0.19527343749999998 0.5255416666666667 0.0641640625 0.19923611111111109
5 0.3053125 0.5014583333333333 0.06471875 0.206625
5 0.64190625 0.5441666666666667 0.051171875 0.21179166666666668
5 0.4573125 0.5516805555555555 0.0778203125 0.17743055555555556
5 0.42246875 0.4479583333333333 0.0636796875 0.1490138888888889
5 0.367609375 0.2952916666666667 0.0442421875 0.1677361111111111
5 0.5700937500000001 0.39936111111111117 0.067265625 0.1845277777777778
5 0.56153125 0.23605555555555557 0.05535156249999999 0.16655555555555557
2 0.7806171875000001 0.24993055555555554 0.035203125 0.07086111111111111
7 0.8424765624999999 0.04247222222222222 0.028703125000000003 0.08494444444444443
0 0.7925347222222222 0.10030864197530873 0.8293219672309027 0.15163242669753096 0.82757568359375 0.27232831790123463 0.7854851616753471 0.2175202546296296
1 0.3337421875 0.5804305555555556 0.0147890625 0.028694444444444446
3 0.33406250000000004 0.5940694444444444 0.013421875 0.008444444444444445