5 0.5610031347962383 0.4835 0.023432601880877743 0.13019444444444445
5 0.36463949843260185 0.6035555555555555 0.03006269592476489 0.13419444444444445
5 0.40868338557993733 0.4603055555555556 0.032554858934169276 0.12955555555555556
6 0.46150470219435735 0.35525 0.027789968652037617 0.11247222222222222
5 0.6116144200626958 0.522888888888889 0.02783699059561129 0.14225000000000002
5 0.6586363636363636 0.5029166666666667 0.03057993730407524 0.09236111111111112
5 0.5269592476489028 0.44833333333333336 0.025407523510971787 0.11555555555555556
5 0.5927742946708464 0.4483611111111111 0.026426332288401255 0.11241666666666666
5 0.2953918495297806 0.6439166666666667 0.03181818181818182 0.1208611111111111
6 0.8196551724137932 0.56075 0.03103448275862069 0.07319444444444445
6 0.41275862068965513 0.6159722222222223 0.05545454545454546 0.09911111111111111
5 0.6757366771159875 0.45358333333333334 0.02529780564263323 0.13177777777777777
5 0.653025078369906 0.41036111111111107 0.024858934169278996 0.07433333333333333
7 0.8329467084639498 0.29975 0.02081504702194357 0.03908333333333333
7 0.7174451410658308 0.21627777777777776 0.017413793103448275 0.06055555555555556
2 0.6779310344827586 0.35044444444444445 0.022884012539184952 0.04386111111111111
0 0.687019771364318 0.2654645984299517 0.7045305472263869 0.2944359525966183 0.7036334460610605 0.35939387077294693 0.6838173597860162 0.3251905948067634