6 0.47302343750000003 0.7152916666666667 0.0481015625 0.18637499999999999
5 0.6676249999999999 0.4805972222222222 0.042398437500000004 0.19793055555555555
6 0.35678125 0.3167916666666667 0.035421875000000005 0.14219444444444443
6 0.8606875 0.3170138888888889 0.043226562499999996 0.15704166666666666
5 0.494046875 0.3528888888888889 0.042765625 0.17945833333333333
5 0.71171875 0.4435 0.048953125 0.1446527777777778
5 0.5786328125 0.36491666666666667 0.0323203125 0.14656944444444445
7 0.173375 0.12552777777777777 0.036609375 0.09593055555555555
5 0.385890625 0.5164861111111111 0.0625703125 0.19294444444444442
5 0.41396875 0.5016111111111111 0.048484375 0.17843055555555556
5 0.53134375 0.4433888888888889 0.0453828125 0.21316666666666664
5 0.560453125 0.45683333333333337 0.0365234375 0.16079166666666667
0 0.361015625 0.1929861111111111 0.036015625 0.13202777777777777
7 0.33703125 0.066125 0.034484375 0.1322638888888889
2 0.38460937500000003 0.2446111111111111 0.0271796875 0.057444444444444444
1 0.663234375 0.47465277777777776 0.013617187499999999 0.02288888888888889