6 0.3945703125 0.7877916666666667 0.06509374999999999 0.23130555555555554
0 0.252765625 0.20068055555555556 0.050265625 0.1695
5 0.379765625 0.5085555555555555 0.06265625 0.21356944444444445
5 0.273140625 0.648625 0.084359375 0.22859722222222223
2 0.27659375 0.2665277777777778 0.0369375 0.07763888888888888
5 0.3588671875 0.701625 0.0942734375 0.22375
5 0.43956249999999997 0.5068472222222222 0.06183593750000001 0.1875277777777778
5 0.8662578125 0.6669027777777778 0.060906249999999995 0.19027777777777777
5 0.357890625 0.4115138888888889 0.04325 0.16820833333333332
5 0.29790625 0.47197222222222224 0.0599375 0.1869861111111111
5 0.6447812500000001 0.5158611111111111 0.076125 0.23502777777777778
7 0.225828125 0.06390277777777778 0.0342890625 0.12368055555555556
6 0.1852734375 0.3725555555555556 0.0426171875 0.17227777777777778
7 0.013015625 0.13144444444444445 0.026039062499999998 0.1362361111111111
5 0.40025781250000003 0.4140833333333333 0.0397421875 0.1706388888888889
1 0.4611328125 0.44443055555555555 0.010328125 0.020166666666666666