5 0.2118515625 0.675138888888889 0.069265625 0.21066666666666667
5 0.631328125 0.5867777777777778 0.050921875000000005 0.2151388888888889
6 0.42215625 0.7325833333333334 0.0571015625 0.20406944444444444
5 0.7158359375 0.5482083333333333 0.07565625000000001 0.22109722222222222
5 0.5106171875000001 0.4955833333333333 0.061484375 0.2222222222222222
5 0.5691484375 0.5941527777777778 0.051539062499999996 0.2043472222222222
5 0.35510156249999997 0.5819444444444445 0.0507421875 0.22234722222222222
7 0.13146875 0.11090277777777777 0.03871875 0.08544444444444445
5 0.5749296875 0.40462499999999996 0.0530390625 0.15445833333333334
5 0.2864765625 0.5448055555555555 0.040953125 0.21205555555555555
2 0.3564375 0.25313888888888886 0.0285078125 0.06720833333333333
5 0.7299375 0.3312777777777778 0.06378906250000001 0.16502777777777777
6 0.9458593750000001 0.315875 0.0373125 0.1657361111111111
0 0.3353984375 0.19380555555555554 0.0320390625 0.14658333333333334
7 0.3074296875 0.0546388888888889 0.02803125 0.1092777777777778
1 0.533703125 0.6251249999999999 0.017570312499999997 0.03298611111111111
5 0.34834375 0.44919444444444445 0.049093750000000005 0.18887500000000002