0 0.642046875 0.19380555555555554 0.045828125 0.13780555555555554
6 0.563265625 0.7517638888888889 0.06334375 0.22843055555555555
5 0.4806328125 0.7019722222222222 0.0855625 0.23576388888888888
5 0.5081640625 0.5419583333333333 0.061257812499999995 0.16506944444444444
5 0.3890234375 0.4771666666666667 0.050671875 0.2109166666666667
7 0.8480546875 0.11347222222222222 0.038304687500000004 0.08740277777777777
5 0.3379609375 0.4736666666666667 0.0548203125 0.20968055555555556
5 0.46196093749999995 0.4841111111111111 0.04184375 0.1656388888888889
5 0.5520703124999999 0.4001527777777778 0.042984375000000005 0.16759722222222223
5 0.328546875 0.34458333333333335 0.0362109375 0.13209722222222223
7 0.670578125 0.06152777777777777 0.0224453125 0.11686111111111111
5 0.2315546875 0.31837499999999996 0.0393984375 0.16972222222222222
6 0.646375 0.31963888888888886 0.037 0.16219444444444445
5 0.495 0.26916666666666667 0.041249999999999995 0.18640277777777778
1 0.47971874999999997 0.5079027777777778 0.0159296875 0.028069444444444445
2 0.623734375 0.25004166666666666 0.0378359375 0.05366666666666667
6 0.1191015625 0.30194444444444446 0.0329765625 0.18565277777777775
5 0.449609375 0.5886527777777778 0.046632812499999995 0.22125