5 0.3205703125 0.6646249999999999 0.0700625 0.21944444444444444
6 0.39784375 0.7218472222222222 0.050187499999999996 0.1921388888888889
5 0.41762499999999997 0.5799027777777778 0.06378906250000001 0.19180555555555553
5 0.777953125 0.49748611111111113 0.072484375 0.155375
6 0.8548359375000001 0.2971666666666667 0.0331484375 0.16577777777777777
5 0.7035625 0.5432638888888889 0.0977109375 0.20034722222222223
5 0.3822265625 0.36469444444444443 0.040054687500000005 0.16056944444444443
7 0.075421875 0.10588888888888888 0.03821875 0.07990277777777778
0 0.27266406249999997 0.18190277777777777 0.0406796875 0.15369444444444444
5 0.268 0.42662500000000003 0.041734375000000004 0.18415277777777778
5 0.8955390624999999 0.533 0.0666953125 0.16565277777777776
1 0.8183203125 0.5217222222222222 0.018578125 0.026958333333333334
2 0.29825 0.24173611111111112 0.026023437500000003 0.057972222222222224
5 0.37820312500000003 0.2655 0.0352265625 0.12383333333333332
5 0.511625 0.43293055555555554 0.056937499999999995 0.20086111111111113
7 0.248046875 0.05316666666666667 0.0256796875 0.10633333333333334
5 0.29769531250000003 0.43930555555555556 0.0417421875 0.19119444444444444
6 0.2611640625 0.2973611111111111 0.0318828125 0.13393055555555555