5 0.3450546875 0.6054166666666666 0.059859375000000006 0.23704166666666665
5 0.6058515625 0.42937499999999995 0.06009375 0.16649999999999998
7 0.151796875 0.11865277777777779 0.039773437499999995 0.09381944444444444
6 0.45139843749999997 0.7773055555555555 0.06832812499999999 0.2197777777777778
5 0.7147734375 0.3357222222222222 0.0467109375 0.16506944444444444
0 0.36928125 0.20522222222222222 0.042890625 0.16977777777777778
5 0.47081249999999997 0.49875 0.055374999999999994 0.21475
5 0.5134531250000001 0.5764305555555556 0.058703125 0.21734722222222225
5 0.538625 0.46872222222222226 0.05953125 0.194625
2 0.3975078125 0.2705138888888889 0.0325703125 0.07595833333333334
5 0.36539062499999997 0.4847777777777778 0.029179687500000002 0.09120833333333334
5 0.5169765625 0.46720833333333334 0.054445312499999995 0.17805555555555555
7 0.3437578125 0.06956944444444445 0.031125000000000003 0.12533333333333332
6 0.9878984375 0.3657361111111111 0.024210937499999998 0.15675
5 0.3935078125 0.5938055555555556 0.0686875 0.22104166666666666
1 0.4883828125 0.23966666666666667 0.0163828125 0.03190277777777777