5 0.18834375 0.66325 0.07014843750000001 0.21072222222222223
5 0.25940625 0.48208333333333336 0.04309375 0.2050138888888889
5 0.618703125 0.636263888888889 0.058515625 0.214625
5 0.35215625 0.5753333333333334 0.063078125 0.2151388888888889
5 0.7432734375 0.5949722222222222 0.0691484375 0.21161111111111114
0 0.304453125 0.18431944444444445 0.0374765625 0.14581944444444445
6 0.413625 0.7185 0.055820312500000004 0.19815277777777776
7 0.10513281249999999 0.10606944444444445 0.03725 0.08531944444444445
6 0.9067265624999999 0.3056111111111111 0.0400703125 0.164125
2 0.3282265625 0.24188888888888888 0.031203124999999998 0.06666666666666667
5 0.6892109375000001 0.6128888888888888 0.0531875 0.1749861111111111
5 0.3284296875 0.43901388888888887 0.043953124999999996 0.17727777777777778
5 0.6412578124999999 0.2914583333333333 0.061882812499999995 0.15059722222222224
5 0.53221875 0.5058750000000001 0.056046874999999996 0.21443055555555554
5 0.5038203125 0.38779166666666665 0.0442890625 0.19652777777777777
1 0.5861875000000001 0.6645 0.0137421875 0.027055555555555555