5 0.6130625000000001 0.5372777777777777 0.1618671875 0.5675694444444445
2 0.077390625 0.3355416666666667 0.0364765625 0.05540277777777778
0 0.0621328125 0.26831944444444444 0.111984375 0.15909722222222222
5 0.2748828125 0.566875 0.1236796875 0.3567916666666667
5 0.40778125000000004 0.5327361111111111 0.0926328125 0.3379166666666667
5 0.36701562499999996 0.4856111111111111 0.07846093750000001 0.27115277777777774
5 0.9827656250000001 0.49772222222222223 0.0338046875 0.2575972222222222
7 0.0462578125 0.1322638888888889 0.0513203125 0.11806944444444445
6 0.2425234375 0.5380555555555555 0.032 0.14934722222222221
5 0.6501796875 0.5225555555555556 0.0333046875 0.2698611111111111
1 0.6782670454545454 0.4520202020202021 0.6732566139914773 0.45481672190656564 0.6714560768821023 0.45969460227272724 0.6696555397727273 0.4608388573232323 0.6676913174715909 0.46742818813131326 0.6663818359374998 0.4702888257575759 0.6653997247869319 0.4774650804924241 0.6653969504616477 0.48490273832070696 0.6650695800781249 0.49435763888888895 0.6663568670099431 0.5012231691919193 0.6674832430752841 0.5081034958964645 0.6703851873224431 0.510678069760101 0.6734230735085227 0.5124733664772727 0.6769159490411931 0.5147174873737372 0.6798151189630682 0.5167199337121212 0.6822371049360795 0.5164289378156566 0.6859380548650567 0.516137941919192 0.6870644309303977 0.514391966540404 0.6902826482599431 0.5117730034722222 0.6915227716619318 0.5099431818181818 0.6970575506036931 0.5061306423611112 0.6977011940696024 0.4989149305555556 0.6972045898437501 0.49425899621212116 0.6965498490767047 0.4884390782828283 0.6932761452414774 0.48436513573232326 0.6901661265980115 0.48087318497474757 0.6880382191051138 0.4770902383207071 0.6857466264204547 0.47359828756313144 0.684109774502841 0.47127032039141425 0.6821455522017047 0.46777836963383834 0.6814908114346593 0.46661438604797983 0.6796902743252843 0.46108546401515155