5 0.3618203125 0.5807916666666667 0.0593984375 0.21600000000000003
0 0.28990625 0.181625 0.0396875 0.1437361111111111
5 0.5445781249999999 0.5063055555555556 0.0704453125 0.21294444444444444
6 0.40746093749999995 0.7205277777777778 0.05932031250000001 0.18861111111111112
5 0.4827109375 0.3717916666666667 0.037984375 0.17206944444444444
5 0.7594296875000001 0.6259166666666667 0.09065625000000001 0.1746111111111111
5 0.19824999999999998 0.6560972222222222 0.0492734375 0.227125
5 0.67484375 0.6304305555555556 0.053914062500000005 0.20322222222222222
5 0.25187499999999996 0.4573611111111111 0.0522421875 0.18995833333333334
7 0.083484375 0.10675 0.0348125 0.08563888888888889
5 0.31934375 0.4335555555555556 0.0429921875 0.16933333333333334
2 0.313078125 0.2385 0.0297734375 0.059375
6 0.886140625 0.30077777777777776 0.0334921875 0.16518055555555555
5 0.759296875 0.5563888888888889 0.045140625000000004 0.17350000000000002
5 0.5791640625000001 0.2748055555555556 0.035984375 0.14555555555555555
7 0.2660078125 0.05722222222222222 0.029875000000000002 0.10931944444444444
8 0.6655234375 0.2824305555555556 0.0369453125 0.1243888888888889
6 0.2699140625 0.29670833333333335 0.027640625000000002 0.12679166666666666
1 0.6574687499999999 0.6228888888888889 0.0177578125 0.03348611111111111