5 0.361109375 0.6972083333333333 0.0642734375 0.22908333333333333
5 0.73028125 0.4847777777777778 0.06491406250000001 0.17793055555555556
5 0.3711015625 0.3832916666666667 0.071859375 0.16395833333333332
5 0.411203125 0.5519444444444445 0.044078125 0.19475
5 0.942015625 0.5373055555555556 0.047265625 0.19405555555555556
6 0.40504687500000003 0.7490972222222223 0.05596875 0.20470833333333333
5 0.5404609375 0.4052777777777778 0.053476562500000005 0.17370833333333333
5 0.6464140625 0.4358888888888889 0.046296875 0.15459722222222222
6 0.8653281249999999 0.31351388888888887 0.038093749999999996 0.15530555555555556
5 0.261390625 0.49623611111111116 0.0491796875 0.20222222222222222
0 0.2866796875 0.20205555555555554 0.037429687499999996 0.1304861111111111
7 0.075984375 0.12123611111111111 0.040375 0.092
2 0.303421875 0.25508333333333333 0.026257812499999998 0.059041666666666666
7 0.2530625 0.06773611111111112 0.02803125 0.12130555555555556
5 0.3241171875 0.3507777777777778 0.0496953125 0.16502777777777777
1 0.6312656249999999 0.48488888888888887 0.013382812499999999 0.02408333333333333
5 0.20979687500000002 0.48768055555555556 0.037921875 0.21320833333333333