5 0.65634375 0.5286944444444445 0.09409375 0.17806944444444445
5 0.3437734375 0.6735138888888889 0.06390625 0.20406944444444444
5 0.43562500000000004 0.5899027777777778 0.0661328125 0.19345833333333332
0 0.2754296875 0.18434722222222222 0.0405390625 0.14897222222222223
5 0.9167421875 0.5249305555555556 0.0561875 0.15851388888888887
5 0.3713046875 0.36380555555555555 0.0452578125 0.15494444444444444
5 0.7496562499999999 0.4711944444444444 0.058890624999999995 0.17155555555555554
7 0.07640625 0.10458333333333333 0.03721875 0.07981944444444444
6 0.396484375 0.7210972222222223 0.0484765625 0.20026388888888888
5 0.5048359375 0.4428333333333333 0.0646796875 0.20273611111111112
6 0.853453125 0.3008888888888889 0.0337578125 0.15951388888888887
5 0.25113281249999997 0.434625 0.05402343750000001 0.2057361111111111
5 0.2909453125 0.45420833333333327 0.0536875 0.20294444444444446
2 0.2987578125 0.24086111111111108 0.02653125 0.057944444444444444
5 0.3556875 0.2758055555555556 0.048570312500000004 0.155875
8 0.5955703125 0.274 0.035984375 0.1431388888888889
7 0.24565625 0.03848611111111111 0.042453125 0.07698611111111112
1 0.6819609375 0.5528472222222223 0.0139140625 0.029930555555555557