6 0.2820078125 0.2865972222222222 0.07353125 0.16873611111111111
1 0.365640625 0.5975833333333334 0.018703125 0.030944444444444445
5 0.657734375 0.49945833333333334 0.07909374999999999 0.21862499999999999
5 0.9327500000000001 0.3679166666666666 0.059312500000000004 0.2043888888888889
5 0.6324453125 0.3259166666666667 0.04625 0.17079166666666667
5 0.56575 0.46676388888888887 0.0841953125 0.22306944444444446
5 0.9824296875 0.6700416666666666 0.035140624999999995 0.28099999999999997
6 0.44879687500000004 0.7559583333333333 0.0614609375 0.2189722222222222
5 0.4362421875 0.6290555555555556 0.07546875 0.19609722222222223
5 0.42860156250000003 0.42893055555555554 0.0922265625 0.2204583333333333
0 0.19132031249999998 0.1367361111111111 0.054625 0.148875
2 0.21576562500000002 0.20794444444444443 0.036703124999999996 0.06801388888888889
5 0.3558671875 0.5311805555555555 0.0526796875 0.14919444444444444
7 0.16053125 0.03916666666666667 0.035484375 0.07833333333333334
5 0.4221328125 0.40608333333333335 0.084375 0.18900000000000003