5 0.836953125 0.7853055555555555 0.09190625 0.3084027777777778
5 0.6020546875 0.7401388888888889 0.07550781250000001 0.2743333333333334
5 0.39651562500000004 0.5393888888888889 0.0835078125 0.2664722222222222
7 0.1332109375 0.07895833333333334 0.048835937499999996 0.11549999999999999
6 0.46967187499999996 0.8045555555555555 0.0618046875 0.16845833333333335
5 0.8338125 0.3443055555555556 0.0512734375 0.209
5 0.45736718749999994 0.4396805555555555 0.059453124999999996 0.15416666666666667
5 0.451171875 0.6270694444444445 0.05434375 0.2099583333333333
5 0.40345312499999997 0.4159861111111111 0.0508203125 0.12240277777777778
2 0.403796875 0.24794444444444447 0.0367109375 0.06915277777777777
6 0.3528984375 0.31463888888888886 0.036859375 0.18851388888888887
5 0.435171875 0.5903472222222222 0.0416875 0.25452777777777774
1 0.4309609375 0.22588888888888886 0.0162265625 0.028999999999999998
0 0.37722656250000003 0.182625 0.0453984375 0.17034722222222223