6 0.7895611285266457 0.3358333333333334 0.04195924764890282 0.16341666666666665
5 0.35525078369905955 0.45769444444444446 0.0432601880877743 0.20827777777777778
5 0.5536050156739811 0.5507500000000001 0.0585423197492163 0.22283333333333333
5 0.47736677115987464 0.6511666666666667 0.05293103448275863 0.2518333333333333
6 0.6488557993730408 0.68875 0.056833855799373036 0.2276388888888889
5 0.7928369905956113 0.5153888888888889 0.05184952978056426 0.21116666666666667
5 0.7414263322884012 0.5260833333333333 0.04956112852664577 0.22352777777777777
5 0.22990595611285267 0.4942222222222222 0.05336990595611285 0.18152777777777776
5 0.41349529780564265 0.39616666666666667 0.043996865203761754 0.18930555555555556
5 0.4918025078369906 0.4423055555555555 0.04630094043887147 0.20244444444444443
6 0.017570532915360502 0.3873888888888889 0.035141065830721005 0.21080555555555555
5 0.3422100313479624 0.34508333333333335 0.03921630094043887 0.17513888888888887
5 0.4831034482758621 0.3592777777777778 0.04358934169278997 0.10386111111111111
1 0.29830721003134797 0.36722222222222217 0.012884012539184954 0.023500000000000004
2 0.7627742946708463 0.21788888888888888 0.03584639498432602 0.06194444444444445
0 0.7687065558130026 0.07487922705314011 0.8158935447049203 0.11602222977053142 0.8111205405819818 0.23745565368357482 0.7605208404320568 0.19405759359903377
7 0.9332288401253919 0.11969444444444445 0.026473354231974923 0.051