5 0.3573040752351097 0.41647222222222224 0.032319749216300944 0.1565
5 0.35661442006269595 0.6121388888888889 0.03489028213166145 0.161
5 0.6436990595611285 0.5521944444444444 0.0385423197492163 0.15280555555555556
5 0.5389968652037618 0.46477777777777773 0.03189655172413793 0.16458333333333333
5 0.5755485893416927 0.41227777777777774 0.05181818181818182 0.13152777777777777
5 0.3107210031347962 0.6403333333333333 0.04051724137931035 0.14825
5 0.6192789968652038 0.4478611111111111 0.0308307210031348 0.16849999999999998
6 0.4288871473354232 0.31175 0.02995297805642633 0.14452777777777778
5 0.646614420062696 0.3877777777777778 0.025078369905956112 0.08788888888888889
1 0.6817868338557994 0.41602777777777783 0.010156739811912226 0.020277777777777777
2 0.6809404388714734 0.31272222222222223 0.026175548589341693 0.048138888888888884
7 0.8709404388714733 0.25427777777777777 0.024561128526645767 0.04236111111111111
7 0.7276018808777429 0.13480555555555557 0.01866771159874608 0.04252777777777778
6 0.40641065830721007 0.644 0.04274294670846395 0.16722222222222222
6 0.8556896551724137 0.5770555555555555 0.02677115987460815 0.10580555555555557
5 0.6630877742946709 0.5231388888888889 0.02590909090909091 0.14047222222222222
0 0.693744037072373 0.2053140096618358 0.7111110637862887 0.24491432669082133 0.710038269217664 0.330625377415459 0.6883321478465313 0.29004378019323673
5 0.6397178683385579 0.4415833333333333 0.023557993730407522 0.10780555555555556