5 0.3599296875 0.6999305555555555 0.063421875 0.23306944444444444
5 0.9359453125 0.5556666666666666 0.050484375000000005 0.197
5 0.336078125 0.34781944444444446 0.0592421875 0.17855555555555555
5 0.7125 0.47020833333333334 0.057828124999999994 0.16091666666666665
0 0.2828671875 0.19616666666666668 0.041976562499999995 0.14497222222222222
6 0.4069375 0.7513611111111111 0.06059375 0.21093055555555557
6 0.8667421875000001 0.31506944444444446 0.039640625 0.15643055555555554
5 0.38390625 0.3840277777777778 0.055484374999999996 0.16068055555555555
5 0.6631640625 0.4350416666666667 0.0570390625 0.17134722222222223
2 0.3064296875 0.2557361111111111 0.026937499999999996 0.06177777777777777
5 0.40535156250000004 0.5512083333333333 0.0540625 0.195625
5 0.519671875 0.4144444444444444 0.045578125000000004 0.20756944444444442
7 0.2544609375 0.06822222222222221 0.0292109375 0.11969444444444445
7 0.07746093750000001 0.12618055555555555 0.039 0.09247222222222222
5 0.254859375 0.49423611111111115 0.0718671875 0.20845833333333333
5 0.2116484375 0.5038888888888889 0.065125 0.20868055555555556
6 0.425015625 0.9833888888888889 0.054515625 0.03323611111111111
1 0.6451484375 0.4776666666666667 0.0152890625 0.03031944444444444