5 0.585953125 0.5632916666666666 0.0696796875 0.16938888888888887
5 0.6618203125 0.5067083333333333 0.06967187500000001 0.19602777777777775
6 0.4373125 0.7542083333333333 0.0560078125 0.18995833333333334
5 0.280171875 0.7114305555555556 0.08089062500000001 0.1867361111111111
0 0.3592109375 0.19793055555555555 0.0432578125 0.1521388888888889
5 0.4851640625 0.5173611111111112 0.06461718749999999 0.20541666666666666
5 0.5152578125 0.5830138888888888 0.0517578125 0.16984722222222223
5 0.358484375 0.5936388888888889 0.057625 0.22547222222222224
5 0.751328125 0.34515277777777775 0.060757812499999994 0.16768055555555555
5 0.311984375 0.5772777777777778 0.059484375 0.2327361111111111
5 0.622375 0.4165416666666667 0.048796875 0.16359722222222223
7 0.14753906249999998 0.11877777777777777 0.0400703125 0.09433333333333334
2 0.3778125 0.2652361111111111 0.0246328125 0.06226388888888889
6 0.9738984374999999 0.3333611111111111 0.0522109375 0.1806666666666667
7 0.3266953125 0.06630555555555556 0.028945312499999997 0.12541666666666668
5 0.3612734375 0.4476388888888889 0.05680468749999999 0.147
1 0.4955546875 0.5286944444444445 0.016703125 0.03240277777777777