5 0.217203125 0.7498888888888888 0.10494531250000001 0.2792777777777778
5 0.516 0.5773611111111111 0.0656484375 0.23377777777777778
0 0.68115625 0.2005833333333333 0.058835937500000005 0.17708333333333334
7 0.955140625 0.0959861111111111 0.045179687499999996 0.1124861111111111
6 0.15521875000000002 0.9373611111111111 0.056820312500000004 0.1252777777777778
6 0.547109375 0.36518055555555556 0.0636171875 0.181
2 0.653203125 0.2881944444444444 0.048 0.08251388888888889
7 0.7161171875 0.04593055555555556 0.037140625 0.08536111111111111
5 0.7030937500000001 0.4735972222222222 0.0764296875 0.23590277777777777
1 0.6264140625 0.26540277777777777 0.015421874999999998 0.034069444444444444
5 0.796484375 0.5603472222222222 0.057382812500000005 0.26422222222222225
5 0.796359375 0.5746805555555555 0.1295 0.08455555555555556