5 0.329828125 0.6651527777777778 0.0715390625 0.20356944444444444
6 0.3991796875 0.7213472222222223 0.049 0.19597222222222221
5 0.2632421875 0.43093055555555554 0.04378125 0.1898611111111111
5 0.3796015625 0.366 0.045828125 0.1501111111111111
6 0.8542265625000001 0.2958472222222222 0.033695312500000005 0.1652361111111111
5 0.42292968750000004 0.5776249999999999 0.06691406250000001 0.18130555555555555
0 0.2733203125 0.18191666666666664 0.0405703125 0.15418055555555557
5 0.9046640625 0.5291111111111111 0.061140625000000004 0.1521388888888889
5 0.506546875 0.42888888888888893 0.05695312500000001 0.2084027777777778
7 0.076328125 0.10497222222222222 0.035898437500000005 0.079
5 0.7742421875 0.49736111111111114 0.0664296875 0.1535
2 0.2984921875 0.24000000000000002 0.0253515625 0.05451388888888889
5 0.3726484375 0.2808055555555556 0.033187499999999995 0.14497222222222222
5 0.6979296875000001 0.5392083333333334 0.1294453125 0.19891666666666666
7 0.2518515625 0.06555555555555556 0.0243671875 0.1052361111111111
5 0.29986718749999997 0.4399722222222222 0.040140625 0.19831944444444444
6 0.2603125 0.2997916666666667 0.033109375 0.13011111111111112
1 0.7869296875 0.5262777777777778 0.0163125 0.029124999999999998