5 0.5308203125000001 0.6889583333333333 0.0604453125 0.24305555555555555
6 0.46878125 0.7975000000000001 0.065234375 0.17455555555555557
5 0.7784765625000001 0.3283611111111111 0.0459765625 0.18268055555555557
5 0.48029687499999996 0.4537361111111111 0.0719375 0.22188888888888889
5 0.6934140625 0.7684027777777778 0.07015625 0.23681944444444444
5 0.3844375 0.5895138888888889 0.0637421875 0.27768055555555554
7 0.149203125 0.09891666666666667 0.043789062499999996 0.11202777777777777
0 0.3820234375 0.19504166666666667 0.040140625 0.16408333333333333
5 0.43541406250000003 0.4793055555555556 0.0443125 0.10747222222222222
5 0.43420312499999997 0.6221388888888889 0.065078125 0.25633333333333336
7 0.3520859375 0.05991666666666667 0.025289062499999997 0.10488888888888888
5 0.44916406249999996 0.40391666666666665 0.035828125 0.14394444444444446
2 0.4063125 0.25955555555555554 0.0403203125 0.06977777777777779
1 0.4060390625 0.21390277777777778 0.0147421875 0.03155555555555555