5 0.531921875 0.5775138888888889 0.07903125 0.24784722222222222
0 0.6735390625 0.20441666666666666 0.056203125 0.19780555555555554
5 0.23191406250000002 0.7567083333333334 0.11858593749999999 0.2619722222222222
6 0.5563984375000001 0.3544305555555555 0.0631484375 0.19949999999999998
6 0.1651953125 0.9367916666666667 0.064671875 0.12233333333333334
7 0.70421875 0.042958333333333334 0.035867187499999995 0.08591666666666667
7 0.94928125 0.09375 0.0489921875 0.12433333333333332
2 0.6362109375 0.28194444444444444 0.041734375000000004 0.07594444444444444
1 0.607515625 0.2845416666666667 0.017695312499999998 0.03934722222222222
5 0.6954609375 0.47308333333333336 0.077 0.23151388888888888
5 0.8058046875 0.56175 0.124390625 0.14116666666666666
5 0.81096875 0.5602638888888889 0.07080468749999999 0.2594166666666667