5 0.43326562500000004 0.5663194444444445 0.058476562499999996 0.20294444444444446
5 0.3589375 0.7100555555555556 0.066234375 0.19616666666666668
5 0.9357265625 0.5251527777777778 0.0479921875 0.19283333333333333
5 0.5348671875 0.4225972222222222 0.0607421875 0.19256944444444446
5 0.6277109375000001 0.47950000000000004 0.0619765625 0.17847222222222223
5 0.7350156250000001 0.4683055555555556 0.0404765625 0.1887638888888889
5 0.3659453125 0.373 0.0481640625 0.16775
6 0.8573046874999999 0.3072638888888889 0.0375703125 0.16659722222222223
0 0.27659375 0.19181944444444446 0.043960937500000005 0.13891666666666666
6 0.4031015625 0.731013888888889 0.051164062499999996 0.21065277777777777
7 0.07403125 0.11305555555555556 0.0398515625 0.08690277777777777
5 0.220921875 0.4699861111111111 0.0522734375 0.1963888888888889
5 0.32218749999999996 0.31180555555555556 0.0375859375 0.15555555555555556
2 0.3008359375 0.25169444444444444 0.0297890625 0.06425
1 0.62696875 0.4510416666666667 0.013523437499999999 0.025041666666666667
5 0.264625 0.4857638888888889 0.051484375000000006 0.2122777777777778