5 0.594546875 0.43418055555555557 0.06349218749999999 0.17725000000000002
5 0.513765625 0.6114861111111111 0.0458671875 0.21758333333333332
5 0.7225390625 0.3305972222222222 0.045046875 0.18372222222222223
7 0.157109375 0.12036111111111111 0.043296875 0.1057361111111111
0 0.376578125 0.20526388888888888 0.040859374999999996 0.1589722222222222
6 0.459015625 0.780513888888889 0.0611015625 0.20727777777777778
5 0.47376562499999997 0.49602777777777773 0.046 0.22716666666666668
5 0.3492109375 0.6092083333333334 0.0647421875 0.238875
5 0.5137421875 0.4347361111111111 0.0406484375 0.133125
5 0.48051562499999995 0.7129861111111111 0.0627265625 0.13391666666666666
2 0.400765625 0.27272222222222225 0.030257812499999998 0.07406944444444444
5 0.3940390625 0.5876527777777778 0.0625546875 0.21766666666666667
6 0.9869843749999999 0.35130555555555554 0.02603125 0.1839583333333333
5 0.36903125000000003 0.4946666666666667 0.027125 0.10322222222222222
5 0.4955546875 0.5167916666666666 0.0270546875 0.2224861111111111
1 0.479328125 0.19158333333333333 0.0159453125 0.028236111111111108
7 0.3450703125 0.05240277777777777 0.0278203125 0.10481944444444444