0 0.6800940438871473 0.19166666666666668 0.06620689655172414 0.22741666666666668
5 0.4112852664576802 0.49441666666666667 0.06057993730407523 0.26122222222222224
5 0.12655172413793103 0.7490277777777777 0.09996865203761755 0.34147222222222223
5 0.06266457680250784 0.5483333333333333 0.06915360501567398 0.3158888888888889
5 0.5189341692789968 0.5132222222222222 0.05822884012539185 0.2665
5 0.4392476489028213 0.3807777777777778 0.04996865203761755 0.2306666666666667
2 0.6488871473354232 0.2683611111111111 0.052021943573667705 0.09708333333333334
1 0.5630250783699059 0.43538888888888894 0.01978056426332288 0.03255555555555556
5 0.5865203761755485 0.6399722222222222 0.06768025078369906 0.24613888888888888
5 0.6636677115987462 0.5638611111111111 0.08705329153605015 0.2798888888888889
6 0.7580564263322884 0.43761111111111106 0.052304075235109715 0.2568611111111111
5 0.5815673981191223 0.4544722222222223 0.05641065830721004 0.17947222222222223