5 0.8821003134796238 0.5108888888888888 0.05269592476489028 0.22672222222222224
5 0.6289811912225706 0.48347222222222225 0.05877742946708464 0.17430555555555555
5 0.16012539184952979 0.5083055555555556 0.039451410658307214 0.20819444444444446
6 0.7636050156739812 0.6971111111111111 0.05551724137931035 0.218
5 0.3002351097178684 0.5641388888888889 0.04434169278996865 0.17575000000000002
5 0.18434169278996865 0.6460833333333333 0.05271159874608151 0.1473611111111111
6 0.5199216300940439 0.30144444444444446 0.03920062695924765 0.16302777777777777
2 0.1852037617554859 0.24241666666666667 0.028307210031347962 0.05969444444444444
0 0.14447321793648632 0.2584541062801933 0.14213330124710374 0.14196482487922707 0.18506371814092962 0.11036571557971016 0.18648523749488896 0.21989639945652178 0.1455832808027805 0.26050158514492755
5 0.3209090909090909 0.27291666666666664 0.04210031347962382 0.17383333333333334
5 0.28891849529780567 0.31975 0.038119122257053294 0.18536111111111112
5 0.24241379310344827 0.37519444444444444 0.022789968652037616 0.19480555555555554
5 0.25192789968652035 0.2828333333333333 0.026818181818181817 0.07533333333333334
1 0.8657210031347963 0.5082777777777777 0.014122257053291535 0.02622222222222222