6 0.017359375 0.7150694444444444 0.03471875 0.22643055555555555
7 0.1163828125 0.10618055555555556 0.038320312499999995 0.12904166666666667
2 0.1708515625 0.2937916666666667 0.034125 0.06479166666666666
0 0.12760416666666669 0.205246913580247 0.16481526692708334 0.16572627314814817 0.17018296983506948 0.2659505208333334 0.1320665147569445 0.3118911554783951
5 0.1825234375 0.63425 0.0759296875 0.2098611111111111
5 0.20919531249999998 0.5405416666666667 0.05209375000000001 0.19219444444444445
5 0.5889140625 0.832125 0.0808515625 0.2228888888888889
8 0.5976953125 0.6484861111111111 0.0651796875 0.19820833333333335
5 0.5230546875 0.46791666666666665 0.08409375 0.18583333333333335
5 0.5748828125000001 0.3960138888888889 0.0551015625 0.15931944444444443
6 0.6091171875 0.32884722222222224 0.0699609375 0.15769444444444444
5 0.6668203125 0.41384722222222226 0.06740625 0.20731944444444445
5 0.958734375 0.7699027777777778 0.07718749999999999 0.28670833333333334
1 0.2456640625 0.7186111111111111 0.016546875 0.028847222222222222
3 0.2461875 0.7356388888888888 0.0151328125 0.013666666666666667