6 0.7648203125 0.8757777777777777 0.0522109375 0.2484583333333333
6 0.158765625 0.5703194444444445 0.03975 0.18384722222222222
5 0.428015625 0.8025555555555556 0.057414062499999995 0.2748611111111111
5 0.305734375 0.5947916666666667 0.05591406249999999 0.25440277777777776
5 0.1595 0.7610555555555556 0.0559921875 0.26490277777777776
5 0.53728125 0.6070555555555556 0.04696875 0.2511527777777778
5 0.49146093750000003 0.36333333333333334 0.044859375 0.19579166666666667
5 0.5135 0.25513888888888886 0.052859375 0.14298611111111112
6 0.6748828125 0.2829583333333333 0.044203124999999996 0.18630555555555553
5 0.72578125 0.4113611111111111 0.057109375 0.13754166666666667
5 0.704265625 0.5700277777777778 0.0498046875 0.22030555555555556
5 0.6315390625 0.6751527777777778 0.0634296875 0.20216666666666666
7 0.1330234375 0.12513888888888888 0.0455625 0.133
7 0.32659375 0.05366666666666667 0.045546875 0.10734722222222223
2 0.384453125 0.278125 0.036265625 0.07786111111111112
0 0.3359375 0.1774691358024692 0.3807033962673612 0.1262478298611111 0.38284640842013895 0.2459008487654321 0.33902316623263895 0.3013840663580248
5 0.8024921875000001 0.42047222222222225 0.0633203125 0.18045833333333333
1 0.807078125 0.4610694444444445 0.014078125 0.02423611111111111
3 0.8080859374999999 0.4738194444444444 0.01228125 0.012958333333333334