5 0.260796875 0.7151527777777777 0.0803203125 0.2562083333333333
6 0.5924140625 0.7929861111111112 0.0848125 0.2029305555555556
5 0.6473203125 0.333125 0.068640625 0.16938888888888887
5 0.4356484375 0.7775 0.07771875 0.23345833333333335
5 0.1167734375 0.620125 0.0726171875 0.2212638888888889
6 0.2618671875 0.330625 0.048046875 0.15763888888888888
5 0.21564843749999998 0.5125833333333334 0.0625703125 0.23105555555555557
5 0.4273828125 0.5609861111111112 0.053453125000000004 0.20676388888888889
5 0.46815625 0.37845833333333334 0.0623046875 0.1632361111111111
5 0.9231562500000001 0.5021805555555555 0.06216406249999999 0.2195
5 0.740765625 0.6568194444444445 0.048453125 0.21920833333333334
1 0.71 0.6626944444444445 0.01621875 0.027138888888888886