5 0.713796875 0.6279583333333333 0.0960546875 0.22994444444444445
5 0.401296875 0.7584861111111111 0.133125 0.2475138888888889
5 0.9044062500000001 0.5550138888888889 0.07717968750000001 0.21736111111111112
5 0.185453125 0.69375 0.0985390625 0.25716666666666665
0 0.8733515625000001 0.1708611111111111 0.060953125 0.15659722222222222
5 0.5429453125 0.335625 0.08382031250000001 0.18147222222222223
2 0.8494999999999999 0.23751388888888889 0.0422734375 0.061097222222222226
7 0.9124453125 0.03323611111111111 0.039046874999999995 0.06104166666666667
5 0.0238671875 0.3852083333333334 0.0477265625 0.25143055555555555
6 0.467359375 0.8084027777777777 0.06403125 0.15079166666666666
6 0.856796875 0.3025 0.041375 0.15586111111111112
1 0.6736718749999999 0.5994027777777777 0.0187109375 0.035375