5 0.43168749999999995 0.5655555555555556 0.05695312500000001 0.20720833333333333
5 0.535625 0.41708333333333336 0.057906250000000006 0.18529166666666666
5 0.359734375 0.7112222222222223 0.0663125 0.193875
5 0.936375 0.5195555555555555 0.0478125 0.18020833333333333
5 0.7359921875000001 0.4700277777777778 0.042296875 0.18763888888888888
5 0.627890625 0.47879166666666667 0.061554687500000003 0.17979166666666666
5 0.365453125 0.37322222222222223 0.0485546875 0.166875
6 0.8580546874999999 0.30716666666666664 0.037484375 0.16727777777777778
0 0.2768203125 0.19168055555555555 0.043390625 0.13955555555555557
7 0.074265625 0.11331944444444444 0.039781250000000004 0.087
5 0.32246874999999997 0.30968055555555557 0.0378984375 0.15590277777777778
6 0.40217187499999996 0.7314861111111111 0.0528125 0.20931944444444445
5 0.2660234375 0.4811944444444444 0.0526484375 0.22093055555555555
2 0.30078125 0.25125000000000003 0.0297109375 0.06425
7 0.25086718750000003 0.06170833333333333 0.039890625 0.12343055555555556
5 0.2194375 0.4734166666666667 0.038578125000000005 0.21602777777777776
1 0.6249296875 0.4462638888888889 0.013234375000000001 0.024527777777777777