7 0.014859375 0.07302777777777777 0.0297109375 0.13679166666666667
2 0.3125078125 0.2612361111111111 0.039953125 0.07802777777777778
0 0.25674438476562506 0.2828474633487655 0.2547166612413195 0.1333309220679014 0.3067796495225695 0.07825761959876551 0.3096381293402778 0.22688199266975326
6 0.7071562499999999 0.27579166666666666 0.05292187499999999 0.22133333333333335
6 0.5675390625000001 0.9143472222222223 0.0743203125 0.17129166666666668
5 0.25634375 0.8881111111111112 0.06997656249999999 0.2237638888888889
5 0.26421875 0.7573472222222222 0.070515625 0.14741666666666667
5 0.3374296875 0.47125 0.051601562499999996 0.27275
5 0.613203125 0.2921666666666667 0.054531249999999996 0.20469444444444443
5 0.4477734375 0.27808333333333335 0.079578125 0.19815277777777776
5 0.46996874999999994 0.43070833333333336 0.0649296875 0.24105555555555555
5 0.5274609375 0.39291666666666664 0.074015625 0.22411111111111112
5 0.5892109375000001 0.483 0.07078124999999999 0.23144444444444442
5 0.5144453125 0.7003611111111111 0.0966015625 0.28344444444444444
5 0.45780468750000003 0.6199444444444444 0.10484374999999999 0.21519444444444444
1 0.46076562499999996 0.7997083333333332 0.01996875 0.03720833333333333
3 0.4614453125 0.8177638888888888 0.0149140625 0.010513888888888889