7 0.8705703124999999 0.10286111111111111 0.0328125 0.0761111111111111
7 0.6889140625 0.050499999999999996 0.025390625 0.10099999999999999
2 0.6366640625 0.24795833333333334 0.030265625 0.06381944444444444
0 0.6423611111111112 0.11265432098765436 0.6773783365885417 0.161717544367284 0.67535400390625 0.26038049768518523 0.639400906032986 0.21597101658950632
6 0.809390625 0.5274027777777778 0.035453125 0.19679166666666667
6 0.1141796875 0.8368055555555556 0.0616953125 0.23533333333333334
6 0.32032812499999996 0.2246388888888889 0.034749999999999996 0.10359722222222223
5 0.616203125 0.5552777777777778 0.051859375 0.23094444444444445
5 0.12433593750000001 0.568125 0.061171875 0.21341666666666667
5 0.258296875 0.557625 0.049578125 0.18931944444444446
5 0.473984375 0.38209722222222225 0.05040625 0.18704166666666666
5 0.3964921875 0.39818055555555554 0.051664062499999996 0.19141666666666665
5 0.3300703125 0.3454861111111111 0.04471875 0.17245833333333332
5 0.24506250000000002 0.35155555555555557 0.054359375 0.150625
5 0.292625 0.3627916666666666 0.0366328125 0.19470833333333332
5 0.2718125 0.28731944444444446 0.033210937499999996 0.07465277777777778
5 0.790140625 0.706388888888889 0.06118749999999999 0.21833333333333332
1 0.147671875 0.6466805555555556 0.015335937499999999 0.029750000000000002
3 0.147890625 0.6598194444444444 0.0106171875 0.006208333333333333