7 0.9749453125 0.035361111111111114 0.043640625 0.07072222222222223
2 0.7169375 0.1806388888888889 0.029367187500000003 0.07381944444444444
6 0.6018046874999999 0.7196388888888888 0.06819531250000001 0.2386527777777778
6 0.14552343750000002 0.20433333333333334 0.04971875 0.1802777777777778
0 0.7265625000000001 0.04012345679012349 0.7638312445746527 0.08478612075617292 0.7622714572482641 0.2046501253858025 0.7221577962239583 0.14507981288580252
5 0.852578125 0.6506388888888889 0.0471640625 0.26731944444444444
5 0.7271015625 0.550125 0.05315625 0.2113611111111111
5 0.30940625 0.6311111111111111 0.0719375 0.24370833333333333
5 0.4216953125 0.39291666666666664 0.049984375 0.21486111111111109
5 0.38664062499999996 0.45234722222222223 0.054531249999999996 0.22566666666666665
5 0.30284374999999997 0.38076388888888885 0.08139062500000001 0.22756944444444444
5 0.238015625 0.3231805555555555 0.0506796875 0.1865
5 0.102859375 0.31033333333333335 0.039054687500000004 0.18856944444444446
5 0.56575 0.27240277777777777 0.0481640625 0.1898611111111111
5 0.569421875 0.18822222222222224 0.043359375 0.1603888888888889
1 0.0977421875 0.4117777777777778 0.015015625 0.026041666666666668
3 0.0973515625 0.4234305555555556 0.011359375 0.006541666666666667