5 0.5081504702194357 0.6674722222222222 0.07557993730407524 0.21377777777777776
5 0.25242946708463954 0.5943055555555555 0.054905956112852664 0.20538888888888887
5 0.42017241379310344 0.5036944444444444 0.04626959247648903 0.17222222222222222
5 0.7168965517241379 0.58875 0.0568025078369906 0.17655555555555555
5 0.4693887147335424 0.3913333333333333 0.0629153605015674 0.1523611111111111
5 0.3465987460815047 0.47125 0.049028213166144204 0.17997222222222223
5 0.7583072100313479 0.71525 0.06766457680250784 0.22080555555555553
6 0.06733542319749217 0.4641388888888889 0.04543887147335423 0.19222222222222224
6 0.6669435736677116 0.7255833333333332 0.03909090909090909 0.12263888888888888
6 0.7033855799373041 0.3675833333333334 0.028840125391849526 0.15544444444444444
5 0.4522884012539185 0.37825 0.0322884012539185 0.1550277777777778
5 0.48003134796238245 0.6501666666666667 0.06216300940438871 0.19888888888888887
0 0.7135068829221753 0.17512077294685993 0.7541719197219574 0.2053470335144928 0.7578082407659807 0.3246433423913043 0.712088025589478 0.28211333786231885
7 0.8674921630094045 0.21425 0.034028213166144204 0.06136111111111111
7 0.7651410658307211 0.08861111111111111 0.025579937304075234 0.09508333333333333
2 0.7089655172413794 0.30894444444444447 0.029075235109717868 0.06236111111111111
5 0.3592163009404389 0.47563888888888883 0.030156739811912223 0.1517777777777778