5 0.06308777429467084 0.5645 0.06322884012539186 0.27447222222222223
5 0.616269592476489 0.6431111111111112 0.09084639498432602 0.23797222222222222
6 0.7847492163009404 0.7329722222222222 0.08341692789968652 0.2286388888888889
5 0.3794670846394984 0.3383611111111111 0.05152037617554858 0.20294444444444446
0 0.08884012539184953 0.12677777777777777 0.047382445141065835 0.17955555555555555
5 0.5742633228840125 0.3905277777777778 0.05017241379310344 0.19841666666666669
5 0.12877742946708465 0.3358333333333334 0.05797805642633229 0.20991666666666664
2 0.1193730407523511 0.19791666666666666 0.033228840125391845 0.06602777777777778
5 0.6674608150470219 0.32713888888888887 0.03844827586206897 0.1952222222222222
5 0.42619122257053293 0.2754166666666667 0.04059561128526645 0.1993611111111111
5 0.7460658307210032 0.6842777777777778 0.04675548589341692 0.19391666666666668
1 0.733307210031348 0.7525 0.0154858934169279 0.025777777777777774
5 0.14893416927899686 0.3125277777777778 0.0404858934169279 0.17124999999999999
6 0.48766457680250785 0.26183333333333336 0.04169278996865204 0.1855277777777778