0 0.18251562500000001 0.21918055555555555 0.0460859375 0.16409722222222223
2 0.2102265625 0.27555555555555555 0.0328984375 0.061000000000000006
5 0.3405625 0.5435277777777777 0.058773437500000004 0.20468055555555556
5 0.5291328125 0.7051944444444445 0.0721796875 0.25195833333333334
5 0.5134531250000001 0.4391944444444445 0.052171875 0.256375
5 0.82265625 0.6601111111111111 0.0482109375 0.19345833333333332
5 0.5816874999999999 0.5053611111111111 0.058851562499999996 0.22620833333333334
7 0.1515546875 0.07706944444444444 0.034 0.14772222222222223
6 0.2745 0.35825 0.045414062500000005 0.1577361111111111
5 0.45786718750000005 0.6556944444444445 0.05452343750000001 0.2346388888888889
5 0.2755703125 0.5109027777777778 0.0557265625 0.19743055555555555
5 0.24878125 0.48315277777777776 0.0436171875 0.17733333333333334
5 0.80296875 0.47901388888888885 0.0382890625 0.17373611111111112
1 0.47282812500000004 0.23805555555555558 0.015101562499999999 0.022416666666666668
6 0.44075781249999996 0.7682361111111111 0.053390625000000004 0.184625