5 0.22833855799373043 0.4865 0.048197492163009406 0.20641666666666666
5 0.6256112852664577 0.5086666666666667 0.054733542319749216 0.16733333333333333
6 0.12057993730407525 0.31663888888888886 0.03622257053291536 0.17083333333333334
5 0.7065830721003135 0.40405555555555556 0.031802507836990596 0.13933333333333334
5 0.6732288401253919 0.39055555555555554 0.025799373040752353 0.13344444444444445
5 0.5723824451410658 0.45002777777777775 0.03807210031347962 0.17833333333333334
5 0.24120689655172411 0.6811944444444444 0.04490595611285266 0.12325
5 0.504514106583072 0.6283333333333333 0.050862068965517246 0.21316666666666664
5 0.6879780564263323 0.5293888888888889 0.06072100313479624 0.19002777777777777
2 0.7249529780564263 0.27344444444444443 0.028025078369905955 0.051722222222222225
0 0.7584843941665531 0.18840579710144925 0.7578215508722911 0.29295931461352664 0.7332218123892601 0.2496603260869565 0.7367649626891101 0.14814972071256044
7 0.7800470219435737 0.07119444444444444 0.017225705329153605 0.06508333333333333
7 0.9508934169278996 0.2005 0.024984326018808775 0.04833333333333333
6 0.5926175548589341 0.6672222222222222 0.04987460815047022 0.10980555555555556
6 0.794717868338558 0.3552777777777778 0.03567398119122257 0.17916666666666667