5 0.3551328125 0.7040416666666667 0.0733515625 0.23168055555555556
5 0.6924609375 0.48080555555555554 0.08190625 0.16141666666666665
6 0.8667343750000001 0.3158472222222222 0.039382812499999996 0.1560138888888889
6 0.4089609375 0.7480277777777778 0.057882812500000005 0.2088888888888889
0 0.2852109375 0.19615277777777776 0.036578125 0.14823611111111112
5 0.9291796874999999 0.563763888888889 0.044890625 0.18123611111111113
5 0.38784375 0.38748611111111114 0.0478984375 0.16083333333333333
5 0.6659531249999999 0.4275277777777778 0.0489921875 0.16534722222222223
5 0.40147656249999997 0.5524166666666667 0.044875 0.21581944444444442
5 0.5113203125 0.40226388888888887 0.0571171875 0.19969444444444445
5 0.356328125 0.3495138888888889 0.0351171875 0.16601388888888888
7 0.0761484375 0.12555555555555556 0.035164062499999996 0.08718055555555557
2 0.3090703125 0.260875 0.027796875 0.06544444444444444
7 0.25398437500000004 0.05873611111111111 0.0288515625 0.11747222222222221
5 0.233015625 0.4953888888888889 0.08096875 0.23619444444444446
5 0.263484375 0.5054027777777778 0.0675625 0.2034861111111111
1 0.6636484375 0.4143888888888889 0.0147890625 0.025986111111111113