5 0.7202578125 0.6250972222222222 0.0888203125 0.2242361111111111
0 0.88340625 0.17008333333333334 0.0575625 0.14934722222222221
7 0.9170859374999999 0.03133333333333333 0.034984375 0.06268055555555556
5 0.9061015625 0.5521805555555556 0.0880390625 0.2167777777777778
5 0.189078125 0.6830277777777778 0.102671875 0.2467777777777778
5 0.3939765625 0.7586527777777778 0.10718749999999999 0.24086111111111108
6 0.4691640625 0.8040694444444444 0.0635234375 0.1542361111111111
2 0.85578125 0.24054166666666665 0.0373828125 0.07112500000000001
5 0.0281171875 0.38587499999999997 0.0562265625 0.24356944444444445
5 0.5391171875 0.32991666666666664 0.058390624999999995 0.16819444444444442
1 0.6718515625 0.6013472222222223 0.018062500000000002 0.03347222222222222