5 0.4833542319749216 0.4201944444444445 0.035438871473354235 0.1443611111111111
5 0.743871473354232 0.5782499999999999 0.03564263322884012 0.16755555555555557
5 0.6768652037617554 0.3875 0.03509404388714733 0.12266666666666666
5 0.439717868338558 0.5688055555555556 0.056316614420062694 0.13602777777777778
6 0.2520689655172414 0.3641388888888889 0.049090909090909095 0.13508333333333333
6 0.4863166144200627 0.6281944444444445 0.03376175548589341 0.14883333333333332
5 0.35280564263322883 0.5850833333333333 0.03584639498432602 0.181
5 0.7014263322884012 0.4661666666666667 0.03282131661442007 0.15169444444444444
5 0.36315047021943575 0.34925 0.031081504702194354 0.12252777777777778
5 0.6486206896551724 0.2996388888888889 0.03192789968652038 0.14980555555555555
0 0.7340909090909091 0.2632777777777778 0.029655172413793104 0.12038888888888889
1 0.3668181818181818 0.558138888888889 0.008542319749216301 0.01963888888888889
6 0.8427742946708465 0.5211666666666667 0.03639498432601881 0.15102777777777776
5 0.7472727272727273 0.40738888888888886 0.0320846394984326 0.1602222222222222
7 0.9081504702194357 0.24622222222222223 0.02126959247648903 0.03833333333333334
7 0.7628213166144201 0.13130555555555556 0.016849529780564265 0.05491666666666666
2 0.7161598746081506 0.30919444444444444 0.025736677115987462 0.04830555555555556
5 0.8014263322884012 0.6173611111111111 0.03681818181818181 0.07772222222222222