5 0.390140625 0.7490138888888889 0.08967968750000001 0.22820833333333335
5 0.7193203125000001 0.6262916666666667 0.0888046875 0.223
5 0.1951953125 0.6816111111111111 0.095421875 0.2455138888888889
0 0.8919218750000001 0.1721527777777778 0.06183593750000001 0.16062500000000002
5 0.9055781250000001 0.551 0.09103125 0.22218055555555555
5 0.5466171875 0.33037500000000003 0.07675 0.1818888888888889
6 0.4739296875 0.8037500000000001 0.0586640625 0.1565
5 0.033375 0.39490277777777777 0.06675 0.23838888888888887
7 0.9234843749999999 0.03294444444444444 0.03315625 0.06588888888888889
2 0.863875 0.24125 0.036984375 0.07088888888888889
1 0.670515625 0.6028611111111111 0.0179921875 0.029069444444444443