5 0.414375 0.7390555555555556 0.0977890625 0.21840277777777778
5 0.7469921875 0.6390138888888889 0.10572656250000001 0.24237499999999998
1 0.655234375 0.7016527777777778 0.0191171875 0.033819444444444444
5 0.569078125 0.3340972222222222 0.0783828125 0.17791666666666667
5 0.10946875 0.37577777777777777 0.083734375 0.2381111111111111
5 0.2553984375 0.6920138888888889 0.11289843749999999 0.24433333333333332
5 0.9288125 0.5503611111111111 0.0962265625 0.20877777777777776
5 0.5074140625 0.7929861111111112 0.0687890625 0.17622222222222222
0 0.9668749999999999 0.18987500000000002 0.0562890625 0.16320833333333334
5 0.020125 0.46361111111111114 0.0402265625 0.21980555555555553
2 0.9396796875 0.24768055555555557 0.043140625 0.06806944444444445