0 0.07528213166144201 0.14705555555555555 0.04912225705329153 0.16283333333333333
5 0.5693260188087774 0.41005555555555556 0.043244514106583073 0.20491666666666666
5 0.7887774294670846 0.7238333333333333 0.10420062695924766 0.23630555555555555
5 0.669012539184953 0.3563611111111111 0.050062695924764894 0.20638888888888887
5 0.0706269592476489 0.5807777777777778 0.06943573667711599 0.28380555555555553
2 0.11032915360501568 0.2157222222222222 0.031583072100313477 0.07055555555555555
5 0.6375235109717868 0.6591388888888888 0.06614420062695925 0.23044444444444442
5 0.1185423197492163 0.3559444444444444 0.04871473354231975 0.21425
5 0.36905956112852667 0.3431111111111111 0.044357366771159874 0.18722222222222223
5 0.42394984326018814 0.28880555555555554 0.04537617554858934 0.19469444444444445
6 0.7692006269592476 0.7345277777777778 0.06230407523510972 0.20091666666666666