5 0.658015625 0.5290972222222222 0.09525 0.18077777777777776
5 0.3425859375 0.6716666666666667 0.063453125 0.2018888888888889
5 0.43568749999999995 0.5905 0.0677734375 0.19381944444444446
5 0.9163984375 0.5258472222222222 0.0587421875 0.15733333333333333
5 0.3721640625 0.36243055555555553 0.0453671875 0.15640277777777778
0 0.2758359375 0.18423611111111113 0.040359374999999996 0.1477638888888889
6 0.39859374999999997 0.7210138888888888 0.0488671875 0.1952222222222222
5 0.7511484375 0.4746666666666667 0.05695312500000001 0.18025
7 0.07614062499999999 0.10423611111111111 0.037015625 0.08027777777777777
5 0.50159375 0.4342361111111111 0.054242187500000004 0.19295833333333334
6 0.8548046875 0.29844444444444446 0.0311953125 0.15744444444444444
5 0.25359375 0.44299999999999995 0.05541406250000001 0.18690277777777778
5 0.29121874999999997 0.453 0.0535859375 0.20450000000000002
2 0.298828125 0.2412083333333333 0.026218750000000002 0.05670833333333333
5 0.36175 0.27479166666666666 0.0465234375 0.14072222222222222
1 0.6873203125 0.5525694444444444 0.013148437499999999 0.029375
7 0.246921875 0.03777777777777778 0.0265078125 0.07555555555555556