6 0.46488281249999996 0.8062638888888889 0.0675859375 0.164
5 0.7562109375 0.7394305555555556 0.0712890625 0.2708472222222222
5 0.5277109375 0.5551111111111111 0.09276562499999999 0.24288888888888888
5 0.9773984375 0.7264444444444444 0.0452109375 0.3246527777777778
0 0.363625 0.1560277777777778 0.046632812499999995 0.18195833333333333
7 0.10873437500000001 0.06433333333333334 0.0456171875 0.11419444444444445
5 0.5178984375 0.39452777777777776 0.056437499999999995 0.16033333333333333
5 0.358546875 0.5025000000000001 0.0965390625 0.24784722222222222
5 0.90821875 0.3431666666666667 0.055765625 0.23677777777777775
5 0.43378125 0.5183333333333333 0.033734375 0.2746111111111111
5 0.47190624999999997 0.6256388888888889 0.05815625 0.21491666666666667
5 0.4742890625 0.48244444444444445 0.055937499999999994 0.13769444444444445
2 0.3899140625 0.22904166666666667 0.040640625 0.07797222222222222
1 0.45629687499999994 0.33995833333333336 0.016375 0.025861111111111112
5 0.452265625 0.3694722222222222 0.066234375 0.08283333333333333