5 0.43396875 0.6859444444444445 0.079046875 0.2816666666666667
0 0.6579921875 0.19774999999999998 0.0523828125 0.17181944444444444
7 0.9152265625 0.09973611111111111 0.0464765625 0.14597222222222223
6 0.6555859374999999 0.3511666666666667 0.039554687500000005 0.1662361111111111
7 0.6872578125000001 0.057833333333333334 0.03728125 0.11568055555555556
5 0.44060156250000004 0.5476805555555555 0.0641015625 0.2048611111111111
2 0.63334375 0.2713888888888889 0.0366796875 0.07601388888888888
6 0.5491875 0.8417083333333333 0.062375 0.23151388888888888
5 0.5417578125 0.43979166666666664 0.0526015625 0.1706527777777778
5 0.5015859375 0.5776805555555555 0.058078125 0.3084722222222222
5 0.5761406250000001 0.6424166666666667 0.0570390625 0.28858333333333336
5 0.0433515625 0.8755833333333333 0.0537578125 0.2488472222222222
5 0.6330390625 0.48983333333333334 0.0369453125 0.20073611111111112
5 0.08709375 0.8247083333333333 0.10316406250000001 0.2630416666666667
1 0.6396171875000001 0.4882083333333333 0.011960937500000001 0.03195833333333334