5 0.5778046875 0.6297916666666666 0.057984375 0.22515277777777779
6 0.5534687500000001 0.8158055555555556 0.054859375 0.2118611111111111
6 0.1167734375 0.40170833333333333 0.052992187499999996 0.2046666666666667
6 0.67075 0.375125 0.047390625 0.1787638888888889
5 0.782359375 0.6055555555555555 0.057773437500000004 0.24813888888888888
5 0.7012109375 0.7469444444444444 0.065625 0.2562222222222222
5 0.42684375 0.6406805555555556 0.0689609375 0.2412361111111111
5 0.500578125 0.4475277777777778 0.0497734375 0.2222222222222222
5 0.3480703125 0.5005138888888889 0.064203125 0.16254166666666667
5 0.544234375 0.4966111111111111 0.0450625 0.19383333333333333
5 0.40209374999999997 0.4824305555555556 0.0465078125 0.17475
5 0.684375 0.5576666666666666 0.051039062499999996 0.22645833333333334
0 0.6571180555555556 0.15740740740740747 0.7031622992621528 0.19206331983024702 0.7002054850260417 0.3232663001543211 0.6526726616753472 0.2796163676697532
7 0.913109375 0.15381944444444445 0.043226562499999996 0.11320833333333334
7 0.710609375 0.08741666666666667 0.02365625 0.15941666666666668
2 0.6502578125 0.3015138888888889 0.041835937499999996 0.06908333333333333
1 0.35878125 0.5899722222222222 0.0144296875 0.025736111111111112
3 0.358734375 0.6043055555555555 0.0117890625 0.007916666666666667