0 0.20981191222570536 0.303 0.08666144200626959 0.171
5 0.5151567398119122 0.7173055555555556 0.08838557993730407 0.19402777777777777
5 0.8256583072100313 0.5212777777777777 0.07923197492163009 0.21658333333333332
5 0.5161755485893417 0.541138888888889 0.0580564263322884 0.2078888888888889
5 0.4141849529780564 0.608638888888889 0.057068965517241374 0.18291666666666664
6 0.8437304075235109 0.9421666666666667 0.13716300940438872 0.10605555555555556
5 0.2174137931034483 0.6896111111111111 0.06675548589341693 0.23180555555555557
6 0.6392319749216301 0.43480555555555556 0.07647335423197492 0.22547222222222224
4 0.2511912225705329 0.35886111111111113 0.06076802507836991 0.07036111111111111
5 0.3557210031347962 0.7133333333333334 0.05040752351097178 0.1875277777777778
5 0.4002507836990596 0.7153055555555555 0.054075235109717866 0.19874999999999998
5 0.15322884012539187 0.7073611111111111 0.047899686520376177 0.21663888888888888
5 0.5174451410658307 0.6036944444444445 0.05084639498432601 0.1083611111111111
5 0.8048275862068965 0.41191666666666665 0.05040752351097178 0.18133333333333335