5 0.574328125 0.7139027777777778 0.0658046875 0.2789583333333333
5 0.3904765625 0.5578333333333333 0.0613515625 0.23272222222222222
5 0.7803046874999999 0.7869583333333333 0.075453125 0.29031944444444446
6 0.47133593749999997 0.805 0.05846875 0.17479166666666665
0 0.37901562499999997 0.1835 0.0433046875 0.16844444444444445
5 0.4668671875 0.48238888888888887 0.0658359375 0.2645
2 0.40249218750000004 0.25177777777777777 0.0363046875 0.074375
5 0.44429687500000004 0.6199027777777778 0.056851562499999994 0.23751388888888889
7 0.1335859375 0.08308333333333333 0.0389296875 0.1125138888888889
5 0.8104921875000001 0.33941666666666664 0.0468125 0.19966666666666666
1 0.4193515625 0.18659722222222222 0.016960937500000002 0.03231944444444444
6 0.35446093749999996 0.3165 0.0385859375 0.18933333333333333
5 0.41596875000000005 0.4206944444444444 0.045421875 0.1304861111111111
5 0.42471875 0.5879027777777778 0.0435859375 0.2532777777777778
7 0.346453125 0.05205555555555555 0.036265625 0.104125