6 0.28976562499999997 0.2763333333333333 0.064 0.18668055555555554
5 0.659390625 0.5007777777777778 0.07575 0.2175972222222222
5 0.4210546875 0.6326805555555555 0.09246093749999999 0.19568055555555552
5 0.5662812500000001 0.48265277777777776 0.0812890625 0.23072222222222222
0 0.2005234375 0.1414027777777778 0.0528203125 0.16680555555555554
5 0.933 0.3654305555555556 0.0567109375 0.1987638888888889
5 0.4372421875 0.4330555555555556 0.08647656249999999 0.21665277777777778
6 0.45739843750000003 0.759638888888889 0.058234375000000005 0.21400000000000002
2 0.230796875 0.2150416666666667 0.033640625 0.07509722222222222
5 0.369 0.5358611111111111 0.054429687500000004 0.169875
5 0.9840546874999999 0.6763333333333333 0.031890625 0.27719444444444447
5 0.63109375 0.32395833333333335 0.0432421875 0.14115277777777777
1 0.370765625 0.614125 0.01575 0.02873611111111111
3 0.3709296875 0.6283888888888889 0.012015625 0.010083333333333333