5 0.2618671875 0.6585138888888888 0.05982031249999999 0.236875
5 0.755578125 0.5561111111111111 0.055874999999999994 0.22409722222222223
6 0.39747656249999996 0.7223888888888889 0.057859375000000005 0.18659722222222222
5 0.8361875 0.5835694444444445 0.090296875 0.19409722222222223
0 0.27571875 0.18236111111111114 0.0403359375 0.15191666666666667
5 0.42665625 0.36001388888888886 0.0432421875 0.158875
5 0.39735156250000003 0.5905 0.06127343750000001 0.2013611111111111
5 0.45335156249999997 0.2790138888888889 0.0389765625 0.13794444444444443
7 0.076578125 0.10754166666666667 0.0368828125 0.09093055555555556
5 0.2849609375 0.43195833333333333 0.04896875 0.17225
5 0.543078125 0.4664305555555555 0.0552109375 0.21980555555555553
6 0.8635703124999999 0.29825 0.0355703125 0.16186111111111112
2 0.2995234375 0.23951388888888886 0.0251875 0.05556944444444444
1 0.8118281250000001 0.6616944444444445 0.0180078125 0.02766666666666667
5 0.31065624999999997 0.41784722222222226 0.0538203125 0.1905
7 0.250765625 0.06293055555555556 0.0218671875 0.105625