2 0.11333855799373041 0.35227777777777775 0.041379310344827586 0.078
0 0.07951410658307209 0.2703055555555556 0.060689655172413794 0.18608333333333332
5 0.7886990595611285 0.6156388888888888 0.055047021943573665 0.25669444444444445
5 0.853369905956113 0.6288888888888889 0.05313479623824451 0.2521111111111111
5 0.24252351097178682 0.5571944444444444 0.049388714733542324 0.24041666666666667
5 0.5841536050156739 0.7168055555555556 0.05692789968652038 0.2901944444444444
6 0.12678683385579936 0.8658055555555555 0.06802507836990596 0.24002777777777776
6 0.12244514106583072 0.48225 0.046880877742946706 0.22733333333333333
5 0.3253291536050157 0.5149722222222222 0.053699059561128526 0.23152777777777775
5 0.6402978056426332 0.5004444444444445 0.04893416927899687 0.2731944444444444
5 0.7386833855799373 0.4601111111111111 0.07904388714733543 0.2682777777777778
1 0.6143887147335424 0.11469444444444445 0.019827586206896553 0.03372222222222222
7 0.03163009404388715 0.050944444444444445 0.03736677115987461 0.10188888888888889
6 0.8695141065830722 0.45061111111111113 0.04214733542319749 0.22008333333333335