0 0.1958046875 0.2201111111111111 0.052046875000000006 0.16045833333333334
5 0.7867265625 0.4911805555555555 0.06478906250000001 0.21409722222222222
5 0.813828125 0.6604444444444444 0.0390625 0.19752777777777777
5 0.562640625 0.5081944444444444 0.0672421875 0.21429166666666666
7 0.1661796875 0.08083333333333334 0.037671875 0.1560277777777778
2 0.2215234375 0.27855555555555556 0.0368125 0.06544444444444444
6 0.4330859375 0.7772083333333334 0.056351562499999994 0.17391666666666666
5 0.29378125 0.5119444444444444 0.062703125 0.20831944444444445
6 0.268078125 0.35002777777777777 0.0431953125 0.15804166666666666
5 0.336796875 0.5475416666666667 0.0586640625 0.20301388888888888
5 0.4988125 0.7116666666666667 0.060078125 0.23969444444444446
5 0.44399218749999997 0.6358888888888888 0.050960937500000004 0.1825138888888889
5 0.5107890625 0.4552083333333333 0.050398437500000004 0.24056944444444445
5 0.23918750000000003 0.49241666666666667 0.0676328125 0.1829861111111111
1 0.444640625 0.2417222222222222 0.014546875 0.024652777777777777