6 0.6611328125 0.9043194444444445 0.0757421875 0.19136111111111112
6 0.6721484375 0.24119444444444443 0.049148437499999996 0.21077777777777776
5 0.2300703125 0.8657361111111112 0.0781875 0.2685138888888889
5 0.25768749999999996 0.7381944444444445 0.0679609375 0.23875000000000002
5 0.540828125 0.6036666666666667 0.12158593749999999 0.22893055555555558
5 0.6398203125 0.6421944444444444 0.0834609375 0.3029027777777778
5 0.5791953125 0.41754166666666664 0.051671875 0.20852777777777776
5 0.263375 0.4962083333333333 0.056578125 0.2547638888888889
5 0.27535937499999996 0.34952777777777777 0.0499765625 0.1465972222222222
5 0.4132109375 0.36693055555555554 0.0416328125 0.24004166666666668
5 0.45496875000000003 0.33747222222222223 0.050562499999999996 0.199625
5 0.5814843749999999 0.2584444444444445 0.0483828125 0.20206944444444447
2 0.2833984375 0.22891666666666666 0.042484375000000005 0.08130555555555555
0 0.22656250000000006 0.25000000000000006 0.22492811414930558 0.1047212577160494 0.2773200141059028 0.051812065972222245 0.2812940809461806 0.18491391782407415
1 0.5827421875 0.7554722222222223 0.0184609375 0.032875
3 0.581703125 0.7709583333333334 0.0149140625 0.009708333333333334