5 0.5830877742946708 0.6770277777777778 0.07057993730407523 0.2821388888888889
0 0.6209090909090909 0.20883333333333334 0.054216300940438875 0.20936111111111114
5 0.4079937304075235 0.5215555555555556 0.06829153605015674 0.19502777777777777
5 0.027241379310344826 0.4423611111111111 0.04758620689655172 0.24733333333333335
5 0.45526645768025076 0.7286666666666667 0.06371473354231974 0.1961111111111111
5 0.31614420062695925 0.4867777777777778 0.06379310344827586 0.2548888888888889
2 0.5955485893416927 0.2868611111111111 0.040783699059561127 0.08527777777777777
7 0.8210031347962382 0.1550277777777778 0.04253918495297806 0.11861111111111113
5 0.253166144200627 0.5258611111111111 0.0608307210031348 0.2573888888888889
5 0.433526645768025 0.34894444444444445 0.05380877742946708 0.23316666666666666
5 0.5232601880877743 0.4845555555555556 0.0517398119122257 0.2197222222222222
5 0.6224921630094044 0.5725833333333333 0.05647335423197492 0.23697222222222222
6 0.6959090909090909 0.452 0.04520376175548589 0.2566666666666667
7 0.6559404388714734 0.027388888888888886 0.026630094043887144 0.05477777777777777