0 0.6577968750000001 0.19468055555555555 0.0526875 0.17408333333333334
5 0.4041328125 0.672625 0.1065703125 0.2830972222222222
5 0.531453125 0.43213888888888885 0.055796875 0.18762500000000001
5 0.0219140625 0.8858611111111112 0.0438203125 0.2282777777777778
6 0.6556328125 0.3562638888888889 0.0389453125 0.1824027777777778
7 0.9159843750000001 0.10095833333333333 0.048 0.15166666666666667
5 0.5637890624999999 0.64625 0.0475234375 0.26055555555555554
7 0.6871328125 0.05834722222222222 0.0369140625 0.11668055555555557
2 0.632359375 0.2701388888888889 0.0370859375 0.07793055555555556
6 0.538203125 0.8474305555555556 0.0566953125 0.22054166666666666
5 0.423453125 0.5570972222222222 0.0704609375 0.24437499999999998
5 0.50059375 0.5690277777777778 0.057914062499999995 0.2859166666666667
5 0.6340625 0.49059722222222224 0.04653125 0.22108333333333335
1 0.6458671875 0.47881944444444446 0.0161640625 0.030875
5 0.5814296875 0.5550416666666667 0.04921875 0.26663888888888887
5 0.061726562500000005 0.8374305555555556 0.12203125 0.2708055555555555