5 0.53046875 0.5818611111111112 0.0666640625 0.16908333333333334
5 0.2447734375 0.7011666666666666 0.08690624999999999 0.20695833333333333
5 0.35575 0.585388888888889 0.053117187499999996 0.22965277777777776
6 0.43177343749999997 0.7414861111111111 0.061984375 0.20472222222222222
5 0.604765625 0.5631388888888889 0.055578125 0.1870138888888889
5 0.7576796875 0.3571666666666667 0.0637421875 0.13052777777777777
5 0.6088515625 0.40595833333333337 0.0526015625 0.15731944444444443
5 0.6900390625 0.5270694444444445 0.058109375 0.21155555555555555
5 0.4998203125 0.503125 0.062125 0.20887499999999998
5 0.30028125 0.5612222222222222 0.0484921875 0.20941666666666667
7 0.1421171875 0.11605555555555556 0.0323359375 0.08484722222222223
0 0.3494140625 0.19322222222222224 0.0418203125 0.159125
6 0.9597109375 0.3295972222222222 0.05659375 0.1646388888888889
2 0.3715078125 0.25333333333333335 0.0268203125 0.060097222222222225
5 0.357421875 0.42533333333333334 0.0553359375 0.15779166666666666
6 0.332296875 0.32158333333333333 0.032109375 0.1337638888888889
1 0.5133984375 0.5785972222222222 0.017421875 0.029416666666666667