5 0.8057890625 0.7313055555555555 0.047117187500000005 0.20915277777777777
5 0.68165625 0.6089166666666667 0.033234375 0.197
5 0.6352734375 0.48808333333333337 0.04203125 0.19493055555555555
5 0.767140625 0.3525416666666667 0.026468750000000003 0.16340277777777779
5 0.74421875 0.30468055555555557 0.02359375 0.1371388888888889
5 0.41616406250000004 0.34195833333333336 0.049125 0.111
5 0.42871875 0.43225 0.046882812499999996 0.16984722222222223
5 0.35774218750000003 0.7971944444444444 0.05795312500000001 0.18468055555555554
5 0.28030468750000004 0.530625 0.05084375 0.1272222222222222
5 0.19096875 0.5449999999999999 0.0477578125 0.18375000000000002
5 0.23850781250000003 0.5065694444444445 0.0375546875 0.15895833333333334
7 0.9005859375 0.14069444444444443 0.031640625 0.0973611111111111
0 0.8564453125 0.20833333333333343 0.8887252807617188 0.24993896484375008 0.88275146484375 0.34104410807291674 0.8495979309082031 0.28730604383680564
2 0.8510781250000001 0.3207083333333333 0.0345234375 0.06156944444444444
1 0.23214843749999997 0.5625416666666666 0.011015625 0.018694444444444444
3 0.2325 0.5724027777777778 0.0093671875 0.006486111111111111
5 0.8883984375 0.39683333333333337 0.03025 0.15384722222222222