5 0.409859375 0.5610833333333334 0.0664296875 0.22047222222222224
5 0.27178125 0.7159583333333334 0.060703125000000004 0.25254166666666666
6 0.2546640625 0.3318333333333333 0.0591796875 0.1585
5 0.6393046874999999 0.3409027777777778 0.051484375000000006 0.16443055555555555
5 0.9343046875000001 0.5027916666666666 0.0882109375 0.205125
6 0.58346875 0.7896527777777778 0.05525 0.20104166666666667
5 0.431171875 0.7749166666666667 0.055640625 0.2152083333333333
5 0.0791953125 0.6282777777777778 0.06209375 0.22965277777777776
5 0.18367968750000002 0.5204722222222222 0.0746953125 0.2252222222222222
5 0.43822656249999997 0.3700138888888889 0.057023437499999996 0.16619444444444445
5 0.7447734374999999 0.6503055555555556 0.08775 0.23169444444444443
1 0.7238046875 0.5999444444444444 0.018265625 0.028180555555555556