5 0.5625390625 0.6600555555555556 0.082734375 0.22258333333333333
5 0.66696875 0.480375 0.07659375 0.19580555555555554
5 0.2693515625 0.5358611111111111 0.053000000000000005 0.2152083333333333
2 0.1095078125 0.2740416666666667 0.0315859375 0.07083333333333333
5 0.2211953125 0.5285138888888888 0.0562890625 0.2125277777777778
5 0.9129765624999999 0.49822222222222223 0.0814375 0.2212916666666667
5 0.642125 0.7159027777777779 0.06782031250000001 0.24345833333333333
5 0.35550000000000004 0.5734166666666667 0.0643046875 0.2251388888888889
6 0.3403515625 0.3456111111111111 0.037617187499999996 0.1743888888888889
5 0.8730703125 0.6571805555555555 0.0570546875 0.21397222222222223
0 0.0775703125 0.2132638888888889 0.049320312500000005 0.15961111111111112
5 0.498015625 0.5033055555555556 0.0585234375 0.194625
7 0.049109375 0.06488888888888888 0.0332890625 0.11970833333333333
5 0.528390625 0.7782222222222223 0.054890625000000005 0.1887222222222222