6 0.23443573667711598 0.9144722222222221 0.08946708463949843 0.17108333333333334
0 0.2379780564263323 0.3438333333333333 0.06724137931034482 0.18997222222222224
5 0.9175548589341692 0.6161388888888889 0.05849529780564263 0.26108333333333333
5 0.7201567398119122 0.8339722222222222 0.06399686520376176 0.33205555555555555
2 0.2691692789968652 0.4214722222222222 0.03778996865203762 0.08416666666666667
6 0.27061128526645767 0.56875 0.048589341692789965 0.22794444444444445
5 0.4881347962382445 0.6045833333333334 0.05261755485893417 0.24516666666666667
5 0.3786520376175549 0.64575 0.05037617554858934 0.2693055555555556
5 0.9438244514106583 0.5326111111111111 0.03659874608150471 0.24666666666666665
7 0.1981191222570533 0.11263888888888889 0.04963949843260188 0.151
5 0.69282131661442 0.5846666666666667 0.04216300940438871 0.24233333333333332
1 0.3308934169278997 0.2718611111111111 0.01438871473354232 0.026833333333333334