5 0.588671875 0.6094444444444445 0.052914062500000004 0.216625
5 0.1964921875 0.6701944444444444 0.06576562500000001 0.2162361111111111
7 0.1174140625 0.10779166666666666 0.041999999999999996 0.09344444444444444
6 0.415515625 0.7209166666666665 0.056984375 0.19275
5 0.727671875 0.5670555555555555 0.0585234375 0.19801388888888888
5 0.2716953125 0.5121666666666667 0.0418203125 0.1740972222222222
0 0.316984375 0.184 0.037109375 0.1440972222222222
5 0.5175390625 0.5045416666666667 0.0590703125 0.19604166666666667
5 0.662640625 0.6224722222222222 0.0695078125 0.2355972222222222
5 0.3496484375 0.5729583333333333 0.0491640625 0.22118055555555555
6 0.9285390625 0.31136111111111114 0.034203125 0.15638888888888888
5 0.5465312499999999 0.3818194444444445 0.0527421875 0.1337361111111111
2 0.3454765625 0.24018055555555556 0.033296875 0.06497222222222222
5 0.3327890625 0.4511666666666666 0.0438515625 0.17615277777777777
1 0.5646093750000001 0.5864027777777777 0.01828125 0.031152777777777776
7 0.2924140625 0.05491666666666666 0.030148437500000003 0.10984722222222222
5 0.684859375 0.2971388888888889 0.03534375 0.1776111111111111