5 0.7597021943573667 0.53625 0.04501567398119122 0.23927777777777778
6 0.6559247648902822 0.6950833333333333 0.05401253918495298 0.2358611111111111
5 0.2200783699059561 0.49536111111111114 0.05579937304075235 0.19447222222222224
6 0.7829937304075235 0.3344722222222222 0.03741379310344828 0.16536111111111113
5 0.4733228840125392 0.6458055555555556 0.05608150470219436 0.25219444444444444
5 0.5424764890282132 0.5420277777777778 0.06175548589341692 0.20147222222222222
5 0.4757523510971786 0.4423611111111111 0.05954545454545455 0.21700000000000003
5 0.37084639498432603 0.4346111111111111 0.05487460815047022 0.20605555555555558
6 0.016316614420062697 0.39175 0.03264890282131661 0.19430555555555556
5 0.4921316614420063 0.35944444444444446 0.047539184952978056 0.11502777777777777
5 0.7942789968652038 0.5206944444444445 0.04579937304075235 0.21222222222222223
5 0.3808620689655173 0.35383333333333333 0.03319749216300941 0.1421111111111111
2 0.7597962382445141 0.21430555555555558 0.02653605015673981 0.059083333333333335
0 0.7632547362682297 0.07608695652173915 0.8082535436827043 0.10987507548309179 0.8061452228431242 0.23868225392512082 0.7540920590840944 0.19919987922705323
7 0.9301253918495297 0.11833333333333333 0.025705329153605013 0.05305555555555556
5 0.3586677115987461 0.29108333333333336 0.037225705329153605 0.09186111111111112