5 0.6184609375 0.7520000000000001 0.10307812499999999 0.27318055555555554
6 0.4763515625 0.8065555555555556 0.06796875 0.16376388888888888
5 0.8708281250000001 0.7843611111111112 0.10024999999999999 0.3046527777777778
5 0.3799765625 0.4753055555555556 0.0634140625 0.237
7 0.12242968750000001 0.07870833333333334 0.049015625 0.12148611111111111
5 0.459265625 0.6341527777777778 0.06294531249999999 0.22230555555555556
5 0.8515 0.33994444444444444 0.06021875 0.20961111111111108
0 0.3746875 0.1710972222222222 0.05094531249999999 0.17654166666666665
2 0.40075000000000005 0.24383333333333335 0.0403359375 0.07576388888888888
5 0.46539843750000004 0.45934722222222224 0.0538125 0.25627777777777777
5 0.408921875 0.5419861111111112 0.0610234375 0.26026388888888885
1 0.43703906249999996 0.26263888888888887 0.017687500000000002 0.034458333333333334