6 0.4569375 0.7864305555555556 0.0495078125 0.20169444444444445
7 0.1553671875 0.11851388888888889 0.0390859375 0.10023611111111111
5 0.5801953125 0.42820833333333336 0.07315625 0.18115277777777777
0 0.37782031250000003 0.19952777777777778 0.042125 0.15802777777777777
2 0.399515625 0.26825 0.028125 0.06222222222222222
5 0.721078125 0.3276527777777778 0.047765625 0.18970833333333334
5 0.51103125 0.6174722222222222 0.059703125 0.1778611111111111
5 0.4814375 0.5362777777777777 0.052914062500000004 0.21451388888888887
5 0.3986953125 0.6138611111111112 0.055906250000000005 0.26922222222222225
5 0.35250781249999996 0.597375 0.059476562499999996 0.24245833333333333
5 0.504703125 0.7641111111111111 0.0651796875 0.23919444444444443
5 0.48618750000000005 0.43359722222222224 0.059078125 0.10731944444444444
5 0.37271875 0.50625 0.0336484375 0.12333333333333332
1 0.46921093750000004 0.15890277777777778 0.016546875 0.034486111111111106
7 0.34567187499999996 0.049374999999999995 0.0258984375 0.09874999999999999