5 0.3188401253918495 0.6055277777777778 0.09246081504702194 0.20430555555555555
5 0.21233542319749216 0.6531111111111111 0.055564263322884014 0.2197222222222222
5 0.5885266457680252 0.5527777777777778 0.06992163009404388 0.22022222222222224
6 0.6906583072100313 0.7328611111111111 0.050141065830721 0.13641666666666666
5 0.6787460815047023 0.6151666666666666 0.04733542319749216 0.2153888888888889
5 0.5477586206896552 0.46175 0.057115987460815046 0.18708333333333332
5 0.5691849529780564 0.38227777777777777 0.03296238244514107 0.10708333333333332
5 0.7520689655172413 0.36666666666666664 0.043824451410658306 0.16094444444444445
5 0.6582131661442007 0.5764444444444444 0.04587774294670846 0.2076666666666667
5 0.4052978056426332 0.3569166666666667 0.039294670846394986 0.15772222222222224
5 0.37476489028213167 0.4146388888888889 0.05050156739811912 0.18966666666666668
6 0.15974921630094044 0.5125277777777778 0.04689655172413793 0.22069444444444444
6 0.6924137931034483 0.3031111111111111 0.03413793103448276 0.1545
7 0.23412225705329154 0.16111111111111112 0.029373040752351094 0.051694444444444446
7 0.32868338557993726 0.04083333333333333 0.02633228840125392 0.08166666666666667
0 0.33937576666212355 0.26811594202898553 0.3401131465517242 0.15333446557971023 0.38074890111762305 0.12329691274154596 0.3844704068420335 0.24285269474637694
2 0.3838871473354232 0.25422222222222224 0.03311912225705329 0.06641666666666667