5 0.9156328125 0.5861944444444445 0.11351562500000001 0.2905277777777778
5 0.57628125 0.62075 0.0870703125 0.2532638888888889
5 0.9620078124999999 0.7615416666666666 0.075984375 0.30975
5 0.2967578125 0.6183888888888889 0.0663515625 0.2890972222222222
5 0.42736718749999997 0.49705555555555553 0.0801796875 0.22440277777777776
6 0.314890625 0.30691666666666667 0.0445390625 0.1973888888888889
5 0.69940625 0.3713472222222222 0.0702265625 0.22204166666666666
6 0.6069296875 0.8827638888888889 0.0694140625 0.23447222222222222
0 0.25700781250000004 0.18622222222222223 0.0361640625 0.17795833333333333
5 0.2536015625 0.44848611111111114 0.0615 0.26587500000000003
5 0.9728359375 0.45631944444444444 0.054328125000000005 0.25652777777777774
2 0.291265625 0.2534861111111111 0.039468750000000004 0.08519444444444445
5 0.4277265625 0.44397222222222227 0.0518203125 0.237
7 0.0065703125 0.08211111111111111 0.013140625 0.13133333333333333
7 0.2242265625 0.051972222222222225 0.0354375 0.10394444444444445