5 0.5386796875 0.5771944444444445 0.10104687500000001 0.24822222222222223
0 0.66315625 0.2043472222222222 0.0591953125 0.1768472222222222
6 0.17634375 0.9386944444444445 0.061726562500000005 0.12155555555555556
5 0.2503359375 0.7576666666666666 0.0979296875 0.2459027777777778
7 0.9485625000000001 0.09283333333333334 0.047875 0.1302638888888889
2 0.6359375 0.2843611111111111 0.0485234375 0.07868055555555556
7 0.698640625 0.03656944444444444 0.03925 0.07313888888888888
6 0.55115625 0.3459861111111111 0.055343750000000004 0.20844444444444446
5 0.6889062499999999 0.47168055555555555 0.0783671875 0.23922222222222222
1 0.5925078125 0.3022916666666667 0.017296875 0.03398611111111111
5 0.8125546874999999 0.5466805555555556 0.1159921875 0.14195833333333333
5 0.8252890624999999 0.5542361111111112 0.08352343749999999 0.2658888888888889