5 0.8700390625000001 0.6630972222222222 0.07177343750000001 0.20655555555555555
6 0.337078125 0.34349999999999997 0.0642734375 0.17625000000000002
5 0.629234375 0.7018472222222222 0.075125 0.24879166666666666
0 0.10400000000000001 0.2149861111111111 0.04840625 0.17043055555555556
5 0.3520625 0.5607083333333333 0.06525 0.22529166666666667
5 0.6469296875 0.4776944444444444 0.060421875 0.24108333333333334
5 0.887921875 0.4955416666666667 0.0542109375 0.19391666666666668
5 0.50390625 0.49788888888888894 0.0494296875 0.19404166666666667
2 0.1313828125 0.2730416666666667 0.031234374999999998 0.06961111111111111
6 0.5145234375000001 0.7740416666666666 0.062609375 0.1919861111111111
5 0.5457421874999999 0.6542361111111111 0.051328125 0.20675000000000002
5 0.2696484375 0.5325 0.062125 0.20536111111111113
5 0.23314062500000002 0.5197361111111111 0.0511953125 0.20380555555555557
7 0.073671875 0.06931944444444443 0.0319140625 0.13201388888888888
1 0.628421875 0.35506944444444444 0.0167890625 0.028333333333333332