6 0.0822884012539185 0.3994444444444445 0.052899686520376174 0.17941666666666667
5 0.28623824451410657 0.40822222222222226 0.04304075235109718 0.20444444444444443
5 0.33268025078369906 0.42163888888888884 0.07065830721003134 0.19216666666666668
5 0.16667711598746082 0.5270833333333333 0.05589341692789968 0.23397222222222222
5 0.4426959247648903 0.4351388888888889 0.06078369905956113 0.1401388888888889
5 0.7550626959247649 0.5268333333333334 0.051771159874608154 0.20627777777777778
5 0.5235266457680251 0.37022222222222223 0.053652037617554854 0.1527222222222222
5 0.5781974921630094 0.6204444444444445 0.04717868338557994 0.18175000000000002
2 0.7228840125391849 0.2593888888888889 0.026316614420062695 0.05458333333333333
5 0.80641065830721 0.5363888888888889 0.0485423197492163 0.25133333333333335
6 0.7597178683385579 0.3541944444444445 0.03252351097178684 0.16525
5 0.5460815047021943 0.6396944444444445 0.057695924764890286 0.16586111111111113
5 0.4359090909090909 0.3294722222222222 0.03769592476489028 0.12027777777777778
7 0.95423197492163 0.0901388888888889 0.03711598746081505 0.05708333333333333
0 0.7272455746558542 0.11588541666666671 0.7752711002453319 0.14493225392512082 0.7735700686588525 0.27572558121980684 0.7239499923333789 0.24638152928743967