6 0.8728515625 0.21251388888888886 0.035640624999999995 0.22440277777777776
6 0.43061718750000005 0.8090833333333333 0.0695703125 0.29100000000000004
5 0.876640625 0.3696527777777777 0.0987734375 0.2053472222222222
2 0.2575859375 0.15604166666666666 0.0394765625 0.0806111111111111
5 0.2385 0.5528888888888889 0.0655390625 0.28170833333333334
5 0.09015625000000001 0.7192916666666667 0.088296875 0.29044444444444445
5 0.790078125 0.72375 0.074953125 0.20983333333333334
5 0.70640625 0.5656805555555556 0.0725390625 0.2640694444444444
5 0.6986953125 0.35780555555555554 0.069265625 0.20326388888888888
5 0.451796875 0.2627777777777778 0.042484375000000005 0.21381944444444442
5 0.3597578125 0.31209722222222225 0.05111718750000001 0.22295833333333334
5 0.2990703125 0.2981111111111111 0.0755625 0.20423611111111112
5 0.45959374999999997 0.13745833333333332 0.0407109375 0.16997222222222222
0 0.20133124457465285 0.0387430073302469 0.24735853407118058 0 0.2570427788628472 0.11445674189814821 0.2059597439236111 0.17478660300925936
1 0.8197421874999999 0.4290833333333333 0.016671875 0.031222222222222224
3 0.8196640625 0.4437361111111111 0.013859374999999998 0.008291666666666666