5 0.6306896551724138 0.5946666666666667 0.07355799373040753 0.21602777777777776
5 0.40029780564263323 0.5690277777777778 0.05322884012539185 0.20991666666666664
5 0.7189498432601881 0.5494722222222223 0.05721003134796238 0.1907777777777778
6 0.32114420062695925 0.35441666666666666 0.04438871473354232 0.16205555555555556
5 0.7305799373040752 0.4110555555555555 0.04536050156739812 0.14983333333333332
5 0.8146238244514107 0.6065277777777778 0.06031347962382445 0.22669444444444445
5 0.303730407523511 0.6097777777777778 0.05313479623824451 0.12291666666666666
6 0.5360188087774295 0.7133888888888889 0.05666144200626959 0.20927777777777778
5 0.5483228840125391 0.5587777777777778 0.07144200626959248 0.17716666666666667
5 0.5342946708463949 0.4344166666666666 0.052084639498432596 0.1633888888888889
5 0.6286833855799373 0.29819444444444443 0.03343260188087774 0.16883333333333334
5 0.5654702194357366 0.3515833333333333 0.03711598746081505 0.16691666666666669