5 0.53840625 0.5799722222222222 0.1000234375 0.24681944444444445
5 0.2549375 0.7566111111111111 0.0853671875 0.25354166666666667
0 0.666015625 0.2046666666666667 0.06259375 0.17779166666666665
6 0.173234375 0.9360277777777779 0.06165625 0.12515277777777778
6 0.554453125 0.3503194444444444 0.0626328125 0.21275000000000002
7 0.949921875 0.093875 0.0454765625 0.12733333333333335
7 0.7019453125 0.04136111111111111 0.035796875 0.08272222222222222
2 0.63815625 0.28529166666666667 0.05034375 0.0785
1 0.5969609375 0.2982916666666667 0.017781250000000002 0.035986111111111115
5 0.6961484375 0.4776111111111111 0.0741171875 0.23299999999999998
5 0.8197734375 0.552138888888889 0.07421093749999999 0.2633611111111111
5 0.81421875 0.5501805555555556 0.1284375 0.14580555555555555