5 0.7280877742946709 0.5357777777777778 0.05948275862068966 0.24080555555555555
5 0.5523824451410658 0.5656388888888889 0.05766457680250783 0.22125
5 0.4764576802507837 0.661 0.05821316614420063 0.24463888888888888
5 0.23634796238244513 0.5011388888888889 0.050282131661442006 0.19919444444444442
5 0.5021943573667711 0.42819444444444443 0.039247648902821314 0.191
6 0.6410815047021944 0.6968333333333334 0.05410658307210032 0.21780555555555556
5 0.7807523510971787 0.5161111111111112 0.046065830721003134 0.2165277777777778
6 0.7874921630094044 0.342 0.04029780564263323 0.1602777777777778
5 0.3184169278996865 0.40111111111111114 0.042946708463949844 0.1597222222222222
5 0.4609247648902821 0.38766666666666666 0.03981191222570533 0.16544444444444445
6 0.01731974921630094 0.4053611111111111 0.034623824451410656 0.18755555555555553
5 0.42805642633228846 0.3915555555555556 0.04650470219435737 0.21075000000000002
5 0.36442006269592475 0.46005555555555555 0.04446708463949844 0.2195277777777778
7 0.9284639498432602 0.12744444444444444 0.03057993730407524 0.05925
2 0.76358934169279 0.2266388888888889 0.03747648902821317 0.06197222222222222
0 0.7693880332560994 0.08454106280193238 0.8129892795079735 0.13077917421497592 0.8076599129412566 0.2506840655193237 0.7566715576870658 0.2109422176932367 0.7606991958566173 0.09563235960144927