5 0.815846394984326 0.35672222222222216 0.09479623824451411 0.19516666666666668
5 0.727398119122257 0.5038888888888889 0.05520376175548589 0.22036111111111112
6 0.14336990595611285 0.30591666666666667 0.05379310344827586 0.17758333333333334
5 0.18268025078369907 0.44316666666666665 0.07366771159874608 0.1993611111111111
5 0.4913949843260188 0.5507222222222222 0.06713166144200626 0.20619444444444446
5 0.3915987460815047 0.6465000000000001 0.06920062695924764 0.22444444444444445
5 0.7518495297805643 0.23725 0.03741379310344828 0.13899999999999998
1 0.4570532915360502 0.7318611111111112 0.017272727272727273 0.028916666666666667
6 0.5991692789968652 0.6947777777777778 0.043322884012539184 0.14802777777777779
5 0.4512539184952978 0.3550277777777778 0.08700626959247648 0.18125
5 0.4652037617554859 0.24547222222222223 0.0322257053291536 0.08758333333333333