5 0.7545078125 0.6562222222222223 0.11780468749999999 0.2355277777777778
5 0.9319375000000001 0.5374583333333334 0.09818750000000001 0.20279166666666665
6 0.5694140625 0.7865 0.0583984375 0.18594444444444444
5 0.43644531249999996 0.7717638888888888 0.0806953125 0.2175972222222222
5 0.2942109375 0.7113472222222221 0.09038281249999999 0.22844444444444442
5 0.23537499999999997 0.5022361111111111 0.0725546875 0.19073611111111113
5 0.2994765625 0.38881944444444444 0.0594921875 0.1806111111111111
5 0.6076796875 0.35191666666666666 0.0470859375 0.167375
6 0.151640625 0.33887500000000004 0.0490546875 0.1731388888888889
8 0.8293671874999999 0.30809722222222224 0.0416875 0.1513611111111111
1 0.710859375 0.5762222222222222 0.0183046875 0.035319444444444445