6 0.5133281249999999 0.8602777777777777 0.075609375 0.24911111111111112
5 0.5406484375 0.666611111111111 0.0911953125 0.2579722222222222
0 0.658859375 0.192 0.054578125 0.17008333333333334
5 0.3349609375 0.6798055555555556 0.073171875 0.27090277777777777
7 0.9253828125 0.08833333333333333 0.050953125 0.1265
5 0.37003125 0.5571527777777777 0.079671875 0.2172638888888889
5 0.6434140625 0.485625 0.054367187500000004 0.22756944444444444
5 0.5049296875 0.42420833333333335 0.050523437500000004 0.16134722222222223
6 0.6582343749999999 0.34605555555555556 0.040890625 0.15943055555555558
5 0.58465625 0.5700694444444444 0.0582421875 0.27608333333333335
2 0.628015625 0.2668888888888889 0.036421875 0.07763888888888888
7 0.6875859375 0.057555555555555554 0.0367578125 0.11511111111111111
5 0.4965859375 0.5740694444444444 0.0557421875 0.26922222222222225
1 0.66684375 0.49459722222222224 0.0164375 0.029055555555555557