5 0.5789921875 0.5843333333333334 0.0684609375 0.292375
6 0.4696328125 0.8709027777777777 0.0750859375 0.22033333333333333
0 0.6617031250000001 0.18526388888888887 0.057437499999999996 0.19073611111111113
5 0.23381249999999998 0.6687361111111111 0.0768984375 0.24609722222222222
5 0.6600703125 0.48097222222222225 0.046632812499999995 0.24529166666666669
7 0.9333984375 0.08726388888888889 0.052671875 0.15569444444444444
5 0.27 0.5515694444444444 0.0958359375 0.18118055555555554
5 0.4747734375 0.6596111111111111 0.071484375 0.2523472222222222
6 0.657875 0.341375 0.037921875 0.15787500000000002
5 0.4884609375 0.551125 0.059367187499999995 0.22766666666666666
5 0.45064843750000005 0.4389166666666666 0.057328124999999994 0.16001388888888887
1 0.698265625 0.6155277777777778 0.0176015625 0.03361111111111111
2 0.6308906249999999 0.2619722222222222 0.0416171875 0.07444444444444445