5 0.3608515625 0.7093472222222222 0.0719375 0.2109583333333333
5 0.4354296875 0.5697777777777778 0.056796875000000004 0.20195833333333332
5 0.6302265625000001 0.4831944444444444 0.0592890625 0.18125
5 0.9350390624999999 0.524375 0.046984375 0.1954027777777778
5 0.7347187500000001 0.4718194444444444 0.044125 0.18783333333333335
0 0.275765625 0.19241666666666665 0.047421875 0.1401111111111111
6 0.8565703125 0.3058611111111111 0.0365 0.171375
5 0.3667734375 0.367375 0.047265625 0.17329166666666665
5 0.534328125 0.42209722222222223 0.0649765625 0.20544444444444443
7 0.0735078125 0.11330555555555555 0.0408203125 0.09006944444444444
5 0.22571875000000002 0.46761111111111114 0.04359375 0.21077777777777776
5 0.32385156249999997 0.3105 0.038296875 0.15425
2 0.3001875 0.25022222222222223 0.030296875 0.06176388888888889
6 0.4011484375 0.7347777777777778 0.0465625 0.209375
5 0.2661640625 0.4678888888888889 0.053265625000000004 0.2293611111111111
7 0.25078125 0.06468055555555556 0.024375 0.12020833333333333
1 0.631703125 0.46175 0.013539062499999999 0.029458333333333333