6 0.38785156249999997 0.7769722222222222 0.0587890625 0.21993055555555555
2 0.27838281249999997 0.27225 0.0325390625 0.06631944444444444
5 0.836640625 0.6596666666666666 0.05825781249999999 0.185625
5 0.3023203125 0.636875 0.07403125 0.2280972222222222
5 0.2976640625 0.4729583333333333 0.061289062500000005 0.19791666666666666
5 0.6600312500000001 0.5090972222222222 0.0628515625 0.23530555555555555
0 0.251859375 0.20801388888888891 0.0494296875 0.16741666666666669
5 0.4642421875 0.49245833333333333 0.045242187499999996 0.19586111111111112
5 0.37986718750000004 0.6608611111111111 0.0585703125 0.15809722222222222
7 0.2255703125 0.06684722222222222 0.0301015625 0.12925
7 0.014812500000000001 0.13820833333333335 0.029625000000000002 0.13240277777777779
5 0.3670234375 0.43952777777777774 0.0547421875 0.2028888888888889
5 0.3834296875 0.4479027777777778 0.0465703125 0.1994166666666667
5 0.35159375000000004 0.4357083333333333 0.032445312500000004 0.18861111111111112
6 0.20313281249999998 0.38081944444444443 0.0432734375 0.1847361111111111
5 0.408765625 0.5109861111111111 0.0493046875 0.21068055555555557
1 0.4358515625 0.411625 0.015351562499999999 0.028597222222222222