5 0.36028125 0.6986944444444444 0.066828125 0.23531944444444444
5 0.9342109375 0.5597361111111111 0.047546875 0.19261111111111112
5 0.7092578125 0.47576388888888893 0.06021093749999999 0.1721111111111111
5 0.663046875 0.4354027777777778 0.052734375 0.1806111111111111
6 0.40735937499999997 0.7501111111111112 0.0595703125 0.20966666666666667
6 0.8669375 0.31548611111111113 0.039718750000000004 0.15655555555555556
5 0.4045546875 0.55375 0.048820312500000004 0.20731944444444445
0 0.28446875 0.19656944444444444 0.034515625 0.14383333333333334
5 0.3860859375 0.38504166666666667 0.0511953125 0.1562361111111111
5 0.34159375000000003 0.3566944444444444 0.0473203125 0.16976388888888888
2 0.30721875 0.2563472222222222 0.02678125 0.05979166666666666
5 0.5168828125 0.4134305555555556 0.0525390625 0.20323611111111112
7 0.2542109375 0.06806944444444445 0.028703125000000003 0.12045833333333333
7 0.0782109375 0.12647222222222224 0.0381484375 0.09125
5 0.20971875 0.4980833333333333 0.042499999999999996 0.21919444444444444
1 0.6506171875 0.45225 0.01553125 0.026708333333333334
5 0.2637734375 0.5021111111111111 0.0634765625 0.1929861111111111