5 0.4876489028213166 0.44475000000000003 0.056818181818181816 0.2038888888888889
6 0.6078213166144201 0.6990555555555555 0.041159874608150473 0.13444444444444445
5 0.8781034482758621 0.5841944444444445 0.057507836990595605 0.17300000000000001
5 0.48133228840125386 0.6486944444444445 0.04195924764890282 0.16927777777777778
5 0.5429310344827586 0.6319444444444444 0.06509404388714733 0.14422222222222222
5 0.7068808777429467 0.28105555555555556 0.043683385579937305 0.12466666666666668
5 0.5680407523510972 0.4314444444444444 0.05092476489028214 0.15930555555555556
6 0.24191222570532916 0.33225 0.037288401253918496 0.11894444444444445
5 0.9472884012539186 0.6293055555555556 0.050282131661442006 0.1398888888888889
5 0.5677742946708464 0.3219722222222222 0.055423197492163005 0.13094444444444445
2 0.8337304075235109 0.26694444444444443 0.028526645768025077 0.06247222222222222
5 0.2474921630094044 0.4075277777777778 0.04142633228840125 0.16144444444444445
1 0.5179310344827586 0.7133333333333334 0.01761755485893417 0.024833333333333332
0 0.8507216562173459 0.1347113715277778 0.873997926462905 0.18684895833333334 0.8669772890543365 0.28708224826388884 0.8453439295977012 0.24493634259259245 0.8491093586729364 0.13380714699074064 0.8538340027429469 0.13852719907407396
7 0.8925548589341693 0.06552777777777778 0.017554858934169276 0.08402777777777778
6 0.9370689655172414 0.38466666666666666 0.03688087774294671 0.17755555555555555