0 0.2567398119122257 0.15413888888888888 0.05217868338557993 0.16155555555555554
6 0.6343103448275862 0.7240277777777777 0.05399686520376176 0.22627777777777777
5 0.7430721003134796 0.3586666666666667 0.0470846394984326 0.19727777777777777
5 0.4440282131661442 0.3745 0.03879310344827586 0.21238888888888888
5 0.5700156739811912 0.5396666666666666 0.08970219435736676 0.19908333333333333
5 0.2994827586206896 0.3928055555555555 0.04697492163009404 0.17102777777777778
7 0.04311912225705329 0.06655555555555556 0.0564576802507837 0.09905555555555555
5 0.527539184952978 0.30530555555555555 0.04423197492163009 0.17502777777777778
2 0.2816144200626959 0.22719444444444445 0.03921630094043887 0.07319444444444445
5 0.20663009404388716 0.5358611111111111 0.056394984326018804 0.1445833333333333
5 0.19551724137931034 0.6739999999999999 0.0530564263322884 0.24280555555555555
6 0.02059561128526646 0.5643333333333334 0.04043887147335423 0.2435
5 0.5597021943573667 0.4576388888888889 0.06355799373040752 0.1326388888888889
7 0.22170846394984325 0.028027777777777776 0.030344827586206897 0.05608333333333334
5 0.32377742946708465 0.34952777777777777 0.04101880877742947 0.1893888888888889