6 0.4226953125 0.7352638888888888 0.0592265625 0.20443055555555556
5 0.2123984375 0.6773055555555556 0.0709140625 0.20831944444444445
5 0.6309765625 0.5907916666666667 0.0526796875 0.22468055555555558
5 0.712265625 0.5420694444444445 0.06815625 0.2058611111111111
5 0.356375 0.5795 0.0523046875 0.22408333333333333
5 0.5105703125 0.49580555555555555 0.0603515625 0.22623611111111108
5 0.565375 0.5882222222222222 0.05765625 0.19602777777777775
7 0.1278359375 0.11333333333333333 0.037929687499999996 0.09255555555555556
5 0.57709375 0.40555555555555556 0.053007812499999994 0.16008333333333333
5 0.28600781249999996 0.5488611111111111 0.0413828125 0.2142638888888889
0 0.33765625 0.1932361111111111 0.0360625 0.145125
6 0.948265625 0.3172638888888889 0.035703125 0.16811111111111113
2 0.35721875000000003 0.250125 0.024625 0.06195833333333333
7 0.30369531250000004 0.06231944444444444 0.027226562500000002 0.10813888888888888
5 0.7344453125 0.35138888888888886 0.0567109375 0.11763888888888889
5 0.35196875 0.41620833333333335 0.044601562500000004 0.13618055555555555
1 0.5301640625 0.6336527777777778 0.015859375000000002 0.029236111111111112
6 0.3135703125 0.30168055555555556 0.0322265625 0.14023611111111112
5 0.3440625 0.4623888888888889 0.0440703125 0.17190277777777777