5 0.738448275862069 0.5622222222222223 0.05128526645768025 0.2195277777777778
5 0.6662539184952978 0.5688888888888889 0.050360501567398124 0.23894444444444443
5 0.2481974921630094 0.6285833333333333 0.058981191222570534 0.23297222222222225
5 0.5374451410658307 0.7058333333333333 0.054075235109717866 0.1957777777777778
5 0.48134796238244515 0.4478611111111111 0.04036050156739812 0.17580555555555555
6 0.7669749216300941 0.38699999999999996 0.04379310344827586 0.16905555555555554
5 0.5710188087774295 0.5889166666666666 0.04268025078369906 0.15194444444444447
5 0.4027586206896551 0.5013888888888889 0.044373040752351094 0.21377777777777776
6 0.6149686520376176 0.72 0.054216300940438875 0.17647222222222222
5 0.4157523510971787 0.3839444444444444 0.03280564263322884 0.08705555555555555
5 0.3133385579937304 0.3864722222222222 0.03749216300940439 0.2593611111111111
5 0.44637931034482764 0.4279166666666667 0.03724137931034483 0.1881388888888889
2 0.7393573667711598 0.27488888888888885 0.036191222570532915 0.06208333333333334
7 0.9074137931034482 0.1731111111111111 0.02797805642633229 0.04913888888888889
0 0.7434918904184273 0.13043478260869565 0.7888420846394985 0.172092013888889 0.7845775265776204 0.29657306763285035 0.732889059731498 0.2508539024758455