6 0.8946111111111111 0.39205 0.039225694444444445 0.16465555555555556
6 0.4076180555555556 0.7519944444444444 0.05481944444444444 0.2206611111111111
6 0.29134722222222226 0.33403333333333335 0.03581597222222222 0.17084999999999997
5 0.5460590277777778 0.4072444444444444 0.04851041666666667 0.16448333333333334
5 0.5899375 0.33395 0.049666666666666665 0.15401111111111113
5 0.7436180555555555 0.5504055555555556 0.05964236111111111 0.17858888888888888
5 0.8772152777777779 0.5563388888888888 0.06188194444444444 0.20409444444444444
5 0.21742361111111108 0.7225444444444444 0.07894444444444446 0.23824444444444443
5 0.37287152777777777 0.6001722222222222 0.05246875 0.2197888888888889
5 0.08855555555555555 0.5600666666666667 0.06594097222222223 0.2368
5 0.16379166666666667 0.5398222222222222 0.07315625 0.22590555555555555
5 0.3466527777777778 0.39245555555555556 0.04453819444444445 0.1765722222222222
5 0.39074305555555555 0.31866666666666665 0.045371527777777775 0.1456722222222222
7 0.028479166666666667 0.14620000000000002 0.048274305555555556 0.10907222222222222
7 0.2293159722222222 0.10445 0.04023263888888889 0.10612222222222223
2 0.2788263888888889 0.27091666666666664 0.03161111111111111 0.058494444444444446
0 0.22916666666666666 0.17361111111111116 0.23235744900173616 0.2913682725694444 0.28184678819444453 0.24592556423611114 0.2779642740885417 0.1473687065972223
1 0.8535034722222222 0.6448611111111111 0.019503472222222224 0.029722222222222223
3 0.8542083333333333 0.6568333333333333 0.015357638888888888 0.013672222222222223