6 0.8081944444444444 0.42009444444444444 0.04000347222222222 0.15963333333333332
6 0.3634513888888889 0.7648222222222223 0.05155555555555555 0.14075555555555555
6 0.2563680555555556 0.4204888888888889 0.043986111111111115 0.16320555555555555
7 0.04027083333333333 0.2182888888888889 0.04929166666666667 0.11157222222222223
7 0.2410138888888889 0.16261666666666666 0.042791666666666665 0.15301666666666666
2 0.28564930555555557 0.34321666666666667 0.03483680555555556 0.06143333333333333
0 0.24236721462673616 0.2517740885416667 0.2799852159288194 0.22355685763888888 0.2835252549913194 0.3249782986111111 0.24413045247395834 0.35554470486111117
5 0.7465277777777778 0.5301666666666667 0.08506597222222223 0.1797777777777778
5 0.5804027777777777 0.5401611111111111 0.07356944444444444 0.18309444444444445
5 0.5212743055555555 0.6134 0.05991319444444445 0.21846666666666667
5 0.4761597222222222 0.6252555555555556 0.05648611111111111 0.15884444444444445
5 0.3575277777777778 0.5864333333333333 0.05230208333333333 0.1978611111111111
5 0.39378124999999997 0.684911111111111 0.08570138888888888 0.12815555555555555
5 0.5510486111111111 0.39091666666666663 0.05348611111111111 0.15683333333333335
5 0.5222256944444444 0.44678333333333337 0.040614583333333336 0.15468333333333334
5 0.4170555555555555 0.4000111111111111 0.04591666666666667 0.15280555555555556
5 0.39829513888888884 0.45706111111111114 0.04194791666666667 0.17523333333333335
1 0.7437465277777777 0.5948722222222222 0.01590625 0.026616666666666663