6 0.23447222222222222 0.24031111111111111 0.06924652777777777 0.1889611111111111
6 0.33150694444444445 0.5089277777777778 0.06579166666666666 0.20674444444444443
5 0.21280555555555555 0.5390055555555556 0.09175 0.19698888888888888
5 0.5296180555555555 0.3945444444444444 0.06618402777777778 0.20852777777777778
5 0.4208055555555556 0.4799333333333333 0.08697916666666666 0.15986111111111112
5 0.4148055555555556 0.3704555555555556 0.07093055555555555 0.2063111111111111
5 0.7863229166666668 0.593111111111111 0.060496527777777774 0.2251111111111111
5 0.8556493055555555 0.6465000000000001 0.0533125 0.21244444444444444
5 0.9684131944444445 0.48763333333333336 0.058354166666666665 0.23082777777777777
5 0.8409444444444445 0.43651666666666666 0.07251388888888889 0.19525555555555554
5 0.6561979166666666 0.2665444444444444 0.05739583333333334 0.17197777777777778
5 0.6603263888888888 0.3321888888888889 0.08627777777777777 0.17451111111111112
1 0.2608888888888889 0.5978611111111112 0.017222222222222222 0.026277777777777775
3 0.26162847222222224 0.6118111111111111 0.013927083333333333 0.013205555555555555