7 0.0433125 0.1307111111111111 0.05710763888888889 0.11697777777777778
7 0.24507986111111113 0.08185 0.042243055555555555 0.09703888888888888
5 0.10249305555555556 0.5658777777777778 0.062378472222222224 0.2400888888888889
5 0.18227083333333335 0.5381333333333334 0.08329166666666667 0.2207111111111111
5 0.24674652777777778 0.7198444444444445 0.09244791666666667 0.23530555555555557
5 0.37691319444444443 0.6162277777777778 0.06980208333333333 0.2231
6 0.4298263888888889 0.7566999999999999 0.05756597222222222 0.22450555555555557
6 0.307875 0.32946666666666663 0.04804513888888889 0.1602222222222222
2 0.3026840277777778 0.2635388888888889 0.04113541666666667 0.05485
0 0.2482638888888889 0.16388888888888895 0.24959648980034727 0.2831597222222223 0.30675591362847227 0.23590494791666672 0.3039211697048611 0.13333875868055556
6 0.9077291666666667 0.39665 0.048100694444444446 0.1738611111111111
5 0.3721041666666667 0.39138333333333336 0.04919444444444444 0.1661
5 0.44217708333333333 0.3214833333333333 0.051020833333333335 0.14018333333333333
5 0.5900069444444445 0.4164277777777778 0.05088541666666667 0.16618333333333332
5 0.67259375 0.3322555555555555 0.03789236111111111 0.17006666666666667
5 0.74990625 0.5797777777777777 0.10050347222222222 0.1845611111111111
5 0.6787361111111111 0.5363388888888889 0.11268055555555555 0.15788333333333332
1 0.6964375 0.6701333333333334 0.01926736111111111 0.03026111111111111
3 0.6974895833333333 0.6824166666666667 0.017374999999999998 0.01622777777777778