5 0.7643333333333334 0.5936 0.05297569444444444 0.23441666666666666
5 0.16475694444444444 0.5819666666666666 0.07673958333333333 0.22226666666666667
5 0.3460798611111111 0.4899777777777778 0.0741076388888889 0.17718333333333333
5 0.6162361111111111 0.55425 0.08663888888888889 0.17761666666666664
5 0.6931284722222222 0.5235055555555556 0.05819097222222222 0.20854444444444445
5 0.5669583333333333 0.45586666666666664 0.059263888888888894 0.17561666666666667
5 0.5214930555555556 0.38956666666666667 0.055142361111111114 0.1208
7 0.12760416666666666 0.1953888888888889 0.050347222222222224 0.11578333333333334
7 0.2891840277777778 0.12739444444444445 0.04190972222222222 0.12978333333333333
2 0.3394583333333333 0.29959444444444444 0.034819444444444445 0.060300000000000006
0 0.2881944444444444 0.20555555555555563 0.33922322591145837 0.18611111111111117 0.3421427408854167 0.28879665798611126 0.2907206217447917 0.3107421875
5 0.7946562500000001 0.3925722222222222 0.0424375 0.17958888888888888
5 0.4879027777777778 0.4312833333333333 0.05045486111111111 0.11812777777777778
1 0.46955902777777775 0.4951055555555556 0.013090277777777779 0.0221
3 0.4709826388888889 0.5037444444444444 0.014881944444444444 0.009183333333333333
6 0.43366319444444446 0.6482 0.049618055555555554 0.15473333333333333
6 0.38247569444444446 0.36976111111111115 0.039260416666666666 0.12563333333333332
6 0.9416354166666666 0.39000555555555555 0.04994097222222223 0.1633388888888889
5 0.8345833333333333 0.3776611111111111 0.03895833333333333 0.16087777777777776