6 0.290625 0.7208222222222223 0.06909375000000001 0.1916388888888889
5 0.2314965277777778 0.4514888888888889 0.048065972222222225 0.22519444444444445
5 0.37002083333333335 0.5490777777777778 0.09594791666666666 0.27871666666666667
5 0.4614166666666667 0.4732722222222222 0.06345833333333332 0.18821666666666667
5 0.8319826388888889 0.6587722222222222 0.06674305555555556 0.2675444444444444
5 0.8390277777777778 0.5707833333333334 0.06868055555555556 0.2637888888888889
5 0.831392361111111 0.3542444444444444 0.048204861111111115 0.20848333333333333
5 0.676 0.3223111111111111 0.04818055555555555 0.20850555555555556
5 0.7193333333333333 0.37689999999999996 0.05672222222222223 0.25380555555555556
5 0.8100451388888888 0.3412111111111111 0.059326388888888894 0.21201666666666666
1 0.26384375 0.5250277777777778 0.01597222222222222 0.028533333333333334
3 0.26503819444444443 0.5384555555555556 0.014451388888888889 0.010933333333333333