7 0.03514236111111111 0.13980555555555557 0.04771527777777777 0.12127777777777779
7 0.23638888888888887 0.07671666666666667 0.04048611111111111 0.09787222222222222
2 0.29089930555555554 0.2673333333333333 0.03145138888888889 0.06244444444444445
6 0.3006979166666667 0.33159444444444447 0.045836805555555554 0.17014444444444443
5 0.09500694444444445 0.5613666666666667 0.06693055555555555 0.23662222222222223
5 0.17017361111111112 0.5453277777777777 0.07645833333333332 0.21767777777777778
5 0.23309027777777777 0.7211388888888889 0.08944444444444445 0.23827777777777776
6 0.4185763888888889 0.7577055555555555 0.05416666666666667 0.24040555555555557
5 0.37049305555555556 0.6134333333333334 0.06737499999999999 0.21757777777777776
5 0.36196875 0.39224444444444445 0.05096875 0.17059444444444444
5 0.4222638888888888 0.32055555555555554 0.042444444444444444 0.155
5 0.5693819444444445 0.41494444444444445 0.04873263888888889 0.1576722222222222
5 0.6406006944444445 0.33505 0.053767361111111106 0.16731666666666667
6 0.9007673611111111 0.3957555555555556 0.03764583333333334 0.18040555555555557
0 0.23958333333333334 0.17222222222222228 0.29107666015625006 0.14180772569444444 0.29153781467013895 0.2471028645833334 0.24344889322916666 0.28601345486111124
5 0.70403125 0.5575444444444445 0.06242708333333333 0.19565000000000002
5 0.8044444444444445 0.5610722222222222 0.08284722222222222 0.19714444444444446
1 0.7987916666666667 0.6335444444444445 0.017763888888888888 0.02966111111111111
3 0.7990555555555556 0.6446166666666666 0.01513888888888889 0.016716666666666668