7 0.9367708333333333 0.11772777777777778 0.031524305555555555 0.09101666666666668
5 0.7023854166666667 0.6478444444444443 0.04713194444444445 0.18458333333333332
6 0.05869791666666667 0.36562222222222224 0.042743055555555555 0.16735
6 0.7309166666666667 0.3162722222222222 0.026069444444444444 0.13253888888888887
5 0.26613888888888887 0.5856111111111111 0.08783333333333333 0.18511111111111112
5 0.341 0.5696111111111111 0.06220833333333333 0.15311111111111111
5 0.29987152777777776 0.35138888888888886 0.05113541666666667 0.125
5 0.36046180555555557 0.38680000000000003 0.05426041666666667 0.1597111111111111
5 0.4982847222222222 0.3379333333333333 0.05039236111111111 0.1730888888888889
5 0.39556597222222223 0.2870111111111111 0.03592708333333333 0.1406888888888889
5 0.6097777777777778 0.5550055555555555 0.07024999999999999 0.2044611111111111
5 0.6669618055555555 0.5521111111111111 0.05267708333333333 0.19033333333333335
5 0.6177048611111111 0.42009444444444444 0.04270486111111111 0.13740555555555556
5 0.6498437499999999 0.41080000000000005 0.03927083333333333 0.11604999999999999
2 0.714107638888889 0.23439444444444446 0.035854166666666666 0.060455555555555554
0 0.7144097222222222 0.12361111111111117 0.7602166069878472 0.15219184027777785 0.7588060167100696 0.24857855902777784 0.7142401801215279 0.21406250000000007
1 0.26872569444444444 0.6512833333333333 0.016614583333333335 0.028833333333333332
3 0.26888541666666665 0.6654111111111111 0.010940972222222223 0.009105555555555556