6 0.8252673611111111 0.5164611111111111 0.06372916666666667 0.24959444444444442
7 0.2993125 0.3217111111111111 0.03091666666666667 0.06842222222222222
0 0.2664930555555556 0.3444444444444445 0.265533447265625 0.404052734375 0.3283589680989583 0.4015028211805556 0.3287726508246528 0.34641927083333335
2 0.2964618055555555 0.3993555555555556 0.023482638888888886 0.03760555555555555
5 0.4043819444444444 0.5631944444444444 0.11605555555555556 0.34860555555555556
5 0.6201458333333333 0.5459166666666666 0.09445486111111111 0.2473888888888889
5 0.5362673611111112 0.5420833333333334 0.10899305555555555 0.3036111111111111
5 0.17851041666666667 0.6590777777777778 0.07914236111111111 0.3098277777777778
5 0.19586458333333334 0.47597222222222224 0.05492361111111111 0.15194444444444444
1 0.48335416666666664 0.6622444444444444 0.025732638888888888 0.04948888888888889
3 0.4837638888888889 0.6779388888888889 0.01961111111111111 0.016994444444444444