6 0.8964722222222222 0.3955166666666666 0.04120486111111111 0.16881666666666667
6 0.2821666666666667 0.33477222222222225 0.04176388888888889 0.15288333333333334
6 0.40172569444444445 0.7515111111111111 0.053454861111111106 0.23436111111111113
5 0.7444340277777777 0.5426555555555556 0.06147916666666667 0.1880888888888889
5 0.21688194444444445 0.71735 0.0645 0.23747777777777776
5 0.3404270833333333 0.39223888888888886 0.043104166666666666 0.17058333333333334
5 0.38606944444444447 0.3206277777777778 0.040725694444444446 0.14233888888888888
5 0.08394097222222222 0.5595388888888889 0.05607291666666667 0.24408333333333335
5 0.15879513888888888 0.5325888888888889 0.07974305555555555 0.19849444444444445
5 0.9088541666666666 0.5427777777777778 0.06771180555555555 0.21333333333333335
5 0.5654548611111111 0.41615 0.04270486111111111 0.14896666666666666
5 0.5494548611111111 0.3350222222222222 0.052034722222222225 0.14975
5 0.3661701388888889 0.6060444444444445 0.062197916666666665 0.21846666666666667
7 0.028538194444444442 0.15820555555555554 0.050131944444444444 0.11085
7 0.22515972222222225 0.09736666666666666 0.030177083333333334 0.09196111111111112
2 0.27467708333333335 0.2757277777777778 0.033729166666666664 0.05701666666666667
1 0.906607638888889 0.6201833333333333 0.017930555555555557 0.029261111111111113
0 0.2265625 0.1833333333333334 0.2756212022569444 0.15673828125000006 0.2778727213541667 0.2558973524305556 0.2316012912326389 0.28924153645833345
3 0.9081909722222222 0.6319666666666667 0.013604166666666667 0.010599999999999998