6 0.3414201388888889 0.7203666666666667 0.05436805555555556 0.18795555555555554
6 0.9861111111111112 0.39584444444444444 0.027777777777777776 0.17502222222222225
6 0.2025902777777778 0.37814444444444445 0.04232986111111111 0.17017777777777776
7 0.18148263888888888 0.10606666666666666 0.0383125 0.1371388888888889
5 0.05961458333333333 0.6664222222222221 0.0758298611111111 0.21895
5 0.22225347222222222 0.59165 0.04173263888888889 0.22496666666666668
5 0.3821076388888889 0.32 0.028104166666666666 0.13166666666666665
5 0.3608993055555556 0.4226777777777778 0.046454861111111106 0.1870222222222222
5 0.6726770833333333 0.5420277777777778 0.04153472222222222 0.21183333333333335
5 0.7581076388888889 0.40312777777777775 0.040524305555555556 0.18680555555555556
5 0.5600347222222223 0.44285555555555556 0.034999999999999996 0.1718222222222222
5 0.5326354166666667 0.5405166666666666 0.03749305555555556 0.16992222222222222
5 0.5122812499999999 0.6854777777777777 0.0870625 0.17373333333333335
5 0.58125 0.7009055555555557 0.05660069444444444 0.19069444444444444
0 0.18836805555555555 0.20138888888888895 0.2254130045572917 0.16985677083333336 0.22771199544270837 0.27221679687500006 0.1887851291232639 0.2980360243055556
2 0.22951388888888888 0.2857222222222222 0.03020486111111111 0.05477777777777777
1 0.5931458333333334 0.7696055555555555 0.019621527777777776 0.03643333333333333
3 0.5942708333333333 0.783511111111111 0.012260416666666668 0.010611111111111111