2 0.894795138888889 0.19549444444444444 0.04132291666666667 0.06598888888888889
5 0.8543368055555555 0.44962222222222226 0.08020486111111111 0.20201666666666668
5 0.8809791666666666 0.6129111111111111 0.05362152777777778 0.15637222222222225
5 0.7833506944444445 0.5947777777777777 0.08059375 0.21177222222222222
5 0.7249097222222222 0.42006666666666664 0.07655902777777777 0.1706888888888889
6 0.20719097222222224 0.24514444444444444 0.06195138888888888 0.16526111111111114
6 0.12337152777777778 0.5277333333333333 0.0505625 0.17213333333333333
5 0.4085138888888889 0.5085333333333334 0.09827777777777778 0.16984444444444446
5 0.24835416666666665 0.5418111111111111 0.10225000000000001 0.19180555555555556
5 0.2976354166666667 0.3389111111111111 0.051868055555555556 0.19449444444444444
5 0.47319097222222223 0.39835 0.05922916666666667 0.20225
5 0.5765 0.30752777777777773 0.08355555555555555 0.17382777777777778
5 0.5847534722222222 0.2546277777777778 0.04267013888888889 0.18425
0 0.9071180555555556 0.06388888888888895 0.9491441514756946 0.10370008680555565 0.9454515245225696 0.21361762152777777 0.8970065646701391 0.16756727430555565
1 0.3204166666666666 0.6254333333333333 0.015833333333333335 0.02678888888888889
3 0.3205381944444444 0.6378666666666667 0.013378472222222222 0.010911111111111111