6 0.13822222222222222 0.5359166666666667 0.03685763888888889 0.1718388888888889
7 0.15137499999999998 0.19298333333333334 0.04059722222222222 0.09430000000000001
7 0.31644791666666666 0.14573333333333333 0.03567013888888889 0.12757777777777776
2 0.3606354166666667 0.30314444444444444 0.030298611111111113 0.05073333333333333
0 0.3217332628038194 0.22106119791666667 0.3603752983940973 0.19557291666666674 0.3621826171875 0.2841905381944445 0.3237474229600694 0.31454535590277777
5 0.21890625000000002 0.6023333333333334 0.04545486111111111 0.15189444444444447
5 0.30394444444444446 0.57585 0.05059375 0.17392222222222223
5 0.48243402777777783 0.33721666666666666 0.04473263888888889 0.14109444444444444
5 0.43628819444444444 0.5265166666666666 0.05624305555555555 0.16136666666666666
5 0.42295138888888884 0.44461111111111107 0.04645833333333334 0.1558888888888889
5 0.6123090277777778 0.5780666666666666 0.05621180555555555 0.1616888888888889
5 0.6165833333333334 0.5000944444444444 0.09254166666666666 0.1807388888888889
5 0.71765625 0.5480055555555555 0.046420138888888886 0.1821222222222222
5 0.830986111111111 0.5176222222222222 0.05259722222222222 0.18525
6 0.6705868055555555 0.7006777777777778 0.06687152777777777 0.18197777777777777
6 0.6883055555555555 0.3528111111111111 0.041541666666666664 0.14173333333333332
1 0.5747708333333333 0.6251111111111112 0.013583333333333333 0.02042777777777778
3 0.5752847222222222 0.6354388888888889 0.011996527777777776 0.009261111111111112