7 0.011065972222222222 0.2624166666666667 0.022131944444444444 0.08594444444444443
7 0.16705902777777779 0.21145555555555556 0.03203472222222222 0.10902222222222223
2 0.2121111111111111 0.35307777777777777 0.024916666666666667 0.04226111111111111
0 0.17266506618923616 0.2827745225694445 0.20382690429687503 0.2572048611111112 0.2070855034722222 0.3434353298611112 0.17391628689236116 0.3693467881944445
6 0.7413229166666667 0.40374444444444446 0.06251041666666667 0.11305000000000001
5 0.3425069444444444 0.631311111111111 0.06325347222222222 0.1568222222222222
5 0.35537847222222224 0.6076611111111111 0.047559027777777776 0.1597722222222222
5 0.29896875 0.43245 0.03196527777777778 0.10453888888888888
5 0.6341215277777777 0.41450555555555557 0.03386805555555556 0.1317888888888889
5 0.5726909722222222 0.42148888888888886 0.03517708333333333 0.1346388888888889
6 0.15740277777777778 0.4302666666666667 0.03355208333333333 0.12997777777777778
5 0.6041180555555555 0.5147055555555555 0.045045138888888885 0.05441666666666667
5 0.6118854166666666 0.5704722222222222 0.07967361111111111 0.13538333333333333
1 0.5675659722222222 0.61295 0.012381944444444444 0.021400000000000002
3 0.5684722222222223 0.6233055555555556 0.009690972222222222 0.007877777777777777