7 0.7855902777777778 0.10555555555555562 0.8092719184027779 0.11321614583333343 0.8041381835937501 0.23815646701388893 0.7777303059895834 0.219873046875
7 0.9848090277777778 0.2240722222222222 0.030381944444444444 0.10370555555555555
0 0.7439236111111112 0.22777777777777783 0.7898661295572916 0.26392686631944456 0.7874111599392362 0.3701931423611111 0.7394510904947916 0.32133246527777776
2 0.7403958333333334 0.3481166666666667 0.03635069444444444 0.057338888888888884
5 0.9085243055555556 0.6816888888888889 0.049687499999999996 0.10503888888888889
5 0.7528402777777777 0.6549111111111111 0.09501041666666667 0.22371666666666667
5 0.6110763888888889 0.5629000000000001 0.06416319444444445 0.19525
5 0.42623263888888885 0.43929444444444443 0.053781249999999996 0.14641111111111113
5 0.3965347222222222 0.6953444444444444 0.07325347222222223 0.23235
6 0.5415486111111112 0.8362611111111111 0.05185069444444445 0.2225277777777778
6 0.20070833333333332 0.3993055555555556 0.029138888888888888 0.14305
5 0.24112152777777776 0.5758277777777778 0.08120486111111111 0.20165555555555556
5 0.14781249999999999 0.5764888888888889 0.06027777777777778 0.19146666666666665
5 0.1787673611111111 0.4319611111111111 0.04156597222222222 0.1583
5 0.5117291666666667 0.4249888888888889 0.06334375 0.15552777777777776
5 0.5354097222222223 0.3685555555555555 0.04897222222222222 0.06489444444444445
1 0.5654340277777778 0.4366833333333333 0.011947916666666666 0.01885
3 0.5656736111111111 0.44693333333333335 0.01090625 0.00915