6 0.019555555555555555 0.34736666666666666 0.039114583333333335 0.19473888888888888
6 0.7135416666666666 0.3662611111111111 0.034722222222222224 0.18530000000000002
6 0.6603020833333334 0.6748555555555555 0.04109027777777778 0.09971111111111111
7 0.8672291666666666 0.11671666666666666 0.04348611111111111 0.11676666666666667
2 0.6172708333333333 0.25161666666666666 0.038364583333333334 0.06989444444444444
0 0.625 0.2208333333333334 0.6268378363715278 0.11499565972222232 0.6676500108506944 0.15466579861111118 0.6688164605034722 0.2687445746527778
5 0.7845937500000001 0.5777833333333333 0.05703819444444445 0.23334999999999997
5 0.7252673611111111 0.5519222222222222 0.07553819444444444 0.22050555555555557
5 0.2230277777777778 0.5949500000000001 0.10255208333333334 0.19065000000000001
5 0.29542361111111115 0.5719722222222222 0.08797569444444445 0.19494444444444442
5 0.47289583333333335 0.40833888888888886 0.08294444444444445 0.19167777777777778
5 0.5678124999999999 0.4613111111111111 0.06444444444444444 0.18095
5 0.5536909722222223 0.3739 0.07613194444444445 0.13391111111111112
5 0.4891770833333333 0.28152777777777777 0.04780208333333333 0.12695
5 0.6542604166666667 0.37677222222222223 0.0533125 0.18410555555555555
5 0.5942951388888889 0.36356666666666665 0.037545138888888885 0.17435555555555554
1 0.2335486111111111 0.6541444444444444 0.017788194444444443 0.029961111111111112
3 0.23521874999999998 0.6672166666666667 0.01939236111111111 0.014427777777777777