2 0.8249618055555555 0.1978888888888889 0.038815972222222224 0.07355555555555555
6 0.6815694444444444 0.6915555555555555 0.05931597222222223 0.2497777777777778
6 0.17130555555555557 0.3086611111111111 0.04226736111111111 0.18121111111111113
6 0.8653750000000001 0.32245555555555555 0.04923611111111111 0.18935555555555555
5 0.8536006944444444 0.6073777777777778 0.09609027777777777 0.24530555555555555
5 0.68925 0.5168388888888888 0.07294444444444445 0.22812222222222223
5 0.5360625 0.36156111111111106 0.06170486111111111 0.19812222222222223
5 0.43483680555555554 0.30197777777777773 0.04155208333333334 0.19562777777777776
5 0.20652777777777775 0.3846722222222222 0.059166666666666666 0.21121111111111113
5 0.32653125 0.41515555555555556 0.05930902777777778 0.18863888888888888
5 0.24493055555555554 0.6030611111111112 0.11833333333333333 0.24109444444444447
5 0.7363923611111111 0.32177777777777783 0.03354861111111111 0.1852222222222222
5 0.7249270833333333 0.3494388888888889 0.045340277777777785 0.17110555555555557
0 0.8229166666666666 0.0583333333333334 0.8905198838975694 0.08097330729166671 0.8870442708333334 0.19920247395833343 0.8188239203559029 0.16650390625
1 0.31505555555555553 0.6805333333333333 0.020260416666666666 0.033800000000000004
3 0.31551388888888887 0.6947555555555556 0.016131944444444445 0.011733333333333333
5 0.3168020833333333 0.5314833333333333 0.07689236111111111 0.23518888888888886