0 0.5390625 0.4166666666666667 0.06875 0.16666666666666666
1 0.25859375 0.6680555555555555 0.0921875 0.26944444444444443
1 0.446875 0.5388888888888889 0.084375 0.2722222222222222
1 0.5265625 0.7027777777777777 0.0015625 0.002777777777777778
1 0.5265625 0.5958333333333333 0.1 0.23055555555555557
1 0.68046875 0.43333333333333335 0.078125 0.19166666666666668
1 0.86015625 0.45416666666666666 0.0703125 0.21388888888888888
1 0.6109375 0.3013888888888889 0.071875 0.20277777777777778
1 0.49765625 0.4152777777777778 0.0578125 0.2222222222222222
1 0.47890625 0.43194444444444446 0.053125 0.19722222222222222
1 0.5078125 0.4638888888888889 0.0515625 0.19444444444444445