0 0.52578125 0.4013888888888889 0.0640625 0.1638888888888889
1 0.29140625 0.7736111111111111 0.0859375 0.26666666666666666
1 0.45390625 0.5611111111111111 0.078125 0.26666666666666666
1 0.5546875 0.6833333333333333 0.0015625 0.002777777777777778
1 0.5390625 0.5805555555555556 0.09375 0.225
1 0.66484375 0.35138888888888886 0.0734375 0.18611111111111112
1 0.84140625 0.2902777777777778 0.0640625 0.2111111111111111
1 0.578125 0.25833333333333336 0.0671875 0.2
1 0.48515625 0.41944444444444445 0.0515625 0.21944444444444444
1 0.4703125 0.4444444444444444 0.0484375 0.19722222222222222
1 0.50234375 0.4625 0.046875 0.19166666666666668