0 0.5296875 0.40555555555555556 0.0578125 0.15833333333333333
1 0.28125 0.7472222222222222 0.0765625 0.25833333333333336
1 0.4515625 0.5555555555555556 0.06875 0.2611111111111111
1 0.54765625 0.6902777777777778 0.0015625 0.002777777777777778
1 0.5359375 0.5847222222222223 0.0859375 0.21666666666666667
1 0.6703125 0.37222222222222223 0.0671875 0.18055555555555555
1 0.8484375 0.33194444444444443 0.05625 0.20555555555555555
1 0.5875 0.26805555555555555 0.059375 0.19444444444444445
1 0.48828125 0.4166666666666667 0.04375 0.21388888888888888
1 0.471875 0.44027777777777777 0.040625 0.19166666666666668
1 0.50390625 0.4625 0.0390625 0.18888888888888888